Date,value,anomalies
2021-07-01 00:00:00,1.1341843544254903e-16,False
2021-07-01 00:10:00,,False
2021-07-01 00:20:00,9.146069082821111e-17,False
2021-07-01 00:30:00,1.2749232685269937e-16,False
2021-07-01 00:40:00,1.2022569582108422e-16,False
2021-07-01 00:50:00,1.1583865011418216e-16,False
2021-07-01 01:00:00,1.4529827660877513e-16,False
2021-07-01 01:10:00,1.2437867782693603e-16,False
2021-07-01 01:20:00,1.1364252533456081e-16,False
2021-07-01 01:30:00,1.2280649097568847e-16,False
2021-07-01 01:40:00,1.338854039535783e-16,False
2021-07-01 01:50:00,1.147099759017463e-16,False
2021-07-01 02:00:00,1.1148238004370894e-16,False
2021-07-01 02:10:00,1.13707960646976e-16,False
2021-07-01 02:20:00,1.1659992939876268e-16,False
2021-07-01 02:30:00,1.1803662485836195e-16,False
2021-07-01 02:40:00,1.2586673510481746e-16,False
2021-07-01 02:50:00,1.1766294374417903e-16,False
2021-07-01 03:00:00,1.0681595996156505e-16,False
2021-07-01 03:10:00,1.2143871841794586e-16,False
2021-07-01 03:20:00,1.0819772313391022e-16,False
2021-07-01 03:30:00,1.2561807049811297e-16,False
2021-07-01 03:40:00,1.0934619189273707e-16,False
2021-07-01 03:50:00,1.0252054061366629e-16,False
2021-07-01 04:00:00,1.1005689025368152e-16,False
2021-07-01 04:10:00,1.0103883899866145e-16,False
2021-07-01 04:20:00,1.1843658553297379e-16,False
2021-07-01 04:30:00,1.0811853874089095e-16,False
2021-07-01 04:40:00,1.2616323569022893e-16,False
2021-07-01 04:50:00,1.1590639903103421e-16,False
2021-07-01 05:00:00,1.5092655099158095e-16,False
2021-07-01 05:10:00,1.1048853906976251e-16,False
2021-07-01 05:20:00,1.2120254896007596e-16,False
2021-07-01 05:30:00,,False
2021-07-01 05:40:00,1.0944116491295297e-16,False
2021-07-01 05:50:00,1.16673071041066e-16,False
2021-07-01 06:00:00,1.1159460951723945e-16,False
2021-07-01 06:10:00,1.3198581948114014e-16,False
2021-07-01 06:20:00,1.3612247672600225e-16,False
2021-07-01 06:30:00,1.3210419217017245e-16,False
2021-07-01 06:40:00,1.4160369647472066e-16,False
2021-07-01 06:50:00,1.3810622657404836e-16,False
2021-07-01 07:00:00,1.1383907005702728e-16,False
2021-07-01 07:10:00,1.482940530261939e-16,False
2021-07-01 07:20:00,1.1876323836621379e-16,False
2021-07-01 07:30:00,1.1579045240030915e-16,False
2021-07-01 07:40:00,1.296132974111587e-16,False
2021-07-01 07:50:00,1.3267341024000873e-16,False
2021-07-01 08:00:00,1.1973005147829215e-16,False
2021-07-01 08:10:00,1.1846759326944684e-16,False
2021-07-01 08:20:00,1.2701446428371317e-16,False
2021-07-01 08:30:00,1.2938496660068938e-16,False
2021-07-01 08:40:00,1.1032449858928032e-16,False
2021-07-01 08:50:00,1.3273431951767274e-16,False
2021-07-01 09:00:00,1.1118947703618769e-16,False
2021-07-01 09:10:00,1.1519008193450128e-16,False
2021-07-01 09:20:00,1.0826846371509908e-16,False
2021-07-01 09:30:00,1.5028470815640854e-16,False
2021-07-01 09:40:00,1.1304632220660055e-16,False
2021-07-01 09:50:00,1.1144094009768442e-16,False
2021-07-01 10:00:00,1.192232757040457e-16,False
2021-07-01 10:10:00,1.1526311048565983e-16,False
2021-07-01 10:20:00,1.3570829442285376e-16,False
2021-07-01 10:30:00,1.3121816463857438e-16,False
2021-07-01 10:40:00,1.249464931738605e-16,False
2021-07-01 10:50:00,1.3201285687042993e-16,False
2021-07-01 11:00:00,1.0855219160283529e-16,False
2021-07-01 11:10:00,1.2684676856776684e-16,False
2021-07-01 11:20:00,1.0898032243499552e-16,False
2021-07-01 11:30:00,1.255782716667126e-16,False
2021-07-01 11:40:00,1.3332524739605688e-16,False
2021-07-01 11:50:00,1.1925931312053149e-16,False
2021-07-01 12:00:00,1.2081480733941795e-16,False
2021-07-01 12:10:00,1.234033196952994e-16,False
2021-07-01 12:20:00,1.29316734312063e-16,False
2021-07-01 12:30:00,1.089600846822196e-16,False
2021-07-01 12:40:00,1.0873922303704336e-16,False
2021-07-01 12:50:00,1.441453218494474e-16,False
2021-07-01 13:00:00,1.257474312144458e-16,False
2021-07-01 13:10:00,1.2836050039176453e-16,False
2021-07-01 13:20:00,1.3537572994239479e-16,False
2021-07-01 13:30:00,1.2026472824307583e-16,False
2021-07-01 13:40:00,1.080358892992734e-16,False
2021-07-01 13:50:00,1.18924776185838e-16,False
2021-07-01 14:00:00,1.198245136679553e-16,False
2021-07-01 14:10:00,1.4613386483987912e-16,False
2021-07-01 14:20:00,,False
2021-07-01 14:30:00,1.2911726921647324e-16,False
2021-07-01 14:40:00,,False
2021-07-01 14:50:00,1.3562245281246066e-16,False
2021-07-01 15:00:00,1.2365308596490844e-16,False
2021-07-01 15:10:00,1.388900762170322e-16,False
2021-07-01 15:20:00,1.1746817660798653e-16,False
2021-07-01 15:30:00,1.2208329021579643e-16,False
2021-07-01 15:40:00,1.0653404827422119e-16,False
2021-07-01 15:50:00,1.186991603354802e-16,False
2021-07-01 16:00:00,1.3407253500115047e-16,False
2021-07-01 16:10:00,1.1765044235370648e-16,False
2021-07-01 16:20:00,1.0018757286475863e-16,False
2021-07-01 16:30:00,1.157540282371043e-16,False
2021-07-01 16:40:00,1.2637481620451215e-16,False
2021-07-01 16:50:00,9.928687699702941e-17,False
2021-07-01 17:00:00,1.3024223895771865e-16,False
2021-07-01 17:10:00,1.1640544302003322e-16,False
2021-07-01 17:20:00,1.261454721239313e-16,False
2021-07-01 17:30:00,1.2203554069645097e-16,False
2021-07-01 17:40:00,1.2985223885045902e-16,False
2021-07-01 17:50:00,1.2523396977547726e-16,False
2021-07-01 18:00:00,9.825878738851761e-17,False
2021-07-01 18:10:00,1.2094239004557428e-16,False
2021-07-01 18:20:00,1.1452327672631203e-16,False
2021-07-01 18:30:00,1.303217502832176e-16,False
2021-07-01 18:40:00,1.2102780736217823e-16,False
2021-07-01 18:50:00,1.2976563532192362e-16,False
2021-07-01 19:00:00,1.2755282308401706e-16,False
2021-07-01 19:10:00,1.2461409237020203e-16,False
2021-07-01 19:20:00,1.249391408383105e-16,False
2021-07-01 19:30:00,1.3957384290700957e-16,False
2021-07-01 19:40:00,1.0198088197692291e-16,False
2021-07-01 19:50:00,1.3337928850364272e-16,False
2021-07-01 20:00:00,1.1311687072906887e-16,False
2021-07-01 20:10:00,1.2069391327434466e-16,False
2021-07-01 20:20:00,,False
2021-07-01 20:30:00,1.206628388986054e-16,False
2021-07-01 20:40:00,1.1381166792250258e-16,False
2021-07-01 20:50:00,1.2777756112673106e-16,False
2021-07-01 21:00:00,1.1184391490843728e-16,False
2021-07-01 21:10:00,1.1253599723894732e-16,False
2021-07-01 21:20:00,1.197073730101116e-16,False
2021-07-01 21:30:00,,False
2021-07-01 21:40:00,1.1854192511822998e-16,False
2021-07-01 21:50:00,9.693639549234706e-17,False
2021-07-01 22:00:00,9.953392124223235e-17,False
2021-07-01 22:10:00,1.2467437090700916e-16,False
2021-07-01 22:20:00,1.421695307400457e-16,False
2021-07-01 22:30:00,1.106608139904153e-16,False
2021-07-01 22:40:00,1.2973110373171022e-16,False
2021-07-01 22:50:00,1.106145594896543e-16,False
2021-07-01 23:00:00,1.1374959661802323e-16,False
2021-07-01 23:10:00,1.2338983622521764e-16,False
2021-07-01 23:20:00,1.2867481421778268e-16,False
2021-07-01 23:30:00,1.0761734165972805e-16,False
2021-07-01 23:40:00,1.1586993682783027e-16,False
2021-07-01 23:50:00,1.438854622182768e-16,False
2021-07-02 00:00:00,1.3182725454874653e-16,False
2021-07-02 00:10:00,1.1363763822776488e-16,False
2021-07-02 00:20:00,1.0819806349502168e-16,False
2021-07-02 00:30:00,1.3109324764089964e-16,False
2021-07-02 00:40:00,1.3438504904725157e-16,False
2021-07-02 00:50:00,1.1656201393865574e-16,False
2021-07-02 01:00:00,1.0279917427362878e-16,False
2021-07-02 01:10:00,1.2941433101912462e-16,False
2021-07-02 01:20:00,1.315026242048348e-16,False
2021-07-02 01:30:00,1.0823651156793771e-16,False
2021-07-02 01:40:00,1.4547828457728017e-16,False
2021-07-02 01:50:00,1.0681511973374056e-16,False
2021-07-02 02:00:00,1.3523365712149703e-16,False
2021-07-02 02:10:00,1.2501538764315686e-16,False
2021-07-02 02:20:00,1.1514385915378709e-16,False
2021-07-02 02:30:00,1.261522606295786e-16,False
2021-07-02 02:40:00,1.17676646327585e-16,False
2021-07-02 02:50:00,1.3683043178378142e-16,False
2021-07-02 03:00:00,1.1036885938133505e-16,False
2021-07-02 03:10:00,1.0793303044745555e-16,False
2021-07-02 03:20:00,1.2891436350114743e-16,False
2021-07-02 03:30:00,1.0261324660545514e-16,False
2021-07-02 03:40:00,1.277867022579851e-16,False
2021-07-02 03:50:00,1.2018123088272237e-16,False
2021-07-02 04:00:00,1.2881676843768204e-16,False
2021-07-02 04:10:00,1.0975071728730015e-16,False
2021-07-02 04:20:00,1.00737382375423e-16,False
2021-07-02 04:30:00,1.2441347808762197e-16,False
2021-07-02 04:40:00,1.3389476238568197e-16,False
2021-07-02 04:50:00,1.025623426560134e-16,False
2021-07-02 05:00:00,1.2996463739293427e-16,False
2021-07-02 05:10:00,1.1726241378817112e-16,False
2021-07-02 05:20:00,1.232291398673639e-16,False
2021-07-02 05:30:00,1.2196100338783806e-16,False
2021-07-02 05:40:00,1.316135906438865e-16,False
2021-07-02 05:50:00,1.188957921598669e-16,False
2021-07-02 06:00:00,9.974228814547695e-17,False
2021-07-02 06:10:00,1.3317018850380654e-16,False
2021-07-02 06:20:00,1.4109900118513128e-16,False
2021-07-02 06:30:00,1.2245385224311678e-16,False
2021-07-02 06:40:00,1.1814294872910267e-16,False
2021-07-02 06:50:00,1.063622777746145e-16,False
2021-07-02 07:00:00,1.2000428925539677e-16,False
2021-07-02 07:10:00,1.269358363422962e-16,False
2021-07-02 07:20:00,1.079378496060434e-16,False
2021-07-02 07:30:00,1.3332854502879123e-16,False
2021-07-02 07:40:00,1.0522734538593481e-16,False
2021-07-02 07:50:00,1.0641176919472946e-16,False
2021-07-02 08:00:00,1.3296347204115162e-16,False
2021-07-02 08:10:00,1.2942103756268175e-16,False
2021-07-02 08:20:00,1.5031878540200915e-16,False
2021-07-02 08:30:00,1.0457739616105223e-16,False
2021-07-02 08:40:00,1.2067863460753415e-16,False
2021-07-02 08:50:00,1.144830624566116e-16,False
2021-07-02 09:00:00,1.227772232455045e-16,False
2021-07-02 09:10:00,1.270128638522142e-16,False
2021-07-02 09:20:00,1.3661201169586132e-16,False
2021-07-02 09:30:00,1.3959727070064842e-16,False
2021-07-02 09:40:00,1.3525666563699225e-16,False
2021-07-02 09:50:00,1.2205193222243532e-16,False
2021-07-02 10:00:00,1.1197446120275257e-16,False
2021-07-02 10:10:00,1.2362535516893168e-16,False
2021-07-02 10:20:00,1.1227833812904328e-16,False
2021-07-02 10:30:00,1.402897494179253e-16,False
2021-07-02 10:40:00,1.0376638215055203e-16,False
2021-07-02 10:50:00,1.2723368495772783e-16,False
2021-07-02 11:00:00,1.1376697352910107e-16,False
2021-07-02 11:10:00,,False
2021-07-02 11:20:00,1.1752602830214346e-16,False
2021-07-02 11:30:00,1.5356493139338565e-16,False
2021-07-02 11:40:00,1.2733685727612471e-16,False
2021-07-02 11:50:00,1.0167237083046817e-16,False
2021-07-02 12:00:00,1.346132309268814e-16,False
2021-07-02 12:10:00,1.1195480382890897e-16,False
2021-07-02 12:20:00,1.3241224724973053e-16,False
2021-07-02 12:30:00,1.1953960556245806e-16,False
2021-07-02 12:40:00,1.3752264220356814e-16,False
2021-07-02 12:50:00,1.1974853111413527e-16,False
2021-07-02 13:00:00,1.200742220718503e-16,False
2021-07-02 13:10:00,1.2744183843977938e-16,False
2021-07-02 13:20:00,1.1393441898552047e-16,False
2021-07-02 13:30:00,1.172636574663683e-16,False
2021-07-02 13:40:00,1.3516942102619867e-16,False
2021-07-02 13:50:00,1.0861621744599996e-16,False
2021-07-02 14:00:00,1.224045434935313e-16,False
2021-07-02 14:10:00,1.3786626929820557e-16,False
2021-07-02 14:20:00,1.222122453972738e-16,False
2021-07-02 14:30:00,1.2267210172123086e-16,False
2021-07-02 14:40:00,1.1196825876316115e-16,False
2021-07-02 14:50:00,,False
2021-07-02 15:00:00,1.3817602402990834e-16,False
2021-07-02 15:10:00,1.2643439089037862e-16,False
2021-07-02 15:20:00,1.0821390504086092e-16,False
2021-07-02 15:30:00,1.0314687745616971e-16,False
2021-07-02 15:40:00,1.092031413214493e-16,False
2021-07-02 15:50:00,1.1708197747863586e-16,False
2021-07-02 16:00:00,1.2029517663893802e-16,False
2021-07-02 16:10:00,1.3730542212462936e-16,False
2021-07-02 16:20:00,1.2862068794738314e-16,False
2021-07-02 16:30:00,1.239889211687374e-16,False
2021-07-02 16:40:00,1.3215954978381567e-16,False
2021-07-02 16:50:00,1.0398354221751168e-16,False
2021-07-02 17:00:00,1.1949029639774398e-16,False
2021-07-02 17:10:00,1.1255532828045705e-16,False
2021-07-02 17:20:00,1.3660552875137987e-16,False
2021-07-02 17:30:00,1.040323966271299e-16,False
2021-07-02 17:40:00,1.122069035082587e-16,False
2021-07-02 17:50:00,1.3108609701189423e-16,False
2021-07-02 18:00:00,9.088473410661682e-17,False
2021-07-02 18:10:00,1.354159963132279e-16,False
2021-07-02 18:20:00,1.21112604441566e-16,False
2021-07-02 18:30:00,1.1592426406620692e-16,False
2021-07-02 18:40:00,1.3095392317339883e-16,False
2021-07-02 18:50:00,1.114077358979001e-16,False
2021-07-02 19:00:00,1.2806705617066755e-16,False
2021-07-02 19:10:00,1.230415761858975e-16,False
2021-07-02 19:20:00,1.24710285859906e-16,False
2021-07-02 19:30:00,1.2507048872072778e-16,False
2021-07-02 19:40:00,1.2307639487629912e-16,False
2021-07-02 19:50:00,9.952163831010822e-17,False
2021-07-02 20:00:00,1.1196494717586494e-16,False
2021-07-02 20:10:00,1.2529999233814138e-16,False
2021-07-02 20:20:00,,False
2021-07-02 20:30:00,1.0752807799082277e-16,False
2021-07-02 20:40:00,1.1373492169526968e-16,False
2021-07-02 20:50:00,1.512311365477767e-16,False
2021-07-02 21:00:00,1.1371184626920747e-16,False
2021-07-02 21:10:00,1.2724841307064648e-16,False
2021-07-02 21:20:00,1.3046463838161801e-16,False
2021-07-02 21:30:00,1.2831317587312821e-16,False
2021-07-02 21:40:00,9.132745294838145e-17,False
2021-07-02 21:50:00,1.3750257439312915e-16,False
2021-07-02 22:00:00,1.1393291449406145e-16,False
2021-07-02 22:10:00,1.2989453757885725e-16,False
2021-07-02 22:20:00,1.1397288027597459e-16,False
2021-07-02 22:30:00,1.190297643666952e-16,False
2021-07-02 22:40:00,1.2362701576829323e-16,False
2021-07-02 22:50:00,1.114078758256807e-16,False
2021-07-02 23:00:00,1.1010162350679264e-16,False
2021-07-02 23:10:00,1.126754092406743e-16,False
2021-07-02 23:20:00,1.303181276370154e-16,False
2021-07-02 23:30:00,1.23812733734562e-16,False
2021-07-02 23:40:00,1.3314814410981281e-16,False
2021-07-02 23:50:00,1.2338082072391162e-16,False
2021-07-03 00:00:00,1.4291660647669556e-16,False
2021-07-03 00:10:00,1.243143019569107e-16,False
2021-07-03 00:20:00,1.0870712075321928e-16,False
2021-07-03 00:30:00,1.321908309141701e-16,False
2021-07-03 00:40:00,1.3040198906928526e-16,False
2021-07-03 00:50:00,1.2050875185789674e-16,False
2021-07-03 01:00:00,1.3083781586402884e-16,False
2021-07-03 01:10:00,1.3669705390898466e-16,False
2021-07-03 01:20:00,1.1065985768012125e-16,False
2021-07-03 01:30:00,1.2043780916605312e-16,False
2021-07-03 01:40:00,1.2993295579953667e-16,False
2021-07-03 01:50:00,1.2691524307438187e-16,False
2021-07-03 02:00:00,1.195074181141533e-16,False
2021-07-03 02:10:00,1.0368144511050242e-16,False
2021-07-03 02:20:00,1.2172012501401728e-16,False
2021-07-03 02:30:00,1.077285892874114e-16,False
2021-07-03 02:40:00,1.3262663648819257e-16,False
2021-07-03 02:50:00,1.1816550979359514e-16,False
2021-07-03 03:00:00,1.1467398593640316e-16,False
2021-07-03 03:10:00,1.0223918812464209e-16,False
2021-07-03 03:20:00,1.312823689497377e-16,False
2021-07-03 03:30:00,8.886308344624402e-17,False
2021-07-03 03:40:00,1.2936646719484712e-16,False
2021-07-03 03:50:00,1.229899155314677e-16,False
2021-07-03 04:00:00,1.138730699754964e-16,False
2021-07-03 04:10:00,1.0580389063747994e-16,False
2021-07-03 04:20:00,1.2946730710583256e-16,False
2021-07-03 04:30:00,1.238990358554711e-16,False
2021-07-03 04:40:00,1.142235561346841e-16,False
2021-07-03 04:50:00,1.217945601407763e-16,False
2021-07-03 05:00:00,1.2716910348434095e-16,False
2021-07-03 05:10:00,1.228248247908747e-16,False
2021-07-03 05:20:00,1.3073723990019338e-16,False
2021-07-03 05:30:00,9.605437169387217e-17,False
2021-07-03 05:40:00,1.123344007533775e-16,False
2021-07-03 05:50:00,1.2621542723829812e-16,False
2021-07-03 06:00:00,,False
2021-07-03 06:10:00,1.1068426044536582e-16,False
2021-07-03 06:20:00,1.4944537074831734e-16,False
2021-07-03 06:30:00,1.2577550951391677e-16,False
2021-07-03 06:40:00,1.2139983573593033e-16,False
2021-07-03 06:50:00,1.206568248945208e-16,False
2021-07-03 07:00:00,,False
2021-07-03 07:10:00,1.1572473837209181e-16,False
2021-07-03 07:20:00,1.0490404693690829e-16,False
2021-07-03 07:30:00,9.559318864828608e-17,False
2021-07-03 07:40:00,1.3564882672866966e-16,False
2021-07-03 07:50:00,1.1911293153648836e-16,False
2021-07-03 08:00:00,9.39764839452004e-17,False
2021-07-03 08:10:00,1.426091071712912e-16,False
2021-07-03 08:20:00,1.2444937939606929e-16,False
2021-07-03 08:30:00,1.0906076516143952e-16,False
2021-07-03 08:40:00,1.2485935163819598e-16,False
2021-07-03 08:50:00,1.2838291184133055e-16,False
2021-07-03 09:00:00,1.1888069494011103e-16,False
2021-07-03 09:10:00,1.3283284153710293e-16,False
2021-07-03 09:20:00,1.017315511275399e-16,False
2021-07-03 09:30:00,1.1233210907207643e-16,False
2021-07-03 09:40:00,,False
2021-07-03 09:50:00,1.0794287099734576e-16,False
2021-07-03 10:00:00,1.2361860417392868e-16,False
2021-07-03 10:10:00,1.2633928352060224e-16,False
2021-07-03 10:20:00,1.1462398771990708e-16,False
2021-07-03 10:30:00,1.3533152572197624e-16,False
2021-07-03 10:40:00,1.493584752470316e-16,False
2021-07-03 10:50:00,,False
2021-07-03 11:00:00,9.566123813550796e-17,False
2021-07-03 11:10:00,1.1764460732470045e-16,False
2021-07-03 11:20:00,1.1812675082770858e-16,False
2021-07-03 11:30:00,1.0839378191982901e-16,False
2021-07-03 11:40:00,1.107916780765731e-16,False
2021-07-03 11:50:00,1.1977914646902104e-16,False
2021-07-03 12:00:00,,False
2021-07-03 12:10:00,1.3921155555075957e-16,False
2021-07-03 12:20:00,1.4158730248966429e-16,False
2021-07-03 12:30:00,1.255886520023467e-16,False
2021-07-03 12:40:00,1.1776142530625997e-16,False
2021-07-03 12:50:00,1.2769212763964593e-16,False
2021-07-03 13:00:00,1.2138163134624346e-16,False
2021-07-03 13:10:00,1.2108219573455233e-16,False
2021-07-03 13:20:00,1.3640174700322728e-16,False
2021-07-03 13:30:00,1.4174775597553968e-16,False
2021-07-03 13:40:00,1.3458797649648102e-16,False
2021-07-03 13:50:00,1.15391911220085e-16,False
2021-07-03 14:00:00,1.1760692523598773e-16,False
2021-07-03 14:10:00,1.1855067198033736e-16,False
2021-07-03 14:20:00,,False
2021-07-03 14:30:00,1.2570726307500264e-16,False
2021-07-03 14:40:00,1.057117958807648e-16,False
2021-07-03 14:50:00,8.111003544798902e-17,False
2021-07-03 15:00:00,1.288720124464416e-16,False
2021-07-03 15:10:00,1.174846154375508e-16,False
2021-07-03 15:20:00,1.1293330537587165e-16,False
2021-07-03 15:30:00,1.11953228047887e-16,False
2021-07-03 15:40:00,1.141254474189425e-16,False
2021-07-03 15:50:00,,False
2021-07-03 16:00:00,1.2643853566758597e-16,False
2021-07-03 16:10:00,1.1745521330499803e-16,False
2021-07-03 16:20:00,1.3985578032161303e-16,False
2021-07-03 16:30:00,1.160414101797114e-16,False
2021-07-03 16:40:00,1.4171944730138762e-16,False
2021-07-03 16:50:00,1.3185842820280106e-16,False
2021-07-03 17:00:00,1.1843916233939676e-16,False
2021-07-03 17:10:00,1.0672011116603218e-16,False
2021-07-03 17:20:00,1.1308440272897045e-16,False
2021-07-03 17:30:00,1.288295882434965e-16,False
2021-07-03 17:40:00,,False
2021-07-03 17:50:00,1.2681458401105613e-16,False
2021-07-03 18:00:00,1.125096575636088e-16,False
2021-07-03 18:10:00,1.2792247796009234e-16,False
2021-07-03 18:20:00,1.315583450716293e-16,False
2021-07-03 18:30:00,1.0027106839316049e-16,False
2021-07-03 18:40:00,1.3503548434974925e-16,False
2021-07-03 18:50:00,1.3696014941861016e-16,False
2021-07-03 19:00:00,1.2913221207860538e-16,False
2021-07-03 19:10:00,1.3207738242581783e-16,False
2021-07-03 19:20:00,1.2360174724679286e-16,False
2021-07-03 19:30:00,1.5655971327505574e-16,False
2021-07-03 19:40:00,1.3036242033990847e-16,False
2021-07-03 19:50:00,1.3911527202808964e-16,False
2021-07-03 20:00:00,,False
2021-07-03 20:10:00,1.2930265087804335e-16,False
2021-07-03 20:20:00,1.243569609450701e-16,False
2021-07-03 20:30:00,1.1750528543771276e-16,False
2021-07-03 20:40:00,1.1622165761324383e-16,False
2021-07-03 20:50:00,,False
2021-07-03 21:00:00,1.2238536894776762e-16,False
2021-07-03 21:10:00,1.3119605816306465e-16,False
2021-07-03 21:20:00,9.894605497380483e-17,False
2021-07-03 21:30:00,1.172827882456541e-16,False
2021-07-03 21:40:00,1.1027060741402295e-16,False
2021-07-03 21:50:00,1.247870272212398e-16,False
2021-07-03 22:00:00,1.2373354313078437e-16,False
2021-07-03 22:10:00,1.1846697573170074e-16,False
2021-07-03 22:20:00,1.1923796886592214e-16,False
2021-07-03 22:30:00,1.2347859223658008e-16,False
2021-07-03 22:40:00,1.282961864490829e-16,False
2021-07-03 22:50:00,,False
2021-07-03 23:00:00,1.4378817458103928e-16,False
2021-07-03 23:10:00,1.1772592857081496e-16,False
2021-07-03 23:20:00,1.2210230408088254e-16,False
2021-07-03 23:30:00,1.2628595744489512e-16,False
2021-07-03 23:40:00,1.4085543289375304e-16,False
2021-07-03 23:50:00,1.132842163812378e-16,False
2021-07-04 00:00:00,1.2654848646313462e-16,False
2021-07-04 00:10:00,1.3052370860515244e-16,False
2021-07-04 00:20:00,1.111981620565243e-16,False
2021-07-04 00:30:00,1.0525873019513078e-16,False
2021-07-04 00:40:00,1.227088167160246e-16,False
2021-07-04 00:50:00,1.30077884892695e-16,False
2021-07-04 01:00:00,1.2242396159740086e-16,False
2021-07-04 01:10:00,1.4022890402446385e-16,False
2021-07-04 01:20:00,1.2863404957785222e-16,False
2021-07-04 01:30:00,1.2443740899186663e-16,False
2021-07-04 01:40:00,1.3020980678301977e-16,False
2021-07-04 01:50:00,1.213698056961467e-16,False
2021-07-04 02:00:00,1.4928905600446843e-16,False
2021-07-04 02:10:00,1.2265168536526207e-16,False
2021-07-04 02:20:00,1.2166524733541855e-16,False
2021-07-04 02:30:00,1.3225189714866998e-16,False
2021-07-04 02:40:00,1.1253097012019127e-16,False
2021-07-04 02:50:00,1.3621386796790157e-16,False
2021-07-04 03:00:00,1.3340412703697625e-16,False
2021-07-04 03:10:00,1.3065423041448595e-16,False
2021-07-04 03:20:00,1.0922648644827688e-16,False
2021-07-04 03:30:00,1.3245472006457958e-16,False
2021-07-04 03:40:00,9.950734313917127e-17,False
2021-07-04 03:50:00,9.505912165448792e-17,False
2021-07-04 04:00:00,1.3501974035901974e-16,False
2021-07-04 04:10:00,1.2679169792351753e-16,False
2021-07-04 04:20:00,1.3328340938664358e-16,False
2021-07-04 04:30:00,1.2876276625076218e-16,False
2021-07-04 04:40:00,1.403540878044277e-16,False
2021-07-04 04:50:00,1.1804542454363665e-16,False
2021-07-04 05:00:00,1.137611402805673e-16,False
2021-07-04 05:10:00,1.0086782390548855e-16,False
2021-07-04 05:20:00,1.3947684082664123e-16,False
2021-07-04 05:30:00,9.913262896612358e-17,False
2021-07-04 05:40:00,1.0102317237644637e-16,False
2021-07-04 05:50:00,1.136087826713954e-16,False
2021-07-04 06:00:00,1.1457963084195141e-16,False
2021-07-04 06:10:00,1.2445328515684424e-16,False
2021-07-04 06:20:00,1.0344195197045247e-16,False
2021-07-04 06:30:00,1.216173274526084e-16,False
2021-07-04 06:40:00,1.2713292961525683e-16,False
2021-07-04 06:50:00,1.4203803317695652e-16,False
2021-07-04 07:00:00,1.1805340401034095e-16,False
2021-07-04 07:10:00,1.3985731567009135e-16,False
2021-07-04 07:20:00,1.4352354328307788e-16,False
2021-07-04 07:30:00,1.0110853572528855e-16,False
2021-07-04 07:40:00,1.1060537664736507e-16,False
2021-07-04 07:50:00,1.1744562348773606e-16,False
2021-07-04 08:00:00,1.2802163334439088e-16,False
2021-07-04 08:10:00,1.147865508311349e-16,False
2021-07-04 08:20:00,1.1712577609502457e-16,False
2021-07-04 08:30:00,1.2853262324765627e-16,False
2021-07-04 08:40:00,1.2487755011122413e-16,False
2021-07-04 08:50:00,1.1076098822638372e-16,False
2021-07-04 09:00:00,1.4265256973278855e-16,False
2021-07-04 09:10:00,1.1094864029734059e-16,False
2021-07-04 09:20:00,1.1916587916085855e-16,False
2021-07-04 09:30:00,1.3177749408569254e-16,False
2021-07-04 09:40:00,1.1771595800905441e-16,False
2021-07-04 09:50:00,1.1367083878861013e-16,False
2021-07-04 10:00:00,1.1073513585002625e-16,False
2021-07-04 10:10:00,1.2079399446563438e-16,False
2021-07-04 10:20:00,1.2281105201599227e-16,False
2021-07-04 10:30:00,1.24530029285928e-16,False
2021-07-04 10:40:00,1.0987135813853937e-16,False
2021-07-04 10:50:00,1.3519158644740166e-16,False
2021-07-04 11:00:00,1.2933580519062083e-16,False
2021-07-04 11:10:00,1.237699788588609e-16,False
2021-07-04 11:20:00,1.1042293751689927e-16,False
2021-07-04 11:30:00,1.3974220783717439e-16,False
2021-07-04 11:40:00,1.2415632106831732e-16,False
2021-07-04 11:50:00,1.285666795514259e-16,False
2021-07-04 12:00:00,1.0572795890202919e-16,False
2021-07-04 12:10:00,1.1257969656555807e-16,False
2021-07-04 12:20:00,1.0164985975894038e-16,False
2021-07-04 12:30:00,1.322964383250379e-16,False
2021-07-04 12:40:00,1.1063605309211588e-16,False
2021-07-04 12:50:00,1.200096806899178e-16,False
2021-07-04 13:00:00,1.508427279616733e-16,False
2021-07-04 13:10:00,1.1424948371718179e-16,False
2021-07-04 13:20:00,1.2439209302101934e-16,False
2021-07-04 13:30:00,1.0898117401473257e-16,False
2021-07-04 13:40:00,,False
2021-07-04 13:50:00,1.1591331927783308e-16,False
2021-07-04 14:00:00,1.258426696681418e-16,False
2021-07-04 14:10:00,1.0801008956991379e-16,False
2021-07-04 14:20:00,1.3565291402673183e-16,False
2021-07-04 14:30:00,1.132110868634469e-16,False
2021-07-04 14:40:00,1.2522918706240105e-16,False
2021-07-04 14:50:00,1.17680329441822e-16,False
2021-07-04 15:00:00,1.20543786059248e-16,False
2021-07-04 15:10:00,1.109142155655144e-16,False
2021-07-04 15:20:00,1.0879830936080256e-16,False
2021-07-04 15:30:00,1.0596733893186489e-16,False
2021-07-04 15:40:00,1.1761200656174384e-16,False
2021-07-04 15:50:00,1.3097035022402318e-16,False
2021-07-04 16:00:00,1.2342414235746667e-16,False
2021-07-04 16:10:00,1.2183653820443502e-16,False
2021-07-04 16:20:00,1.0545121421964708e-16,False
2021-07-04 16:30:00,9.660791313034327e-17,False
2021-07-04 16:40:00,1.15689703058907e-16,False
2021-07-04 16:50:00,1.2595772809423146e-16,False
2021-07-04 17:00:00,1.1483533796437565e-16,False
2021-07-04 17:10:00,1.0279249670771763e-16,False
2021-07-04 17:20:00,1.191392402380515e-16,False
2021-07-04 17:30:00,1.25499117836201e-16,False
2021-07-04 17:40:00,1.0943126115168005e-16,False
2021-07-04 17:50:00,1.3008704936787104e-16,False
2021-07-04 18:00:00,1.395277582949075e-16,False
2021-07-04 18:10:00,1.1321805313004462e-16,False
2021-07-04 18:20:00,1.3735815272732596e-16,False
2021-07-04 18:30:00,,False
2021-07-04 18:40:00,,False
2021-07-04 18:50:00,1.3163524430677522e-16,False
2021-07-04 19:00:00,9.546882720576099e-17,False
2021-07-04 19:10:00,1.0931267236702001e-16,False
2021-07-04 19:20:00,1.2653815697715437e-16,False
2021-07-04 19:30:00,1.1978309791001305e-16,False
2021-07-04 19:40:00,1.2828688133550996e-16,False
2021-07-04 19:50:00,1.369743977625421e-16,False
2021-07-04 20:00:00,1.3015008406930204e-16,False
2021-07-04 20:10:00,1.2974183190975095e-16,False
2021-07-04 20:20:00,1.0666471317768856e-16,False
2021-07-04 20:30:00,1.0888297380870593e-16,False
2021-07-04 20:40:00,1.2347318618470024e-16,False
2021-07-04 20:50:00,1.182387325055006e-16,False
2021-07-04 21:00:00,9.674140565191606e-17,False
2021-07-04 21:10:00,1.0061476119987099e-16,False
2021-07-04 21:20:00,1.171498240844232e-16,False
2021-07-04 21:30:00,1.192030639962364e-16,False
2021-07-04 21:40:00,1.0489327012457055e-16,False
2021-07-04 21:50:00,1.5133048739941436e-16,False
2021-07-04 22:00:00,1.2881038869065273e-16,False
2021-07-04 22:10:00,1.075496922387991e-16,False
2021-07-04 22:20:00,1.2635571864050076e-16,False
2021-07-04 22:30:00,1.3234438211155734e-16,False
2021-07-04 22:40:00,1.1773698520116204e-16,False
2021-07-04 22:50:00,1.2904558494167434e-16,False
2021-07-04 23:00:00,9.985554930759583e-17,False
2021-07-04 23:10:00,1.432607562234952e-16,False
2021-07-04 23:20:00,1.2852644710273e-16,False
2021-07-04 23:30:00,,False
2021-07-04 23:40:00,,False
2021-07-04 23:50:00,1.3083684824261798e-16,False
2021-07-05 00:00:00,1.2372906762636328e-16,False
2021-07-05 00:10:00,1.2387689190193368e-16,False
2021-07-05 00:20:00,1.2804334813566956e-16,False
2021-07-05 00:30:00,1.1299371432122102e-16,False
2021-07-05 00:40:00,1.0680700022188169e-16,False
2021-07-05 00:50:00,1.342563940427862e-16,False
2021-07-05 01:00:00,1.162595354067445e-16,False
2021-07-05 01:10:00,1.322333783317197e-16,False
2021-07-05 01:20:00,1.1711229015737884e-16,False
2021-07-05 01:30:00,1.1496849329111904e-16,False
2021-07-05 01:40:00,1.1957469398753135e-16,False
2021-07-05 01:50:00,9.650849883865059e-17,False
2021-07-05 02:00:00,1.1664788131417836e-16,False
2021-07-05 02:10:00,1.2534937092305331e-16,False
2021-07-05 02:20:00,1.2372134983190234e-16,False
2021-07-05 02:30:00,1.2957128675824076e-16,False
2021-07-05 02:40:00,1.2495059844714045e-16,False
2021-07-05 02:50:00,,False
2021-07-05 03:00:00,1.364811077857027e-16,False
2021-07-05 03:10:00,1.2873721815013657e-16,False
2021-07-05 03:20:00,1.2371637406231797e-16,False
2021-07-05 03:30:00,1.167520841191483e-16,False
2021-07-05 03:40:00,,False
2021-07-05 03:50:00,1.1556781634593813e-16,False
2021-07-05 04:00:00,1.15454168712347e-16,False
2021-07-05 04:10:00,1.2917536714649622e-16,False
2021-07-05 04:20:00,9.952417999984332e-17,False
2021-07-05 04:30:00,1.1905366791078639e-16,False
2021-07-05 04:40:00,1.3519657705518074e-16,False
2021-07-05 04:50:00,1.3599413299615228e-16,False
2021-07-05 05:00:00,1.1357115000516056e-16,False
2021-07-05 05:10:00,1.3884182371885826e-16,False
2021-07-05 05:20:00,1.4058847929028604e-16,False
2021-07-05 05:30:00,1.1109346687335903e-16,False
2021-07-05 05:40:00,1.383503432176982e-16,False
2021-07-05 05:50:00,1.0174512560020553e-16,False
2021-07-05 06:00:00,1.253632302903581e-16,False
2021-07-05 06:10:00,1.268330053214337e-16,False
2021-07-05 06:20:00,1.2230973154817849e-16,False
2021-07-05 06:30:00,1.320136332795527e-16,False
2021-07-05 06:40:00,1.0949975919814681e-16,False
2021-07-05 06:50:00,1.3270499950354102e-16,False
2021-07-05 07:00:00,1.3984510095976712e-16,False
2021-07-05 07:10:00,1.1925437870755217e-16,False
2021-07-05 07:20:00,1.3674049569097612e-16,False
2021-07-05 07:30:00,1.2979038625484293e-16,False
2021-07-05 07:40:00,1.3168633951849966e-16,False
2021-07-05 07:50:00,1.0990474153537274e-16,False
2021-07-05 08:00:00,1.026103187305443e-16,False
2021-07-05 08:10:00,,False
2021-07-05 08:20:00,1.2493284739347574e-16,False
2021-07-05 08:30:00,1.2941631923886998e-16,False
2021-07-05 08:40:00,1.011761992465733e-16,False
2021-07-05 08:50:00,1.1730842928360096e-16,False
2021-07-05 09:00:00,1.3593185807450894e-16,False
2021-07-05 09:10:00,1.1971312409052565e-16,False
2021-07-05 09:20:00,1.2436680814351318e-16,False
2021-07-05 09:30:00,1.2912482973161688e-16,False
2021-07-05 09:40:00,1.0136743569029906e-16,False
2021-07-05 09:50:00,1.2907478246184262e-16,False
2021-07-05 10:00:00,1.2285037635503086e-16,False
2021-07-05 10:10:00,1.5516303585181633e-16,False
2021-07-05 10:20:00,1.256444150015927e-16,False
2021-07-05 10:30:00,1.112118941142035e-16,False
2021-07-05 10:40:00,1.4344859773653072e-16,False
2021-07-05 10:50:00,1.1785562949398025e-16,False
2021-07-05 11:00:00,1.280059638269831e-16,False
2021-07-05 11:10:00,1.1775714162366952e-16,False
2021-07-05 11:20:00,1.1485689568652644e-16,False
2021-07-05 11:30:00,1.3552339070164194e-16,False
2021-07-05 11:40:00,1.1093466544134975e-16,False
2021-07-05 11:50:00,1.2863879714230108e-16,False
2021-07-05 12:00:00,1.1566524659882407e-16,False
2021-07-05 12:10:00,1.1546467047095586e-16,False
2021-07-05 12:20:00,1.2036366212264102e-16,False
2021-07-05 12:30:00,1.236657081107286e-16,False
2021-07-05 12:40:00,1.2543970332887418e-16,False
2021-07-05 12:50:00,1.1435246426812875e-16,False
2021-07-05 13:00:00,1.301610643439721e-16,False
2021-07-05 13:10:00,1.2648607871712883e-16,False
2021-07-05 13:20:00,1.1509404723343517e-16,False
2021-07-05 13:30:00,1.1190720607284951e-16,False
2021-07-05 13:40:00,1.0851337744117516e-16,False
2021-07-05 13:50:00,1.1357261329625092e-16,False
2021-07-05 14:00:00,,False
2021-07-05 14:10:00,1.327242515221421e-16,False
2021-07-05 14:20:00,1.2781774117703173e-16,False
2021-07-05 14:30:00,1.161309151288603e-16,False
2021-07-05 14:40:00,1.2887991106273892e-16,False
2021-07-05 14:50:00,1.2492672937741329e-16,False
2021-07-05 15:00:00,1.1113866003745005e-16,False
2021-07-05 15:10:00,1.112968273073871e-16,False
2021-07-05 15:20:00,1.3793200914159976e-16,False
2021-07-05 15:30:00,1.4211927616660696e-16,False
2021-07-05 15:40:00,1.1884061380603665e-16,False
2021-07-05 15:50:00,,False
2021-07-05 16:00:00,1.2945823304117794e-16,False
2021-07-05 16:10:00,1.406706911549141e-16,False
2021-07-05 16:20:00,1.2927340416952233e-16,False
2021-07-05 16:30:00,1.1632749564223764e-16,False
2021-07-05 16:40:00,1.224939785835043e-16,False
2021-07-05 16:50:00,1.0735705865689836e-16,False
2021-07-05 17:00:00,1.1711241190064688e-16,False
2021-07-05 17:10:00,1.2380910224286618e-16,False
2021-07-05 17:20:00,1.2953136126864064e-16,False
2021-07-05 17:30:00,1.111557248766248e-16,False
2021-07-05 17:40:00,1.134004472848307e-16,False
2021-07-05 17:50:00,1.3097379728799505e-16,False
2021-07-05 18:00:00,1.0570896843271419e-16,False
2021-07-05 18:10:00,1.2835721879016131e-16,False
2021-07-05 18:20:00,9.469903548823764e-17,False
2021-07-05 18:30:00,1.1270796043478802e-16,False
2021-07-05 18:40:00,1.3459827027408612e-16,False
2021-07-05 18:50:00,1.1367926124739823e-16,False
2021-07-05 19:00:00,1.1822264135721026e-16,False
2021-07-05 19:10:00,1.181231669066819e-16,False
2021-07-05 19:20:00,1.3520047535787892e-16,False
2021-07-05 19:30:00,1.1449115924678807e-16,False
2021-07-05 19:40:00,1.3463982556626648e-16,False
2021-07-05 19:50:00,1.0985575676465538e-16,False
2021-07-05 20:00:00,1.2325779145972684e-16,False
2021-07-05 20:10:00,,False
2021-07-05 20:20:00,1.2833311867680407e-16,False
2021-07-05 20:30:00,1.4698634000620184e-16,False
2021-07-05 20:40:00,1.117211511000505e-16,False
2021-07-05 20:50:00,1.2163025663755052e-16,False
2021-07-05 21:00:00,1.4368662054696683e-16,False
2021-07-05 21:10:00,1.3548468199540752e-16,False
2021-07-05 21:20:00,1.671521722177653e-16,False
2021-07-05 21:30:00,1.401534356310105e-16,False
2021-07-05 21:40:00,1.124978570206325e-16,False
2021-07-05 21:50:00,1.3381502048936107e-16,False
2021-07-05 22:00:00,1.1668989853765686e-16,False
2021-07-05 22:10:00,1.1578601329886286e-16,False
2021-07-05 22:20:00,1.298580013196315e-16,False
2021-07-05 22:30:00,1.176382674203153e-16,False
2021-07-05 22:40:00,1.4308531692103058e-16,False
2021-07-05 22:50:00,1.257975879172653e-16,False
2021-07-05 23:00:00,1.294625872277576e-16,False
2021-07-05 23:10:00,1.0529209710769582e-16,False
2021-07-05 23:20:00,1.198132317496112e-16,False
2021-07-05 23:30:00,1.1855654377375093e-16,False
2021-07-05 23:40:00,1.1047510209030698e-16,False
2021-07-05 23:50:00,1.2568223151437573e-16,False
2021-07-06 00:00:00,1.0964735029928595e-16,False
2021-07-06 00:10:00,1.1316344041413008e-16,False
2021-07-06 00:20:00,1.0948936185300276e-16,False
2021-07-06 00:30:00,1.2162591075365598e-16,False
2021-07-06 00:40:00,1.118499290824863e-16,False
2021-07-06 00:50:00,1.0968658503181898e-16,False
2021-07-06 01:00:00,1.287695446684614e-16,False
2021-07-06 01:10:00,1.0601069513856487e-16,False
2021-07-06 01:20:00,1.1491627723631423e-16,False
2021-07-06 01:30:00,1.268809331103179e-16,False
2021-07-06 01:40:00,1.1254518122903045e-16,False
2021-07-06 01:50:00,1.2702186650239686e-16,False
2021-07-06 02:00:00,1.267211270028676e-16,False
2021-07-06 02:10:00,1.169001441617321e-16,False
2021-07-06 02:20:00,1.333669934671905e-16,False
2021-07-06 02:30:00,1.121248046424349e-16,False
2021-07-06 02:40:00,1.1352036350487375e-16,False
2021-07-06 02:50:00,1.158208053838063e-16,False
2021-07-06 03:00:00,,False
2021-07-06 03:10:00,1.3138903185214096e-16,False
2021-07-06 03:20:00,1.180260258216582e-16,False
2021-07-06 03:30:00,1.2526605772707152e-16,False
2021-07-06 03:40:00,1.2845986982855395e-16,False
2021-07-06 03:50:00,1.419482827709985e-16,False
2021-07-06 04:00:00,1.2555103499984173e-16,False
2021-07-06 04:10:00,1.0970769820850524e-16,False
2021-07-06 04:20:00,1.2695769964153827e-16,False
2021-07-06 04:30:00,1.2646029501941826e-16,False
2021-07-06 04:40:00,1.2576744244498374e-16,False
2021-07-06 04:50:00,1.5038891008767175e-16,False
2021-07-06 05:00:00,1.1971313601821803e-16,False
2021-07-06 05:10:00,1.237863990129571e-16,False
2021-07-06 05:20:00,1.2657693760998147e-16,False
2021-07-06 05:30:00,1.1811500528994407e-16,False
2021-07-06 05:40:00,9.953521585623442e-17,False
2021-07-06 05:50:00,9.733324935794509e-17,False
2021-07-06 06:00:00,1.1210987090460108e-16,False
2021-07-06 06:10:00,9.466721894738311e-17,False
2021-07-06 06:20:00,1.1580543240908973e-16,False
2021-07-06 06:30:00,,False
2021-07-06 06:40:00,1.184780707536889e-16,False
2021-07-06 06:50:00,1.2803039442298124e-16,False
2021-07-06 07:00:00,1.1227362680515742e-16,False
2021-07-06 07:10:00,1.1946992226418296e-16,False
2021-07-06 07:20:00,1.419452092984202e-16,False
2021-07-06 07:30:00,1.3215326552641294e-16,False
2021-07-06 07:40:00,1.3564512047915622e-16,False
2021-07-06 07:50:00,1.2954696589445968e-16,False
2021-07-06 08:00:00,1.1843432645140942e-16,False
2021-07-06 08:10:00,1.3280819150097448e-16,False
2021-07-06 08:20:00,1.2764669852359745e-16,False
2021-07-06 08:30:00,1.2366228314123885e-16,False
2021-07-06 08:40:00,1.1074767046474065e-16,False
2021-07-06 08:50:00,1.1696287449743728e-16,False
2021-07-06 09:00:00,1.1760125029439567e-16,False
2021-07-06 09:10:00,9.828128658619017e-17,False
2021-07-06 09:20:00,1.0096985482382631e-16,False
2021-07-06 09:30:00,1.3169087662772974e-16,False
2021-07-06 09:40:00,1.157858723851848e-16,False
2021-07-06 09:50:00,1.202859376300166e-16,False
2021-07-06 10:00:00,1.48386887153337e-16,False
2021-07-06 10:10:00,9.776935543215813e-17,False
2021-07-06 10:20:00,1.397298892992025e-16,False
2021-07-06 10:30:00,1.0381251131020723e-16,False
2021-07-06 10:40:00,1.1720706097004919e-16,False
2021-07-06 10:50:00,,False
2021-07-06 11:00:00,1.2154616535428244e-16,False
2021-07-06 11:10:00,9.477577151139567e-17,False
2021-07-06 11:20:00,1.2789416433497634e-16,False
2021-07-06 11:30:00,1.2060380942948027e-16,False
2021-07-06 11:40:00,1.242883885039631e-16,False
2021-07-06 11:50:00,1.2099760426313477e-16,False
2021-07-06 12:00:00,1.1366522696497025e-16,False
2021-07-06 12:10:00,1.0977160175077271e-16,False
2021-07-06 12:20:00,1.447403548315813e-16,False
2021-07-06 12:30:00,1.2459787248655898e-16,False
2021-07-06 12:40:00,1.3959980375548456e-16,False
2021-07-06 12:50:00,1.2296047070897416e-16,False
2021-07-06 13:00:00,1.1327837865302798e-16,False
2021-07-06 13:10:00,1.2463933128426675e-16,False
2021-07-06 13:20:00,1.4082271647057854e-16,False
2021-07-06 13:30:00,1.3947540311362863e-16,False
2021-07-06 13:40:00,1.0875363714484228e-16,False
2021-07-06 13:50:00,1.2727795924920806e-16,False
2021-07-06 14:00:00,9.602055111831634e-17,False
2021-07-06 14:10:00,1.0984614474838852e-16,False
2021-07-06 14:20:00,1.2981276317167197e-16,False
2021-07-06 14:30:00,1.2356420780531908e-16,False
2021-07-06 14:40:00,1.1474439201392858e-16,False
2021-07-06 14:50:00,1.4474087368502444e-16,False
2021-07-06 15:00:00,1.12473324605939e-16,False
2021-07-06 15:10:00,1.4257198949454512e-16,False
2021-07-06 15:20:00,1.1743428057574102e-16,False
2021-07-06 15:30:00,1.3182274711701048e-16,False
2021-07-06 15:40:00,,False
2021-07-06 15:50:00,1.2767577449084135e-16,False
2021-07-06 16:00:00,1.1248292349687913e-16,False
2021-07-06 16:10:00,1.2112341597539632e-16,False
2021-07-06 16:20:00,1.243077361504054e-16,False
2021-07-06 16:30:00,1.2639874089661908e-16,False
2021-07-06 16:40:00,1.2890199196467696e-16,False
2021-07-06 16:50:00,1.0828801039698525e-16,False
2021-07-06 17:00:00,1.334542295295254e-16,False
2021-07-06 17:10:00,1.1210477182762073e-16,False
2021-07-06 17:20:00,1.3629369491956835e-16,False
2021-07-06 17:30:00,1.4269916263498402e-16,False
2021-07-06 17:40:00,1.2128704178857315e-16,False
2021-07-06 17:50:00,,False
2021-07-06 18:00:00,1.151489535507338e-16,False
2021-07-06 18:10:00,1.2656042325184383e-16,False
2021-07-06 18:20:00,1.3139827418254707e-16,False
2021-07-06 18:30:00,1.220851227285702e-16,False
2021-07-06 18:40:00,1.304850370254982e-16,False
2021-07-06 18:50:00,1.3342568365195415e-16,False
2021-07-06 19:00:00,1.2146536633933586e-16,False
2021-07-06 19:10:00,1.30391103214402e-16,False
2021-07-06 19:20:00,1.010479147370073e-16,False
2021-07-06 19:30:00,1.3130888932933714e-16,False
2021-07-06 19:40:00,1.1285870503925139e-16,False
2021-07-06 19:50:00,1.3048804121714728e-16,False
2021-07-06 20:00:00,1.2530830231430828e-16,False
2021-07-06 20:10:00,1.4156212066963897e-16,False
2021-07-06 20:20:00,1.2479475807974432e-16,False
2021-07-06 20:30:00,1.1923422964661797e-16,False
2021-07-06 20:40:00,1.256017398160437e-16,False
2021-07-06 20:50:00,1.1724313004644033e-16,False
2021-07-06 21:00:00,1.2975505954685494e-16,False
2021-07-06 21:10:00,1.0881253903107237e-16,False
2021-07-06 21:20:00,1.3571530700269382e-16,False
2021-07-06 21:30:00,1.2681798960353655e-16,False
2021-07-06 21:40:00,1.233158533608742e-16,False
2021-07-06 21:50:00,1.0833956770887022e-16,False
2021-07-06 22:00:00,8.441264660561809e-17,False
2021-07-06 22:10:00,1.3690606108655713e-16,False
2021-07-06 22:20:00,9.649441698826698e-17,False
2021-07-06 22:30:00,1.237426142376919e-16,False
2021-07-06 22:40:00,1.1461870983579078e-16,False
2021-07-06 22:50:00,1.0143350728859096e-16,False
2021-07-06 23:00:00,1.1627687856910974e-16,False
2021-07-06 23:10:00,1.1355471771771812e-16,False
2021-07-06 23:20:00,1.1288062467733085e-16,False
2021-07-06 23:30:00,1.2485522557277738e-16,False
2021-07-06 23:40:00,1.201521332647549e-16,False
2021-07-06 23:50:00,1.1626991614808655e-16,False
2021-07-07 00:00:00,1.0450150499924429e-16,False
2021-07-07 00:10:00,1.2651397381613392e-16,False
2021-07-07 00:20:00,1.2231771398184866e-16,False
2021-07-07 00:30:00,1.2284186262660779e-16,False
2021-07-07 00:40:00,1.2739971863512185e-16,False
2021-07-07 00:50:00,1.0681279838508202e-16,False
2021-07-07 01:00:00,1.1342101109889228e-16,False
2021-07-07 01:10:00,1.1884048065813804e-16,False
2021-07-07 01:20:00,1.1128712618631487e-16,False
2021-07-07 01:30:00,1.1272243340293147e-16,False
2021-07-07 01:40:00,1.324827559038859e-16,False
2021-07-07 01:50:00,1.0846541130466052e-16,False
2021-07-07 02:00:00,1.127639684549688e-16,False
2021-07-07 02:10:00,1.2346055044256045e-16,False
2021-07-07 02:20:00,1.596127710418718e-16,False
2021-07-07 02:30:00,1.0865038582601625e-16,False
2021-07-07 02:40:00,1.2466310609266958e-16,False
2021-07-07 02:50:00,1.0278246679585266e-16,False
2021-07-07 03:00:00,1.1407773032428185e-16,False
2021-07-07 03:10:00,,False
2021-07-07 03:20:00,1.1253827126504364e-16,False
2021-07-07 03:30:00,1.18784378045098e-16,False
2021-07-07 03:40:00,,False
2021-07-07 03:50:00,1.4161819839209647e-16,False
2021-07-07 04:00:00,1.1107173862940913e-16,False
2021-07-07 04:10:00,1.123122970232556e-16,False
2021-07-07 04:20:00,1.347114682613003e-16,False
2021-07-07 04:30:00,1.3144193431252672e-16,False
2021-07-07 04:40:00,1.1889189414007377e-16,False
2021-07-07 04:50:00,1.3939236292354154e-16,False
2021-07-07 05:00:00,1.1137514864858329e-16,False
2021-07-07 05:10:00,1.2066056193689981e-16,False
2021-07-07 05:20:00,1.1411611794696248e-16,False
2021-07-07 05:30:00,1.1662770635690828e-16,False
2021-07-07 05:40:00,1.38219394526568e-16,False
2021-07-07 05:50:00,1.2477685110034439e-16,False
2021-07-07 06:00:00,1.1807832401398754e-16,False
2021-07-07 06:10:00,1.1170446967941825e-16,False
2021-07-07 06:20:00,1.1566442835712176e-16,False
2021-07-07 06:30:00,1.1243817798048782e-16,False
2021-07-07 06:40:00,1.2978743304674182e-16,False
2021-07-07 06:50:00,1.2348279850239116e-16,False
2021-07-07 07:00:00,1.2100707250752007e-16,False
2021-07-07 07:10:00,1.2636145486102613e-16,False
2021-07-07 07:20:00,1.4423414003492216e-16,False
2021-07-07 07:30:00,1.147925678202442e-16,False
2021-07-07 07:40:00,1.169090450119214e-16,False
2021-07-07 07:50:00,1.4628789352757196e-16,False
2021-07-07 08:00:00,1.1747455205165138e-16,False
2021-07-07 08:10:00,1.287521059846759e-16,False
2021-07-07 08:20:00,1.4360176091282158e-16,False
2021-07-07 08:30:00,1.1741310925484544e-16,False
2021-07-07 08:40:00,1.2260784381774124e-16,False
2021-07-07 08:50:00,1.1111514313828117e-16,False
2021-07-07 09:00:00,1.2594210076221254e-16,False
2021-07-07 09:10:00,1.2314108230556696e-16,False
2021-07-07 09:20:00,1.1508959753679436e-16,False
2021-07-07 09:30:00,1.138766601074072e-16,False
2021-07-07 09:40:00,,False
2021-07-07 09:50:00,1.2967186550302236e-16,False
2021-07-07 10:00:00,1.300657788935152e-16,False
2021-07-07 10:10:00,,False
2021-07-07 10:20:00,1.08522052630597e-16,False
2021-07-07 10:30:00,1.35783799586377e-16,False
2021-07-07 10:40:00,1.238341397298943e-16,False
2021-07-07 10:50:00,1.199906514920147e-16,False
2021-07-07 11:00:00,1.0420384284229945e-16,False
2021-07-07 11:10:00,1.1653604144262308e-16,False
2021-07-07 11:20:00,9.830403928438572e-17,False
2021-07-07 11:30:00,1.2883660001123083e-16,False
2021-07-07 11:40:00,1.4771971412557188e-16,False
2021-07-07 11:50:00,1.0567359779655058e-16,False
2021-07-07 12:00:00,1.4269144814348705e-16,False
2021-07-07 12:10:00,1.2517220213121193e-16,False
2021-07-07 12:20:00,1.0094051065724083e-16,False
2021-07-07 12:30:00,1.2815776354685696e-16,False
2021-07-07 12:40:00,1.3731506678171486e-16,False
2021-07-07 12:50:00,1.1372502497631315e-16,False
2021-07-07 13:00:00,1.2280129930122191e-16,False
2021-07-07 13:10:00,1.2710789184431932e-16,False
2021-07-07 13:20:00,1.1129966419513327e-16,False
2021-07-07 13:30:00,1.3074276237823885e-16,False
2021-07-07 13:40:00,1.4893234647981994e-16,False
2021-07-07 13:50:00,1.4130424842880125e-16,False
2021-07-07 14:00:00,1.197708156680139e-16,False
2021-07-07 14:10:00,1.2490659218519876e-16,False
2021-07-07 14:20:00,1.0788260462826372e-16,False
2021-07-07 14:30:00,1.123090304133164e-16,False
2021-07-07 14:40:00,1.1407218651645192e-16,False
2021-07-07 14:50:00,1.1853514938106877e-16,False
2021-07-07 15:00:00,1.2474571084161695e-16,False
2021-07-07 15:10:00,1.1999104132312032e-16,False
2021-07-07 15:20:00,1.0760108897675321e-16,False
2021-07-07 15:30:00,1.1791719565368157e-16,False
2021-07-07 15:40:00,1.135453626339256e-16,False
2021-07-07 15:50:00,1.1268100943888672e-16,False
2021-07-07 16:00:00,1.1280933229626499e-16,False
2021-07-07 16:10:00,1.1579356975409056e-16,False
2021-07-07 16:20:00,1.4760143435034813e-16,False
2021-07-07 16:30:00,1.2153181239321034e-16,False
2021-07-07 16:40:00,1.3995255537031628e-16,False
2021-07-07 16:50:00,1.3180999690523885e-16,False
2021-07-07 17:00:00,1.1790573031567682e-16,False
2021-07-07 17:10:00,1.3413659781098536e-16,False
2021-07-07 17:20:00,1.3467579645121137e-16,False
2021-07-07 17:30:00,1.2250824079700803e-16,False
2021-07-07 17:40:00,1.1524682832811618e-16,False
2021-07-07 17:50:00,9.165077709767024e-17,False
2021-07-07 18:00:00,1.2979590330165784e-16,False
2021-07-07 18:10:00,1.3223933665220059e-16,False
2021-07-07 18:20:00,1.331912448681844e-16,False
2021-07-07 18:30:00,1.3847606123732934e-16,False
2021-07-07 18:40:00,1.2346185613019449e-16,False
2021-07-07 18:50:00,1.4888451903810442e-16,False
2021-07-07 19:00:00,1.1059151732124467e-16,False
2021-07-07 19:10:00,1.1951715780853396e-16,False
2021-07-07 19:20:00,1.2361142627509523e-16,False
2021-07-07 19:30:00,1.1636547836466293e-16,False
2021-07-07 19:40:00,1.2657930760073473e-16,False
2021-07-07 19:50:00,1.3955525692580598e-16,False
2021-07-07 20:00:00,1.157364161680453e-16,False
2021-07-07 20:10:00,1.1767894635423511e-16,False
2021-07-07 20:20:00,1.0617869731683201e-16,False
2021-07-07 20:30:00,1.0788740905639417e-16,False
2021-07-07 20:40:00,1.5035986497156883e-16,False
2021-07-07 20:50:00,1.1575703729761226e-16,False
2021-07-07 21:00:00,1.3034323518576064e-16,False
2021-07-07 21:10:00,1.3987935941894153e-16,False
2021-07-07 21:20:00,1.1309974382492633e-16,False
2021-07-07 21:30:00,1.2884646913752174e-16,False
2021-07-07 21:40:00,1.0679489810851139e-16,False
2021-07-07 21:50:00,1.11224083443256e-16,False
2021-07-07 22:00:00,1.291570642651444e-16,False
2021-07-07 22:10:00,1.1270851284824546e-16,False
2021-07-07 22:20:00,1.2141814088282072e-16,False
2021-07-07 22:30:00,1.1890325653858277e-16,False
2021-07-07 22:40:00,1.318468290183003e-16,False
2021-07-07 22:50:00,1.1969191112331878e-16,False
2021-07-07 23:00:00,1.1868994569198067e-16,False
2021-07-07 23:10:00,1.329827892823291e-16,False
2021-07-07 23:20:00,1.1253361584177756e-16,False
2021-07-07 23:30:00,1.2911788150715867e-16,False
2021-07-07 23:40:00,9.644108400200558e-17,False
2021-07-07 23:50:00,1.0953911281132499e-16,False
2021-07-08 00:00:00,1.0261334259915779e-16,False
2021-07-08 00:10:00,1.2378102730131586e-16,False
2021-07-08 00:20:00,1.4231534052840912e-16,False
2021-07-08 00:30:00,9.363543233795449e-17,False
2021-07-08 00:40:00,1.3303144679818553e-16,False
2021-07-08 00:50:00,1.208930794458786e-16,False
2021-07-08 01:00:00,1.3008738297758222e-16,False
2021-07-08 01:10:00,9.929239944085982e-17,False
2021-07-08 01:20:00,1.3459825518884886e-16,False
2021-07-08 01:30:00,1.341713009286186e-16,False
2021-07-08 01:40:00,1.2118461146536084e-16,False
2021-07-08 01:50:00,1.2717865459614515e-16,False
2021-07-08 02:00:00,9.766605701942813e-17,False
2021-07-08 02:10:00,1.349581787187836e-16,False
2021-07-08 02:20:00,1.3526552851841025e-16,False
2021-07-08 02:30:00,1.109145790130717e-16,False
2021-07-08 02:40:00,1.2235746537235733e-16,False
2021-07-08 02:50:00,1.3235765308368745e-16,False
2021-07-08 03:00:00,1.2923091141639486e-16,False
2021-07-08 03:10:00,1.1439483193281543e-16,False
2021-07-08 03:20:00,1.3134111730324246e-16,False
2021-07-08 03:30:00,1.2380062168309994e-16,False
2021-07-08 03:40:00,1.0538363273820102e-16,False
2021-07-08 03:50:00,1.323479418181045e-16,False
2021-07-08 04:00:00,1.2592406903733087e-16,False
2021-07-08 04:10:00,1.0778470313302416e-16,False
2021-07-08 04:20:00,1.2407417361019795e-16,False
2021-07-08 04:30:00,1.153607773498733e-16,False
2021-07-08 04:40:00,1.2088041768867085e-16,False
2021-07-08 04:50:00,1.237625779300569e-16,False
2021-07-08 05:00:00,1.2438783092009409e-16,False
2021-07-08 05:10:00,1.0867532523172788e-16,False
2021-07-08 05:20:00,1.186706055266354e-16,False
2021-07-08 05:30:00,1.4874882847804554e-16,False
2021-07-08 05:40:00,1.3515390670216607e-16,False
2021-07-08 05:50:00,,False
2021-07-08 06:00:00,1.208314943757481e-16,False
2021-07-08 06:10:00,1.1537697399211528e-16,False
2021-07-08 06:20:00,1.2174661815975933e-16,False
2021-07-08 06:30:00,1.2377977581427557e-16,False
2021-07-08 06:40:00,1.3649537203502442e-16,False
2021-07-08 06:50:00,1.2300479008786777e-16,False
2021-07-08 07:00:00,1.3322465556590414e-16,False
2021-07-08 07:10:00,1.0655954143091757e-16,False
2021-07-08 07:20:00,,False
2021-07-08 07:30:00,1.143300968082067e-16,False
2021-07-08 07:40:00,1.0810400456687417e-16,False
2021-07-08 07:50:00,1.133940573441319e-16,False
2021-07-08 08:00:00,1.1342139260417756e-16,False
2021-07-08 08:10:00,1.2003597278603291e-16,False
2021-07-08 08:20:00,1.0362845746356027e-16,False
2021-07-08 08:30:00,1.2199339414733434e-16,False
2021-07-08 08:40:00,,False
2021-07-08 08:50:00,1.26034182330125e-16,False
2021-07-08 09:00:00,1.1456408323614018e-16,False
2021-07-08 09:10:00,1.24159133046307e-16,False
2021-07-08 09:20:00,1.319532045971716e-16,False
2021-07-08 09:30:00,1.2846980827365495e-16,False
2021-07-08 09:40:00,1.300672575864858e-16,False
2021-07-08 09:50:00,1.2597587235862802e-16,False
2021-07-08 10:00:00,1.4563217255085408e-16,False
2021-07-08 10:10:00,1.1955522268618354e-16,False
2021-07-08 10:20:00,1.138561696648207e-16,False
2021-07-08 10:30:00,1.2099559890579985e-16,False
2021-07-08 10:40:00,1.323213196091573e-16,False
2021-07-08 10:50:00,1.3606105994543076e-16,False
2021-07-08 11:00:00,1.182267605712244e-16,False
2021-07-08 11:10:00,1.3970721699907775e-16,False
2021-07-08 11:20:00,1.2570031991726793e-16,False
2021-07-08 11:30:00,1.2811259855891432e-16,False
2021-07-08 11:40:00,1.0908290779312319e-16,False
2021-07-08 11:50:00,1.0248929001161898e-16,False
2021-07-08 12:00:00,1.293062687637199e-16,False
2021-07-08 12:10:00,1.246511614316698e-16,False
2021-07-08 12:20:00,1.0514904063148583e-16,False
2021-07-08 12:30:00,1.0465064842467714e-16,False
2021-07-08 12:40:00,1.3698506226708614e-16,False
2021-07-08 12:50:00,9.638821574687972e-17,False
2021-07-08 13:00:00,1.2477267747921385e-16,False
2021-07-08 13:10:00,1.195771461584736e-16,False
2021-07-08 13:20:00,1.312549453909368e-16,False
2021-07-08 13:30:00,,False
2021-07-08 13:40:00,9.939275840523896e-17,False
2021-07-08 13:50:00,1.4033747580372353e-16,False
2021-07-08 14:00:00,1.4197982002047898e-16,False
2021-07-08 14:10:00,1.0685640605968709e-16,False
2021-07-08 14:20:00,1.0992128860413856e-16,False
2021-07-08 14:30:00,1.2236720588932024e-16,False
2021-07-08 14:40:00,1.3112959060514028e-16,False
2021-07-08 14:50:00,1.0596678696579046e-16,False
2021-07-08 15:00:00,1.2112707331664285e-16,False
2021-07-08 15:10:00,1.1465622258846813e-16,False
2021-07-08 15:20:00,1.2141884890576943e-16,False
2021-07-08 15:30:00,1.361410324425013e-16,False
2021-07-08 15:40:00,1.0936310510948863e-16,False
2021-07-08 15:50:00,1.1010159033829975e-16,False
2021-07-08 16:00:00,1.287286801221889e-16,False
2021-07-08 16:10:00,1.165668184603254e-16,False
2021-07-08 16:20:00,1.2409616719095835e-16,False
2021-07-08 16:30:00,9.781693130017046e-17,False
2021-07-08 16:40:00,,False
2021-07-08 16:50:00,1.389193057651344e-16,False
2021-07-08 17:00:00,1.0580321351214926e-16,False
2021-07-08 17:10:00,1.343180194784067e-16,False
2021-07-08 17:20:00,1.169393548840557e-16,False
2021-07-08 17:30:00,1.198965420769877e-16,False
2021-07-08 17:40:00,,False
2021-07-08 17:50:00,,False
2021-07-08 18:00:00,1.1476554490551789e-16,False
2021-07-08 18:10:00,1.202504976033648e-16,False
2021-07-08 18:20:00,1.2367406302332387e-16,False
2021-07-08 18:30:00,,False
2021-07-08 18:40:00,1.312034020759188e-16,False
2021-07-08 18:50:00,1.2972810851945102e-16,False
2021-07-08 19:00:00,1.4760415002058075e-16,False
2021-07-08 19:10:00,1.1594758469014713e-16,False
2021-07-08 19:20:00,1.284728826712614e-16,False
2021-07-08 19:30:00,1.2301401512373628e-16,False
2021-07-08 19:40:00,1.2058999560572404e-16,False
2021-07-08 19:50:00,1.0985593113711661e-16,False
2021-07-08 20:00:00,1.2240316607905106e-16,False
2021-07-08 20:10:00,,False
2021-07-08 20:20:00,,False
2021-07-08 20:30:00,1.3025923000004475e-16,False
2021-07-08 20:40:00,1.169918208441357e-16,False
2021-07-08 20:50:00,1.1108325497355366e-16,False
2021-07-08 21:00:00,1.1598574330293491e-16,False
2021-07-08 21:10:00,1.2759363998457486e-16,False
2021-07-08 21:20:00,1.2822425349868712e-16,False
2021-07-08 21:30:00,1.2505489951765407e-16,False
2021-07-08 21:40:00,9.357717173989833e-17,False
2021-07-08 21:50:00,1.1760940821259895e-16,False
2021-07-08 22:00:00,1.082251871512512e-16,False
2021-07-08 22:10:00,1.2601584112161788e-16,False
2021-07-08 22:20:00,1.1264349920044256e-16,False
2021-07-08 22:30:00,1.3339121738917866e-16,False
2021-07-08 22:40:00,1.0277902618930066e-16,False
2021-07-08 22:50:00,1.390773717570159e-16,False
2021-07-08 23:00:00,1.339344762305127e-16,False
2021-07-08 23:10:00,9.324736334200523e-17,False
2021-07-08 23:20:00,1.1574900171066153e-16,False
2021-07-08 23:30:00,1.4371218881976299e-16,False
2021-07-08 23:40:00,1.0613832727477429e-16,False
2021-07-08 23:50:00,1.3163803912175525e-16,False
2021-07-09 00:00:00,1.145709180395724e-16,False
2021-07-09 00:10:00,1.2128921261408185e-16,False
2021-07-09 00:20:00,1.3122459132948043e-16,False
2021-07-09 00:30:00,1.409576941714091e-16,False
2021-07-09 00:40:00,,False
2021-07-09 00:50:00,1.215233662981681e-16,False
2021-07-09 01:00:00,1.1523919927736764e-16,False
2021-07-09 01:10:00,1.5164516670055583e-16,False
2021-07-09 01:20:00,1.1766330995064844e-16,False
2021-07-09 01:30:00,1.1931360030399724e-16,False
2021-07-09 01:40:00,1.2045280369662503e-16,False
2021-07-09 01:50:00,1.0507705153143372e-16,False
2021-07-09 02:00:00,1.2629505759005516e-16,False
2021-07-09 02:10:00,1.2944769483210773e-16,False
2021-07-09 02:20:00,1.2935920972279232e-16,False
2021-07-09 02:30:00,1.1789146963625785e-16,False
2021-07-09 02:40:00,1.1313476822736935e-16,False
2021-07-09 02:50:00,1.4099232522801317e-16,False
2021-07-09 03:00:00,1.1580187117289224e-16,False
2021-07-09 03:10:00,1.3020584924513985e-16,False
2021-07-09 03:20:00,1.1201221650036652e-16,False
2021-07-09 03:30:00,1.4717043507416913e-16,False
2021-07-09 03:40:00,1.2122431892489213e-16,False
2021-07-09 03:50:00,9.494070191419049e-17,False
2021-07-09 04:00:00,1.19397826603037e-16,False
2021-07-09 04:10:00,1.148154040839111e-16,False
2021-07-09 04:20:00,1.2675209432108494e-16,False
2021-07-09 04:30:00,1.341517074913318e-16,False
2021-07-09 04:40:00,1.1081424926033322e-16,False
2021-07-09 04:50:00,1.0743712277391956e-16,False
2021-07-09 05:00:00,1.2881963400818735e-16,False
2021-07-09 05:10:00,1.27785079457028e-16,False
2021-07-09 05:20:00,9.543606776770533e-17,False
2021-07-09 05:30:00,1.2854577791739896e-16,False
2021-07-09 05:40:00,1.4847506491169705e-16,False
2021-07-09 05:50:00,1.2795961395798139e-16,False
2021-07-09 06:00:00,1.2714271103932112e-16,False
2021-07-09 06:10:00,1.3608947779661752e-16,False
2021-07-09 06:20:00,1.1449200752392992e-16,False
2021-07-09 06:30:00,1.2188206225265808e-16,False
2021-07-09 06:40:00,1.2017759549927184e-16,False
2021-07-09 06:50:00,,False
2021-07-09 07:00:00,1.0670617611855243e-16,False
2021-07-09 07:10:00,1.0833274920693654e-16,False
2021-07-09 07:20:00,1.1951809136641976e-16,False
2021-07-09 07:30:00,1.2909613887823705e-16,False
2021-07-09 07:40:00,1.1153283629674276e-16,False
2021-07-09 07:50:00,1.217054334690345e-16,False
2021-07-09 08:00:00,1.229232070145746e-16,False
2021-07-09 08:10:00,1.1320288579597988e-16,False
2021-07-09 08:20:00,1.1679151501731012e-16,False
2021-07-09 08:30:00,1.129952984691159e-16,False
2021-07-09 08:40:00,1.5406097685623586e-16,False
2021-07-09 08:50:00,1.1098529345692891e-16,False
2021-07-09 09:00:00,1.423158575460383e-16,False
2021-07-09 09:10:00,1.2224329935896831e-16,False
2021-07-09 09:20:00,1.2198652025745977e-16,False
2021-07-09 09:30:00,1.138025853972139e-16,False
2021-07-09 09:40:00,1.4825968314354457e-16,False
2021-07-09 09:50:00,1.279728254718468e-16,False
2021-07-09 10:00:00,1.294616495011768e-16,False
2021-07-09 10:10:00,1.0687799989975135e-16,False
2021-07-09 10:20:00,1.2462418947366303e-16,False
2021-07-09 10:30:00,1.289937752369658e-16,False
2021-07-09 10:40:00,1.0523839866885005e-16,False
2021-07-09 10:50:00,1.1711670358860948e-16,False
2021-07-09 11:00:00,1.1524747621528675e-16,False
2021-07-09 11:10:00,1.1313578347522024e-16,False
2021-07-09 11:20:00,1.2471826114217765e-16,False
2021-07-09 11:30:00,1.3480894716398761e-16,False
2021-07-09 11:40:00,1.387313372107153e-16,False
2021-07-09 11:50:00,1.2076220819295744e-16,False
2021-07-09 12:00:00,1.2900215119625494e-16,False
2021-07-09 12:10:00,1.2048612998099882e-16,False
2021-07-09 12:20:00,1.308470974813991e-16,False
2021-07-09 12:30:00,1.3515898646631818e-16,False
2021-07-09 12:40:00,1.281844982280516e-16,False
2021-07-09 12:50:00,1.3950388732452957e-16,False
2021-07-09 13:00:00,1.1262641831477136e-16,False
2021-07-09 13:10:00,1.42053032259108e-16,False
2021-07-09 13:20:00,1.4290186923499348e-16,False
2021-07-09 13:30:00,9.450524233684646e-17,False
2021-07-09 13:40:00,1.2088980011845754e-16,False
2021-07-09 13:50:00,1.1818435476364404e-16,False
2021-07-09 14:00:00,1.2374251350141113e-16,False
2021-07-09 14:10:00,1.3318944141278278e-16,False
2021-07-09 14:20:00,1.37975239821311e-16,False
2021-07-09 14:30:00,,False
2021-07-09 14:40:00,1.2359379658145816e-16,False
2021-07-09 14:50:00,1.2721897392238969e-16,False
2021-07-09 15:00:00,1.2556074026013325e-16,False
2021-07-09 15:10:00,1.1676421278444567e-16,False
2021-07-09 15:20:00,1.2641176730863883e-16,False
2021-07-09 15:30:00,1.1997709222025337e-16,False
2021-07-09 15:40:00,1.3436403626526664e-16,False
2021-07-09 15:50:00,1.2443265678959032e-16,False
2021-07-09 16:00:00,1.4160902239955074e-16,False
2021-07-09 16:10:00,,False
2021-07-09 16:20:00,1.1114430398009757e-16,False
2021-07-09 16:30:00,1.1399351329199657e-16,False
2021-07-09 16:40:00,1.4651844495381658e-16,False
2021-07-09 16:50:00,1.154721488611098e-16,False
2021-07-09 17:00:00,1.1334426598493887e-16,False
2021-07-09 17:10:00,1.2112118924770106e-16,False
2021-07-09 17:20:00,1.1626073861736392e-16,False
2021-07-09 17:30:00,1.2706616087665443e-16,False
2021-07-09 17:40:00,1.1921157700887051e-16,False
2021-07-09 17:50:00,1.124533317270778e-16,False
2021-07-09 18:00:00,1.4021258156362984e-16,False
2021-07-09 18:10:00,1.2138741866956075e-16,False
2021-07-09 18:20:00,1.2517379437585128e-16,False
2021-07-09 18:30:00,1.4205525961830583e-16,False
2021-07-09 18:40:00,1.5128966133347736e-16,False
2021-07-09 18:50:00,1.1867256952039275e-16,False
2021-07-09 19:00:00,1.0886080893108934e-16,False
2021-07-09 19:10:00,1.2975847151559183e-16,False
2021-07-09 19:20:00,1.0882544286259021e-16,False
2021-07-09 19:30:00,1.193915897729566e-16,False
2021-07-09 19:40:00,1.2972272049304205e-16,False
2021-07-09 19:50:00,1.3164530022369286e-16,False
2021-07-09 20:00:00,1.2068042473661418e-16,False
2021-07-09 20:10:00,1.266674440366736e-16,False
2021-07-09 20:20:00,1.3297383887609818e-16,False
2021-07-09 20:30:00,1.216235741220642e-16,False
2021-07-09 20:40:00,1.1806560910833012e-16,False
2021-07-09 20:50:00,1.2778120994935703e-16,False
2021-07-09 21:00:00,1.4583055472507322e-16,False
2021-07-09 21:10:00,1.262667371111731e-16,False
2021-07-09 21:20:00,1.0018697170277597e-16,False
2021-07-09 21:30:00,9.751629876370465e-17,False
2021-07-09 21:40:00,1.1643283053229707e-16,False
2021-07-09 21:50:00,1.2971482687645657e-16,False
2021-07-09 22:00:00,1.4049175580260163e-16,False
2021-07-09 22:10:00,1.0748373968148909e-16,False
2021-07-09 22:20:00,1.2457271354421745e-16,False
2021-07-09 22:30:00,1.187111595790029e-16,False
2021-07-09 22:40:00,1.1493560852263855e-16,False
2021-07-09 22:50:00,9.908637417122499e-17,False
2021-07-09 23:00:00,9.951237811986127e-17,False
2021-07-09 23:10:00,1.1887536198763055e-16,False
2021-07-09 23:20:00,1.1162137364109112e-16,False
2021-07-09 23:30:00,1.3604393360201257e-16,False
2021-07-09 23:40:00,1.2103723139325674e-16,False
2021-07-09 23:50:00,1.3431274251100863e-16,False
2021-07-10 00:00:00,1.134399874588234e-16,False
2021-07-10 00:10:00,1.2562861955202365e-16,False
2021-07-10 00:20:00,1.2551526438623198e-16,False
2021-07-10 00:30:00,1.2936619815106353e-16,False
2021-07-10 00:40:00,1.158385372522276e-16,False
2021-07-10 00:50:00,1.3763530417223397e-16,False
2021-07-10 01:00:00,1.2065920859671835e-16,False
2021-07-10 01:10:00,1.2191391649664723e-16,False
2021-07-10 01:20:00,1.0032681272343803e-16,False
2021-07-10 01:30:00,1.0251581180033136e-16,False
2021-07-10 01:40:00,9.987259644325999e-17,False
2021-07-10 01:50:00,,False
2021-07-10 02:00:00,1.3106997833362147e-16,False
2021-07-10 02:10:00,1.0502209874318298e-16,False
2021-07-10 02:20:00,1.1159719436955868e-16,False
2021-07-10 02:30:00,,False
2021-07-10 02:40:00,1.1708631108780723e-16,False
2021-07-10 02:50:00,1.120717476005012e-16,False
2021-07-10 03:00:00,,False
2021-07-10 03:10:00,1.3053484073922436e-16,False
2021-07-10 03:20:00,1.3376385432960458e-16,False
2021-07-10 03:30:00,1.2192533146986162e-16,False
2021-07-10 03:40:00,1.2486632170453307e-16,False
2021-07-10 03:50:00,1.1744433232044678e-16,False
2021-07-10 04:00:00,1.2594969838200816e-16,False
2021-07-10 04:10:00,8.010877030960016e-17,False
2021-07-10 04:20:00,1.2678722048558774e-16,False
2021-07-10 04:30:00,1.444555740534058e-16,False
2021-07-10 04:40:00,1.124151148847308e-16,False
2021-07-10 04:50:00,1.5530429842771183e-16,False
2021-07-10 05:00:00,1.2158179040024046e-16,False
2021-07-10 05:10:00,1.1175546762663672e-16,False
2021-07-10 05:20:00,,False
2021-07-10 05:30:00,1.1345003605881696e-16,False
2021-07-10 05:40:00,1.265727064759442e-16,False
2021-07-10 05:50:00,1.4238419140339893e-16,False
2021-07-10 06:00:00,1.055507163758708e-16,False
2021-07-10 06:10:00,1.4572980779469025e-16,False
2021-07-10 06:20:00,1.2412481983244499e-16,False
2021-07-10 06:30:00,1.2600477499052643e-16,False
2021-07-10 06:40:00,1.250323553196847e-16,False
2021-07-10 06:50:00,1.139711166940481e-16,False
2021-07-10 07:00:00,1.1869472217825756e-16,False
2021-07-10 07:10:00,1.280144563611308e-16,False
2021-07-10 07:20:00,1.305265977978345e-16,False
2021-07-10 07:30:00,1.1365555259891548e-16,False
2021-07-10 07:40:00,1.195996061565666e-16,False
2021-07-10 07:50:00,9.953545797539809e-17,False
2021-07-10 08:00:00,,False
2021-07-10 08:10:00,1.3905372746104058e-16,False
2021-07-10 08:20:00,1.375584692601667e-16,False
2021-07-10 08:30:00,1.33514785379259e-16,False
2021-07-10 08:40:00,1.2716673049524483e-16,False
2021-07-10 08:50:00,1.2469915759817097e-16,False
2021-07-10 09:00:00,1.18540321962812e-16,False
2021-07-10 09:10:00,1.1241965696113567e-16,False
2021-07-10 09:20:00,1.2152865864001255e-16,False
2021-07-10 09:30:00,1.2888967298459493e-16,False
2021-07-10 09:40:00,1.0408134677865528e-16,False
2021-07-10 09:50:00,9.929717112856339e-17,False
2021-07-10 10:00:00,1.4112896045139013e-16,False
2021-07-10 10:10:00,1.164087011381266e-16,False
2021-07-10 10:20:00,1.2004965057047673e-16,False
2021-07-10 10:30:00,1.0719473834619314e-16,False
2021-07-10 10:40:00,1.248129487123648e-16,False
2021-07-10 10:50:00,1.1303596786952305e-16,False
2021-07-10 11:00:00,1.0362740899477922e-16,False
2021-07-10 11:10:00,1.1790444039909592e-16,False
2021-07-10 11:20:00,1.4625448530693653e-16,False
2021-07-10 11:30:00,1.2765500091345951e-16,False
2021-07-10 11:40:00,1.2383361128933085e-16,False
2021-07-10 11:50:00,1.407111833400547e-16,False
2021-07-10 12:00:00,1.184084721076657e-16,False
2021-07-10 12:10:00,1.2356945822019449e-16,False
2021-07-10 12:20:00,1.0974174109533145e-16,False
2021-07-10 12:30:00,1.2724019955738377e-16,False
2021-07-10 12:40:00,1.174269006408767e-16,False
2021-07-10 12:50:00,1.1869802316689324e-16,False
2021-07-10 13:00:00,1.0921477104843786e-16,False
2021-07-10 13:10:00,1.3598125199509474e-16,False
2021-07-10 13:20:00,1.2065841269341633e-16,False
2021-07-10 13:30:00,1.1528647511888456e-16,False
2021-07-10 13:40:00,1.225584811504977e-16,False
2021-07-10 13:50:00,,False
2021-07-10 14:00:00,1.2098650623608603e-16,False
2021-07-10 14:10:00,1.0946990232538655e-16,False
2021-07-10 14:20:00,1.1224344124280364e-16,False
2021-07-10 14:30:00,1.211644902382515e-16,False
2021-07-10 14:40:00,1.0498302069630098e-16,False
2021-07-10 14:50:00,1.2844736746643478e-16,False
2021-07-10 15:00:00,1.2085803296759852e-16,False
2021-07-10 15:10:00,1.1390901022664094e-16,False
2021-07-10 15:20:00,1.2319815276462373e-16,False
2021-07-10 15:30:00,1.1637613932907958e-16,False
2021-07-10 15:40:00,1.3649207316370625e-16,False
2021-07-10 15:50:00,1.2483018439153558e-16,False
2021-07-10 16:00:00,1.3205041891683096e-16,False
2021-07-10 16:10:00,,False
2021-07-10 16:20:00,1.0869772343293929e-16,False
2021-07-10 16:30:00,1.1897281031531806e-16,False
2021-07-10 16:40:00,1.2804406256384125e-16,False
2021-07-10 16:50:00,1.1980204513375974e-16,False
2021-07-10 17:00:00,1.2763312342354561e-16,False
2021-07-10 17:10:00,1.4030646666551158e-16,False
2021-07-10 17:20:00,1.2767557386331466e-16,False
2021-07-10 17:30:00,1.139242341720103e-16,False
2021-07-10 17:40:00,1.0729975612957169e-16,False
2021-07-10 17:50:00,9.967930571584467e-17,False
2021-07-10 18:00:00,,False
2021-07-10 18:10:00,1.4474852938653438e-16,False
2021-07-10 18:20:00,1.1909440531704404e-16,False
2021-07-10 18:30:00,1.319719163348193e-16,False
2021-07-10 18:40:00,1.2237678795393173e-16,False
2021-07-10 18:50:00,1.356161169787522e-16,False
2021-07-10 19:00:00,1.2540372947829438e-16,False
2021-07-10 19:10:00,1.2033121853253215e-16,False
2021-07-10 19:20:00,1.1244007471413926e-16,False
2021-07-10 19:30:00,1.2213349474467167e-16,False
2021-07-10 19:40:00,9.738098697720536e-17,False
2021-07-10 19:50:00,1.177880380747575e-16,False
2021-07-10 20:00:00,1.3444805260302782e-16,False
2021-07-10 20:10:00,1.0616749081559306e-16,False
2021-07-10 20:20:00,1.2568258414175758e-16,False
2021-07-10 20:30:00,1.2896353875309333e-16,False
2021-07-10 20:40:00,1.2882626082804639e-16,False
2021-07-10 20:50:00,1.2815510745368177e-16,False
2021-07-10 21:00:00,1.2111597553901157e-16,False
2021-07-10 21:10:00,1.2088232204969414e-16,False
2021-07-10 21:20:00,1.3673639073571383e-16,False
2021-07-10 21:30:00,1.2134747945517627e-16,False
2021-07-10 21:40:00,,False
2021-07-10 21:50:00,1.098176376569606e-16,False
2021-07-10 22:00:00,1.0023772999544166e-16,False
2021-07-10 22:10:00,1.269153252839392e-16,False
2021-07-10 22:20:00,1.2295182633387063e-16,False
2021-07-10 22:30:00,1.2638787494546778e-16,False
2021-07-10 22:40:00,1.1459112845676753e-16,False
2021-07-10 22:50:00,1.1720398513852406e-16,False
2021-07-10 23:00:00,1.3921070209702396e-16,False
2021-07-10 23:10:00,1.4937588890456462e-16,False
2021-07-10 23:20:00,1.353366017632456e-16,False
2021-07-10 23:30:00,1.3086812915275366e-16,False
2021-07-10 23:40:00,9.931655414393039e-17,False
2021-07-10 23:50:00,1.1785862809273306e-16,False
2021-07-11 00:00:00,1.1481195861361337e-16,False
2021-07-11 00:10:00,1.3995350850972408e-16,False
2021-07-11 00:20:00,1.2833288318598088e-16,False
2021-07-11 00:30:00,1.3180002365686022e-16,False
2021-07-11 00:40:00,1.3990377917578827e-16,False
2021-07-11 00:50:00,1.553468599700286e-16,False
2021-07-11 01:00:00,1.2147846325172157e-16,False
2021-07-11 01:10:00,1.3570960222705609e-16,False
2021-07-11 01:20:00,1.0585011147764115e-16,False
2021-07-11 01:30:00,,False
2021-07-11 01:40:00,1.164061146034889e-16,False
2021-07-11 01:50:00,1.1943472732534288e-16,False
2021-07-11 02:00:00,1.2471436117519556e-16,False
2021-07-11 02:10:00,1.2851581103262068e-16,False
2021-07-11 02:20:00,1.2159804206054995e-16,False
2021-07-11 02:30:00,,False
2021-07-11 02:40:00,1.0827852045612144e-16,False
2021-07-11 02:50:00,1.2353895983652354e-16,False
2021-07-11 03:00:00,1.2100624730636936e-16,False
2021-07-11 03:10:00,1.3073375654875806e-16,False
2021-07-11 03:20:00,1.2364140448110578e-16,False
2021-07-11 03:30:00,1.2577801489433095e-16,False
2021-07-11 03:40:00,1.2647040511478433e-16,False
2021-07-11 03:50:00,1.2762480471048076e-16,False
2021-07-11 04:00:00,1.3294895545486534e-16,False
2021-07-11 04:10:00,,False
2021-07-11 04:20:00,1.253842863449169e-16,False
2021-07-11 04:30:00,1.1764533058365595e-16,False
2021-07-11 04:40:00,1.33744411402285e-16,False
2021-07-11 04:50:00,1.2272488581225167e-16,False
2021-07-11 05:00:00,1.1746751480498303e-16,False
2021-07-11 05:10:00,8.724653633029979e-17,False
2021-07-11 05:20:00,1.2130668032023803e-16,False
2021-07-11 05:30:00,1.1462912152514183e-16,False
2021-07-11 05:40:00,1.303346676674615e-16,False
2021-07-11 05:50:00,1.105130302720184e-16,False
2021-07-11 06:00:00,1.2598246561846693e-16,False
2021-07-11 06:10:00,1.5426456949323455e-16,False
2021-07-11 06:20:00,1.1426523091407497e-16,False
2021-07-11 06:30:00,1.1205626219999637e-16,False
2021-07-11 06:40:00,1.3829462141497343e-16,False
2021-07-11 06:50:00,1.249942383636855e-16,False
2021-07-11 07:00:00,1.395367915523007e-16,False
2021-07-11 07:10:00,1.2401845892846997e-16,False
2021-07-11 07:20:00,1.3874867900340276e-16,False
2021-07-11 07:30:00,1.118946551190672e-16,False
2021-07-11 07:40:00,1.157098243566422e-16,False
2021-07-11 07:50:00,1.1665333011666215e-16,False
2021-07-11 08:00:00,1.2360300972437903e-16,False
2021-07-11 08:10:00,1.2252704115133123e-16,False
2021-07-11 08:20:00,1.3229082123975864e-16,False
2021-07-11 08:30:00,1.1770425521985368e-16,False
2021-07-11 08:40:00,1.372696562200066e-16,False
2021-07-11 08:50:00,1.1935779042113804e-16,False
2021-07-11 09:00:00,1.1214969338164198e-16,False
2021-07-11 09:10:00,1.2848800199151188e-16,False
2021-07-11 09:20:00,1.1564624888302372e-16,False
2021-07-11 09:30:00,1.215801155959253e-16,False
2021-07-11 09:40:00,1.3102611876299704e-16,False
2021-07-11 09:50:00,1.2328860250281003e-16,False
2021-07-11 10:00:00,1.4357176614192385e-16,False
2021-07-11 10:10:00,1.2295164277752098e-16,False
2021-07-11 10:20:00,,False
2021-07-11 10:30:00,1.111848374760956e-16,False
2021-07-11 10:40:00,1.3306933438809724e-16,False
2021-07-11 10:50:00,1.3682190878890544e-16,False
2021-07-11 11:00:00,1.0357456635540212e-16,False
2021-07-11 11:10:00,1.280668762091137e-16,False
2021-07-11 11:20:00,1.2917932174193594e-16,False
2021-07-11 11:30:00,1.3231572802517508e-16,False
2021-07-11 11:40:00,1.4229239866500635e-16,False
2021-07-11 11:50:00,1.2685368571601316e-16,False
2021-07-11 12:00:00,1.2526609132288786e-16,False
2021-07-11 12:10:00,1.447531250892896e-16,False
2021-07-11 12:20:00,1.176002393383971e-16,False
2021-07-11 12:30:00,1.16143102614551e-16,False
2021-07-11 12:40:00,1.0390744907265597e-16,False
2021-07-11 12:50:00,1.254718342888777e-16,False
2021-07-11 13:00:00,1.1930874885378403e-16,False
2021-07-11 13:10:00,1.3212045715202552e-16,False
2021-07-11 13:20:00,,False
2021-07-11 13:30:00,1.4023741167869449e-16,False
2021-07-11 13:40:00,1.1915488844328963e-16,False
2021-07-11 13:50:00,1.2175476741084098e-16,False
2021-07-11 14:00:00,1.1080574546630397e-16,False
2021-07-11 14:10:00,1.2229780150326329e-16,False
2021-07-11 14:20:00,1.248080082683833e-16,False
2021-07-11 14:30:00,1.2800387229018223e-16,False
2021-07-11 14:40:00,1.1089622212549724e-16,False
2021-07-11 14:50:00,1.229294378177402e-16,False
2021-07-11 15:00:00,1.1637215940121016e-16,False
2021-07-11 15:10:00,1.372948230360546e-16,False
2021-07-11 15:20:00,1.131634379547367e-16,False
2021-07-11 15:30:00,1.420769927680982e-16,False
2021-07-11 15:40:00,1.2879380420456524e-16,False
2021-07-11 15:50:00,1.1197454321200105e-16,False
2021-07-11 16:00:00,1.2944187173938894e-16,False
2021-07-11 16:10:00,,False
2021-07-11 16:20:00,1.125384723648046e-16,False
2021-07-11 16:30:00,1.112229931916755e-16,False
2021-07-11 16:40:00,1.0484668951080338e-16,False
2021-07-11 16:50:00,1.1819551701209712e-16,False
2021-07-11 17:00:00,1.5204832372638306e-16,False
2021-07-11 17:10:00,1.211465583864174e-16,False
2021-07-11 17:20:00,1.1675292190141916e-16,False
2021-07-11 17:30:00,1.071145887164207e-16,False
2021-07-11 17:40:00,1.6917438330188172e-16,False
2021-07-11 17:50:00,1.196509780027353e-16,False
2021-07-11 18:00:00,1.1423684203278632e-16,False
2021-07-11 18:10:00,1.0641711089388281e-16,False
2021-07-11 18:20:00,1.2321758230866406e-16,False
2021-07-11 18:30:00,1.1702411218066262e-16,False
2021-07-11 18:40:00,,False
2021-07-11 18:50:00,1.1514063361767974e-16,False
2021-07-11 19:00:00,9.082341709763547e-17,False
2021-07-11 19:10:00,1.1773095078564705e-16,False
2021-07-11 19:20:00,1.2898643428382575e-16,False
2021-07-11 19:30:00,1.3149436624309068e-16,False
2021-07-11 19:40:00,1.4393163361377226e-16,False
2021-07-11 19:50:00,1.1933928772238094e-16,False
2021-07-11 20:00:00,1.2470904920690935e-16,False
2021-07-11 20:10:00,1.117084260548476e-16,False
2021-07-11 20:20:00,1.35473623828187e-16,False
2021-07-11 20:30:00,1.3180641390645246e-16,False
2021-07-11 20:40:00,1.2334052953320477e-16,False
2021-07-11 20:50:00,1.2091547002237104e-16,False
2021-07-11 21:00:00,,False
2021-07-11 21:10:00,1.1202865909688786e-16,False
2021-07-11 21:20:00,1.1049192751409455e-16,False
2021-07-11 21:30:00,1.1077023634246182e-16,False
2021-07-11 21:40:00,1.2763135728740015e-16,False
2021-07-11 21:50:00,1.343886612041922e-16,False
2021-07-11 22:00:00,1.2124209633883428e-16,False
2021-07-11 22:10:00,1.2402804565069034e-16,False
2021-07-11 22:20:00,1.4157441477881698e-16,False
2021-07-11 22:30:00,1.1984638685625464e-16,False
2021-07-11 22:40:00,1.447606837745238e-16,False
2021-07-11 22:50:00,9.972749221005694e-17,False
2021-07-11 23:00:00,1.3247224996492335e-16,False
2021-07-11 23:10:00,1.1277294262130849e-16,False
2021-07-11 23:20:00,1.0305908732299381e-16,False
2021-07-11 23:30:00,1.0997851047004255e-16,False
2021-07-11 23:40:00,1.2058757546693276e-16,False
2021-07-11 23:50:00,1.184890612637917e-16,False
2021-07-12 00:00:00,1.248574405353533e-16,False
2021-07-12 00:10:00,1.1916178462053848e-16,False
2021-07-12 00:20:00,1.134818231525942e-16,False
2021-07-12 00:30:00,1.278994662954414e-16,False
2021-07-12 00:40:00,1.212037141575435e-16,False
2021-07-12 00:50:00,1.2045396762326113e-16,False
2021-07-12 01:00:00,1.1085954387303656e-16,False
2021-07-12 01:10:00,,False
2021-07-12 01:20:00,1.5794206386461642e-16,False
2021-07-12 01:30:00,1.3801993448916822e-16,False
2021-07-12 01:40:00,8.961212075469593e-17,False
2021-07-12 01:50:00,1.428640075816831e-16,False
2021-07-12 02:00:00,1.3614120911224952e-16,False
2021-07-12 02:10:00,1.4952189963970224e-16,False
2021-07-12 02:20:00,1.3337605033743832e-16,False
2021-07-12 02:30:00,1.3492061699065188e-16,False
2021-07-12 02:40:00,1.2256430355766879e-16,False
2021-07-12 02:50:00,1.1961017785406195e-16,False
2021-07-12 03:00:00,1.5641956807233287e-16,False
2021-07-12 03:10:00,1.278357766972199e-16,False
2021-07-12 03:20:00,1.1870960700527836e-16,False
2021-07-12 03:30:00,1.322462557362642e-16,False
2021-07-12 03:40:00,1.2107027485554282e-16,False
2021-07-12 03:50:00,1.2611843201944901e-16,False
2021-07-12 04:00:00,1.3131110022496085e-16,False
2021-07-12 04:10:00,,False
2021-07-12 04:20:00,1.1020338803047548e-16,False
2021-07-12 04:30:00,1.0418345565590974e-16,False
2021-07-12 04:40:00,1.4707460578345667e-16,False
2021-07-12 04:50:00,1.0826040157112445e-16,False
2021-07-12 05:00:00,1.4248894158272865e-16,False
2021-07-12 05:10:00,1.3461263768922402e-16,False
2021-07-12 05:20:00,1.1277074899818877e-16,False
2021-07-12 05:30:00,1.2621309053321238e-16,False
2021-07-12 05:40:00,1.2817923045087748e-16,False
2021-07-12 05:50:00,1.07296624674189e-16,False
2021-07-12 06:00:00,1.090777863392866e-16,False
2021-07-12 06:10:00,1.3579749353167605e-16,False
2021-07-12 06:20:00,,False
2021-07-12 06:30:00,1.2977808373082652e-16,False
2021-07-12 06:40:00,1.276586338320029e-16,False
2021-07-12 06:50:00,1.1552450580500073e-16,False
2021-07-12 07:00:00,1.1925038470242482e-16,False
2021-07-12 07:10:00,1.2404304489033535e-16,False
2021-07-12 07:20:00,1.298290076073517e-16,False
2021-07-12 07:30:00,1.2356851959440283e-16,False
2021-07-12 07:40:00,1.320598956450864e-16,False
2021-07-12 07:50:00,1.1020779511454786e-16,False
2021-07-12 08:00:00,1.37107988595034e-16,False
2021-07-12 08:10:00,1.1087542040356069e-16,False
2021-07-12 08:20:00,1.4006886634505794e-16,False
2021-07-12 08:30:00,1.2482444019567812e-16,False
2021-07-12 08:40:00,,False
2021-07-12 08:50:00,1.330354629785093e-16,False
2021-07-12 09:00:00,1.1710463383207296e-16,False
2021-07-12 09:10:00,1.4204810383669523e-16,False
2021-07-12 09:20:00,1.2881791828920682e-16,False
2021-07-12 09:30:00,1.149941084933571e-16,False
2021-07-12 09:40:00,1.350504758003541e-16,False
2021-07-12 09:50:00,1.100411765902236e-16,False
2021-07-12 10:00:00,1.4598198828845052e-16,False
2021-07-12 10:10:00,1.265214384712241e-16,False
2021-07-12 10:20:00,1.1590235943121303e-16,False
2021-07-12 10:30:00,1.1438357154281146e-16,False
2021-07-12 10:40:00,1.2418298673752576e-16,False
2021-07-12 10:50:00,1.0913279919382554e-16,False
2021-07-12 11:00:00,,False
2021-07-12 11:10:00,1.4266473935644123e-16,False
2021-07-12 11:20:00,1.2034998490462738e-16,False
2021-07-12 11:30:00,1.1184097238271535e-16,False
2021-07-12 11:40:00,,False
2021-07-12 11:50:00,1.0991313512463883e-16,False
2021-07-12 12:00:00,1.1501647805997186e-16,False
2021-07-12 12:10:00,1.0714147127285544e-16,False
2021-07-12 12:20:00,1.2129711466964285e-16,False
2021-07-12 12:30:00,1.359065311398e-16,False
2021-07-12 12:40:00,1.0847622286607534e-16,False
2021-07-12 12:50:00,1.121810420798034e-16,False
2021-07-12 13:00:00,1.19668910256823e-16,False
2021-07-12 13:10:00,1.3955814544240383e-16,False
2021-07-12 13:20:00,1.2818312508774044e-16,False
2021-07-12 13:30:00,1.36953527095675e-16,False
2021-07-12 13:40:00,1.2608954640900086e-16,False
2021-07-12 13:50:00,1.161965449676984e-16,False
2021-07-12 14:00:00,1.1508103055635419e-16,False
2021-07-12 14:10:00,,False
2021-07-12 14:20:00,1.251250136458696e-16,False
2021-07-12 14:30:00,1.2713205749897634e-16,False
2021-07-12 14:40:00,1.274836013222422e-16,False
2021-07-12 14:50:00,1.131386885906779e-16,False
2021-07-12 15:00:00,1.214188115872838e-16,False
2021-07-12 15:10:00,1.1689664134623785e-16,False
2021-07-12 15:20:00,1.0888953294971543e-16,False
2021-07-12 15:30:00,1.2542720440097296e-16,False
2021-07-12 15:40:00,1.1743943306681366e-16,False
2021-07-12 15:50:00,1.0331425692643348e-16,False
2021-07-12 16:00:00,,False
2021-07-12 16:10:00,1.0955963286168848e-16,False
2021-07-12 16:20:00,1.2871259159554598e-16,False
2021-07-12 16:30:00,1.1377666651037166e-16,False
2021-07-12 16:40:00,1.127954651888614e-16,False
2021-07-12 16:50:00,,False
2021-07-12 17:00:00,1.3674295523527475e-16,False
2021-07-12 17:10:00,1.4222808003902891e-16,False
2021-07-12 17:20:00,1.3327316628027416e-16,False
2021-07-12 17:30:00,1.109133358564082e-16,False
2021-07-12 17:40:00,1.3641966445233893e-16,False
2021-07-12 17:50:00,1.0683322930629559e-16,False
2021-07-12 18:00:00,1.453667576862912e-16,False
2021-07-12 18:10:00,9.882221636993268e-17,False
2021-07-12 18:20:00,1.3356250036365313e-16,False
2021-07-12 18:30:00,1.2937557711835657e-16,False
2021-07-12 18:40:00,1.0733369083704939e-16,False
2021-07-12 18:50:00,1.0000578521127282e-16,False
2021-07-12 19:00:00,1.0770053461447758e-16,False
2021-07-12 19:10:00,1.0358454884468145e-16,False
2021-07-12 19:20:00,1.129213091296812e-16,False
2021-07-12 19:30:00,1.3065209656960703e-16,False
2021-07-12 19:40:00,1.3250717991902439e-16,False
2021-07-12 19:50:00,1.3620982392670256e-16,False
2021-07-12 20:00:00,1.2739256598180824e-16,False
2021-07-12 20:10:00,1.409296375109437e-16,False
2021-07-12 20:20:00,1.2817381181222607e-16,False
2021-07-12 20:30:00,1.2468271635962908e-16,False
2021-07-12 20:40:00,1.2070053895480133e-16,False
2021-07-12 20:50:00,1.2959714588368923e-16,False
2021-07-12 21:00:00,1.2840195759844789e-16,False
2021-07-12 21:10:00,1.173626176385184e-16,False
2021-07-12 21:20:00,1.1507116460824453e-16,False
2021-07-12 21:30:00,1.326431084345186e-16,False
2021-07-12 21:40:00,1.2393076204147296e-16,False
2021-07-12 21:50:00,1.3226685663245007e-16,False
2021-07-12 22:00:00,1.2012179608203208e-16,False
2021-07-12 22:10:00,1.0033719719027648e-16,False
2021-07-12 22:20:00,1.254960056075319e-16,False
2021-07-12 22:30:00,1.4108074288941163e-16,False
2021-07-12 22:40:00,9.740674161291046e-17,False
2021-07-12 22:50:00,9.712062776276782e-17,False
2021-07-12 23:00:00,1.3389439330255917e-16,False
2021-07-12 23:10:00,1.262357923541853e-16,False
2021-07-12 23:20:00,1.3469288502458463e-16,False
2021-07-12 23:30:00,1.2799607292134133e-16,False
2021-07-12 23:40:00,1.1659528103961955e-16,False
2021-07-12 23:50:00,1.4624441443418318e-16,False
2021-07-13 00:00:00,1.0490009599623883e-16,False
2021-07-13 00:10:00,1.3470065757966744e-16,False
2021-07-13 00:20:00,1.217790063006522e-16,False
2021-07-13 00:30:00,1.3854709673483853e-16,False
2021-07-13 00:40:00,,False
2021-07-13 00:50:00,1.1813750081551806e-16,False
2021-07-13 01:00:00,1.444758683390924e-16,False
2021-07-13 01:10:00,1.47713797468262e-16,False
2021-07-13 01:20:00,1.0453514550328541e-16,False
2021-07-13 01:30:00,1.2376784780386474e-16,False
2021-07-13 01:40:00,1.13097373350531e-16,False
2021-07-13 01:50:00,1.1112968496487614e-16,False
2021-07-13 02:00:00,1.3335737629919624e-16,False
2021-07-13 02:10:00,1.1755757632677534e-16,False
2021-07-13 02:20:00,1.1630790412391065e-16,False
2021-07-13 02:30:00,1.313760538653813e-16,False
2021-07-13 02:40:00,1.15886899556401e-16,False
2021-07-13 02:50:00,1.1228461884941595e-16,False
2021-07-13 03:00:00,1.0728767748100933e-16,False
2021-07-13 03:10:00,1.1934583862222368e-16,False
2021-07-13 03:20:00,1.3642716522263498e-16,False
2021-07-13 03:30:00,1.4161203227998504e-16,False
2021-07-13 03:40:00,1.453163861406389e-16,False
2021-07-13 03:50:00,1.230058870096193e-16,False
2021-07-13 04:00:00,1.2190261060619449e-16,False
2021-07-13 04:10:00,1.338172861166472e-16,False
2021-07-13 04:20:00,1.2013400248314994e-16,False
2021-07-13 04:30:00,1.3741802905336197e-16,False
2021-07-13 04:40:00,1.178247996089659e-16,False
2021-07-13 04:50:00,1.0547695381184578e-16,False
2021-07-13 05:00:00,1.1705126408287807e-16,False
2021-07-13 05:10:00,1.3378447974432514e-16,False
2021-07-13 05:20:00,1.4953920867553496e-16,False
2021-07-13 05:30:00,1.3564776046861319e-16,False
2021-07-13 05:40:00,1.2965661813934767e-16,False
2021-07-13 05:50:00,1.4096817265525932e-16,False
2021-07-13 06:00:00,1.0399725703643123e-16,False
2021-07-13 06:10:00,1.1798032396178308e-16,False
2021-07-13 06:20:00,1.177110290744473e-16,False
2021-07-13 06:30:00,1.1283496225977822e-16,False
2021-07-13 06:40:00,1.1740717220358377e-16,False
2021-07-13 06:50:00,1.3695612692400255e-16,False
2021-07-13 07:00:00,1.1562165980784538e-16,False
2021-07-13 07:10:00,1.1153568231752954e-16,False
2021-07-13 07:20:00,1.1410843844289483e-16,False
2021-07-13 07:30:00,1.4439046724565887e-16,False
2021-07-13 07:40:00,1.1183189028887859e-16,False
2021-07-13 07:50:00,1.3510078549955046e-16,False
2021-07-13 08:00:00,1.16062906274864e-16,False
2021-07-13 08:10:00,1.250540160944652e-16,False
2021-07-13 08:20:00,1.3959551393854252e-16,False
2021-07-13 08:30:00,1.1211684242484703e-16,False
2021-07-13 08:40:00,1.210476828762698e-16,False
2021-07-13 08:50:00,1.3353931943688544e-16,False
2021-07-13 09:00:00,1.1860417638172476e-16,False
2021-07-13 09:10:00,1.143478628778982e-16,False
2021-07-13 09:20:00,1.198409972374245e-16,False
2021-07-13 09:30:00,1.2397886207686845e-16,False
2021-07-13 09:40:00,1.2743859924112105e-16,False
2021-07-13 09:50:00,1.237319858720714e-16,False
2021-07-13 10:00:00,1.172142165512306e-16,False
2021-07-13 10:10:00,1.2380360458652176e-16,False
2021-07-13 10:20:00,1.1872460704147444e-16,False
2021-07-13 10:30:00,1.136270831128828e-16,False
2021-07-13 10:40:00,1.092965917448734e-16,False
2021-07-13 10:50:00,1.1232136757778614e-16,False
2021-07-13 11:00:00,1.1057738778379416e-16,False
2021-07-13 11:10:00,1.2792229694119122e-16,False
2021-07-13 11:20:00,1.3091894765403274e-16,False
2021-07-13 11:30:00,1.2336775980868314e-16,False
2021-07-13 11:40:00,1.0149291395174594e-16,False
2021-07-13 11:50:00,1.2119002300141646e-16,False
2021-07-13 12:00:00,1.3603616666046258e-16,False
2021-07-13 12:10:00,9.465890946405589e-17,False
2021-07-13 12:20:00,1.21258919790988e-16,False
2021-07-13 12:30:00,1.2651598569132779e-16,False
2021-07-13 12:40:00,1.0123164778702003e-16,False
2021-07-13 12:50:00,1.2630106946696408e-16,False
2021-07-13 13:00:00,1.2571826855979076e-16,False
2021-07-13 13:10:00,1.2585282294260855e-16,False
2021-07-13 13:20:00,9.123492661054607e-17,False
2021-07-13 13:30:00,1.2438647909660946e-16,False
2021-07-13 13:40:00,1.3995844844568573e-16,False
2021-07-13 13:50:00,1.3121218622405714e-16,False
2021-07-13 14:00:00,1.1394705306118144e-16,False
2021-07-13 14:10:00,1.0162995822565727e-16,False
2021-07-13 14:20:00,1.1763301466553552e-16,False
2021-07-13 14:30:00,1.3178545921651094e-16,False
2021-07-13 14:40:00,1.0899757015537606e-16,False
2021-07-13 14:50:00,1.367998934603068e-16,False
2021-07-13 15:00:00,1.2107525712668647e-16,False
2021-07-13 15:10:00,1.3428785218835005e-16,False
2021-07-13 15:20:00,1.0516686055787227e-16,False
2021-07-13 15:30:00,1.1058823066213556e-16,False
2021-07-13 15:40:00,1.296687986253111e-16,False
2021-07-13 15:50:00,1.2066597311231986e-16,False
2021-07-13 16:00:00,1.269126165839773e-16,False
2021-07-13 16:10:00,1.2856716073954636e-16,False
2021-07-13 16:20:00,1.1822949903282585e-16,False
2021-07-13 16:30:00,1.3005452779201827e-16,False
2021-07-13 16:40:00,,False
2021-07-13 16:50:00,1.2135341503014735e-16,False
2021-07-13 17:00:00,1.0996128411963273e-16,False
2021-07-13 17:10:00,1.2229318434494448e-16,False
2021-07-13 17:20:00,1.2122000763597788e-16,False
2021-07-13 17:30:00,1.2219805727620544e-16,False
2021-07-13 17:40:00,1.1894187679937604e-16,False
2021-07-13 17:50:00,1.0708014620891407e-16,False
2021-07-13 18:00:00,1.365675568669188e-16,False
2021-07-13 18:10:00,1.3101819619753105e-16,False
2021-07-13 18:20:00,1.180269630710235e-16,False
2021-07-13 18:30:00,1.1450041784321673e-16,False
2021-07-13 18:40:00,1.3731527383304129e-16,False
2021-07-13 18:50:00,1.1512485716653387e-16,False
2021-07-13 19:00:00,1.5223829637096092e-16,False
2021-07-13 19:10:00,1.391608488224973e-16,False
2021-07-13 19:20:00,1.0721638415904155e-16,False
2021-07-13 19:30:00,1.167236242126971e-16,False
2021-07-13 19:40:00,1.202939966391838e-16,False
2021-07-13 19:50:00,1.1950373639578375e-16,False
2021-07-13 20:00:00,1.3337295837257465e-16,False
2021-07-13 20:10:00,1.365048372031025e-16,False
2021-07-13 20:20:00,1.3016624875901825e-16,False
2021-07-13 20:30:00,1.4007222386433994e-16,False
2021-07-13 20:40:00,1.1691288060995355e-16,False
2021-07-13 20:50:00,1.1006131163157625e-16,False
2021-07-13 21:00:00,1.2359918072205546e-16,False
2021-07-13 21:10:00,1.0932591588645902e-16,False
2021-07-13 21:20:00,1.2689593311158657e-16,False
2021-07-13 21:30:00,1.410031379078891e-16,False
2021-07-13 21:40:00,1.4317992322669004e-16,False
2021-07-13 21:50:00,1.2610269565203784e-16,False
2021-07-13 22:00:00,1.0743914856010091e-16,False
2021-07-13 22:10:00,1.2356195081993266e-16,False
2021-07-13 22:20:00,1.1660725801314365e-16,False
2021-07-13 22:30:00,1.2249223580251965e-16,False
2021-07-13 22:40:00,1.394808460739108e-16,False
2021-07-13 22:50:00,1.239433792294735e-16,False
2021-07-13 23:00:00,1.2168405239347318e-16,False
2021-07-13 23:10:00,1.251293394989658e-16,False
2021-07-13 23:20:00,1.215088273033532e-16,False
2021-07-13 23:30:00,1.451284277216461e-16,False
2021-07-13 23:40:00,1.1795451764727937e-16,False
2021-07-13 23:50:00,1.1263612097637127e-16,False
2021-07-14 00:00:00,1.2835523877907302e-16,False
2021-07-14 00:10:00,1.1717715074214312e-16,False
2021-07-14 00:20:00,1.0304792409782561e-16,False
2021-07-14 00:30:00,1.4162711507558515e-16,False
2021-07-14 00:40:00,1.1922202665932424e-16,False
2021-07-14 00:50:00,1.13980339833759e-16,False
2021-07-14 01:00:00,1.3755162502494355e-16,False
2021-07-14 01:10:00,1.1102527546124777e-16,False
2021-07-14 01:20:00,1.1331248850553233e-16,False
2021-07-14 01:30:00,9.777757416319994e-17,False
2021-07-14 01:40:00,1.0576948847134604e-16,False
2021-07-14 01:50:00,1.2137252010101026e-16,False
2021-07-14 02:00:00,1.240989306035121e-16,False
2021-07-14 02:10:00,1.229761891103553e-16,False
2021-07-14 02:20:00,1.1738795786704487e-16,False
2021-07-14 02:30:00,1.1764325599717408e-16,False
2021-07-14 02:40:00,1.3188058997066626e-16,False
2021-07-14 02:50:00,1.2431220648513507e-16,False
2021-07-14 03:00:00,1.3522967992102993e-16,False
2021-07-14 03:10:00,1.165192352357023e-16,False
2021-07-14 03:20:00,1.2642973533897875e-16,False
2021-07-14 03:30:00,1.302840557929402e-16,False
2021-07-14 03:40:00,1.232167032505831e-16,False
2021-07-14 03:50:00,9.430334174209966e-17,False
2021-07-14 04:00:00,1.1658450196473933e-16,False
2021-07-14 04:10:00,1.2444414767364014e-16,False
2021-07-14 04:20:00,1.141025453581367e-16,False
2021-07-14 04:30:00,1.487959134629506e-16,False
2021-07-14 04:40:00,1.1951710370444202e-16,False
2021-07-14 04:50:00,1.1735432991556093e-16,False
2021-07-14 05:00:00,1.4107057580245617e-16,False
2021-07-14 05:10:00,1.5292494659090498e-16,False
2021-07-14 05:20:00,1.1544099454195516e-16,False
2021-07-14 05:30:00,1.278534924497773e-16,False
2021-07-14 05:40:00,1.1579956740928722e-16,False
2021-07-14 05:50:00,9.056853633274047e-17,False
2021-07-14 06:00:00,1.2678747406302666e-16,False
2021-07-14 06:10:00,1.4032825500490102e-16,False
2021-07-14 06:20:00,1.1921959395722148e-16,False
2021-07-14 06:30:00,1.2200106474969936e-16,False
2021-07-14 06:40:00,1.3198657309597377e-16,False
2021-07-14 06:50:00,1.1821513712532897e-16,False
2021-07-14 07:00:00,1.2461390487455842e-16,False
2021-07-14 07:10:00,1.1608524866625792e-16,False
2021-07-14 07:20:00,1.1195414850416086e-16,False
2021-07-14 07:30:00,1.4735378136778204e-16,False
2021-07-14 07:40:00,1.184892773447166e-16,False
2021-07-14 07:50:00,1.0967674243484799e-16,False
2021-07-14 08:00:00,1.0763681929896553e-16,False
2021-07-14 08:10:00,1.185848178798483e-16,False
2021-07-14 08:20:00,1.3431589033316898e-16,False
2021-07-14 08:30:00,1.4468413333616282e-16,False
2021-07-14 08:40:00,1.1824452639829116e-16,False
2021-07-14 08:50:00,1.1180968508136646e-16,False
2021-07-14 09:00:00,9.898549382659826e-17,False
2021-07-14 09:10:00,1.0936436452972567e-16,False
2021-07-14 09:20:00,1.4414718121672432e-16,False
2021-07-14 09:30:00,1.2971917657588716e-16,False
2021-07-14 09:40:00,1.1972600332207346e-16,False
2021-07-14 09:50:00,1.2229215644602853e-16,False
2021-07-14 10:00:00,1.369696460876909e-16,False
2021-07-14 10:10:00,1.3091366623052233e-16,False
2021-07-14 10:20:00,1.2618375635583506e-16,False
2021-07-14 10:30:00,1.2149061804273782e-16,False
2021-07-14 10:40:00,1.4079125421929995e-16,False
2021-07-14 10:50:00,1.260209523501001e-16,False
2021-07-14 11:00:00,1.1044611738786583e-16,False
2021-07-14 11:10:00,1.190620330623622e-16,False
2021-07-14 11:20:00,1.5049830629181233e-16,False
2021-07-14 11:30:00,1.2250057799875473e-16,False
2021-07-14 11:40:00,1.3609770945320062e-16,False
2021-07-14 11:50:00,1.4664351863477842e-16,False
2021-07-14 12:00:00,1.228742680290638e-16,False
2021-07-14 12:10:00,1.1071220314394382e-16,False
2021-07-14 12:20:00,1.2330055723627586e-16,False
2021-07-14 12:30:00,1.1367187287546043e-16,False
2021-07-14 12:40:00,1.0197956653145517e-16,False
2021-07-14 12:50:00,,False
2021-07-14 13:00:00,,False
2021-07-14 13:10:00,1.1686118760963626e-16,False
2021-07-14 13:20:00,1.0807526530478781e-16,False
2021-07-14 13:30:00,1.0615417376099486e-16,False
2021-07-14 13:40:00,1.2719142672709173e-16,False
2021-07-14 13:50:00,1.35417625093441e-16,False
2021-07-14 14:00:00,1.3138540497619557e-16,False
2021-07-14 14:10:00,1.1188629946001187e-16,False
2021-07-14 14:20:00,1.2638969520296992e-16,False
2021-07-14 14:30:00,1.176245402892146e-16,False
2021-07-14 14:40:00,1.4559383290496982e-16,False
2021-07-14 14:50:00,1.2019506959888692e-16,False
2021-07-14 15:00:00,,False
2021-07-14 15:10:00,1.1482764664172882e-16,False
2021-07-14 15:20:00,,False
2021-07-14 15:30:00,1.2994764386217432e-16,False
2021-07-14 15:40:00,1.1240787329386056e-16,False
2021-07-14 15:50:00,,False
2021-07-14 16:00:00,1.3597536296572616e-16,False
2021-07-14 16:10:00,1.0317786201783835e-16,False
2021-07-14 16:20:00,9.939082576539622e-17,False
2021-07-14 16:30:00,1.2858424884696852e-16,False
2021-07-14 16:40:00,1.2998327854601373e-16,False
2021-07-14 16:50:00,1.2188979663938424e-16,False
2021-07-14 17:00:00,1.0838380100424453e-16,False
2021-07-14 17:10:00,,False
2021-07-14 17:20:00,1.0046556457799371e-16,False
2021-07-14 17:30:00,1.3544554169701849e-16,False
2021-07-14 17:40:00,1.2576144547586063e-16,False
2021-07-14 17:50:00,1.1585639508605416e-16,False
2021-07-14 18:00:00,1.2756069011806669e-16,False
2021-07-14 18:10:00,1.1780513700698035e-16,False
2021-07-14 18:20:00,,False
2021-07-14 18:30:00,1.2849250725397707e-16,False
2021-07-14 18:40:00,1.4587848723311883e-16,False
2021-07-14 18:50:00,1.1745683361820236e-16,False
2021-07-14 19:00:00,1.3759300213558714e-16,False
2021-07-14 19:10:00,1.2950955652604044e-16,False
2021-07-14 19:20:00,1.122789012868913e-16,False
2021-07-14 19:30:00,1.3886320331262045e-16,False
2021-07-14 19:40:00,1.1840525579959499e-16,False
2021-07-14 19:50:00,1.412896257787072e-16,False
2021-07-14 20:00:00,1.2043498435886736e-16,False
2021-07-14 20:10:00,1.2291235051223586e-16,False
2021-07-14 20:20:00,1.2496471069046752e-16,False
2021-07-14 20:30:00,,False
2021-07-14 20:40:00,1.1877120951179702e-16,False
2021-07-14 20:50:00,1.1260116500539204e-16,False
2021-07-14 21:00:00,1.445547608367042e-16,False
2021-07-14 21:10:00,1.4412909933654796e-16,False
2021-07-14 21:20:00,1.205539841722799e-16,False
2021-07-14 21:30:00,1.2275062148615067e-16,False
2021-07-14 21:40:00,1.2336939989240224e-16,False
2021-07-14 21:50:00,1.3502557396239474e-16,False
2021-07-14 22:00:00,1.2147719630176882e-16,False
2021-07-14 22:10:00,1.3307084460856801e-16,False
2021-07-14 22:20:00,1.0331650668096325e-16,False
2021-07-14 22:30:00,1.164430959531106e-16,False
2021-07-14 22:40:00,1.3830742005792324e-16,False
2021-07-14 22:50:00,1.1859989358787268e-16,False
2021-07-14 23:00:00,,False
2021-07-14 23:10:00,1.2650135865533197e-16,False
2021-07-14 23:20:00,1.174991219379638e-16,False
2021-07-14 23:30:00,1.138059105412666e-16,False
2021-07-14 23:40:00,1.0626028064573447e-16,False
2021-07-14 23:50:00,1.340770081687437e-16,False
2021-07-15 00:00:00,,False
2021-07-15 00:10:00,1.399192451950193e-16,False
2021-07-15 00:20:00,1.0518034208907994e-16,False
2021-07-15 00:30:00,1.4219811048606537e-16,False
2021-07-15 00:40:00,1.0143324111426306e-16,False
2021-07-15 00:50:00,1.0159253490873024e-16,False
2021-07-15 01:00:00,1.1026070705085513e-16,False
2021-07-15 01:10:00,1.297586631960743e-16,False
2021-07-15 01:20:00,1.156342900665726e-16,False
2021-07-15 01:30:00,1.1338559399529924e-16,False
2021-07-15 01:40:00,1.2570807659802714e-16,False
2021-07-15 01:50:00,1.1146865756459943e-16,False
2021-07-15 02:00:00,1.1016342829008836e-16,False
2021-07-15 02:10:00,1.0765006721337296e-16,False
2021-07-15 02:20:00,1.15531555766668e-16,False
2021-07-15 02:30:00,1.0811316353438563e-16,False
2021-07-15 02:40:00,1.2705843829839315e-16,False
2021-07-15 02:50:00,,False
2021-07-15 03:00:00,1.239940254638008e-16,False
2021-07-15 03:10:00,1.2538447414760346e-16,False
2021-07-15 03:20:00,1.163025107173498e-16,False
2021-07-15 03:30:00,1.225587882198048e-16,False
2021-07-15 03:40:00,1.0022659336143175e-16,False
2021-07-15 03:50:00,1.328537309220918e-16,False
2021-07-15 04:00:00,1.2561244717789255e-16,False
2021-07-15 04:10:00,1.1406961441498846e-16,False
2021-07-15 04:20:00,1.2155804222177078e-16,False
2021-07-15 04:30:00,1.15385752942326e-16,False
2021-07-15 04:40:00,1.1553326079657555e-16,False
2021-07-15 04:50:00,1.1855908094415512e-16,False
2021-07-15 05:00:00,1.2263536732299216e-16,False
2021-07-15 05:10:00,1.221768348148822e-16,False
2021-07-15 05:20:00,1.0173508003187114e-16,False
2021-07-15 05:30:00,1.2374016142555617e-16,False
2021-07-15 05:40:00,1.0893111818354381e-16,False
2021-07-15 05:50:00,1.2220413557000923e-16,False
2021-07-15 06:00:00,1.1556861322073222e-16,False
2021-07-15 06:10:00,1.307443180494299e-16,False
2021-07-15 06:20:00,1.268176781108492e-16,False
2021-07-15 06:30:00,1.3992860382025023e-16,False
2021-07-15 06:40:00,1.238354807522685e-16,False
2021-07-15 06:50:00,1.153235054956373e-16,False
2021-07-15 07:00:00,1.2272965834764986e-16,False
2021-07-15 07:10:00,1.3291964506070705e-16,False
2021-07-15 07:20:00,1.257114091052094e-16,False
2021-07-15 07:30:00,1.208633456349248e-16,False
2021-07-15 07:40:00,1.1444790630757817e-16,False
2021-07-15 07:50:00,1.214978998701211e-16,False
2021-07-15 08:00:00,1.162171276491776e-16,False
2021-07-15 08:10:00,1.2864165462774574e-16,False
2021-07-15 08:20:00,1.2655471144519192e-16,False
2021-07-15 08:30:00,1.1114823562929053e-16,False
2021-07-15 08:40:00,1.18218628549038e-16,False
2021-07-15 08:50:00,1.2272068574530264e-16,False
2021-07-15 09:00:00,1.3520965305405512e-16,False
2021-07-15 09:10:00,1.252659538692572e-16,False
2021-07-15 09:20:00,1.2124700532574209e-16,False
2021-07-15 09:30:00,1.2940183744151e-16,False
2021-07-15 09:40:00,9.558833499490853e-17,False
2021-07-15 09:50:00,1.173178559459153e-16,False
2021-07-15 10:00:00,1.2348128700418298e-16,False
2021-07-15 10:10:00,1.3228634384001876e-16,False
2021-07-15 10:20:00,1.3340649860945612e-16,False
2021-07-15 10:30:00,1.1959624188766866e-16,False
2021-07-15 10:40:00,1.0417604502466515e-16,False
2021-07-15 10:50:00,1.00778749551344e-16,False
2021-07-15 11:00:00,1.3630496064849342e-16,False
2021-07-15 11:10:00,1.3108386956698993e-16,False
2021-07-15 11:20:00,1.1380344411553627e-16,False
2021-07-15 11:30:00,1.2984458383164296e-16,False
2021-07-15 11:40:00,1.2893241842865173e-16,False
2021-07-15 11:50:00,1.0202557826610356e-16,False
2021-07-15 12:00:00,1.4089694618609084e-16,False
2021-07-15 12:10:00,1.3352732302290726e-16,False
2021-07-15 12:20:00,1.33019589689173e-16,False
2021-07-15 12:30:00,1.1332669384211298e-16,False
2021-07-15 12:40:00,1.0959967438887132e-16,False
2021-07-15 12:50:00,1.341419938178876e-16,False
2021-07-15 13:00:00,1.1907350095969735e-16,False
2021-07-15 13:10:00,1.3282473371355795e-16,False
2021-07-15 13:20:00,1.1436203116828735e-16,False
2021-07-15 13:30:00,1.1806078412763375e-16,False
2021-07-15 13:40:00,1.322901107135253e-16,False
2021-07-15 13:50:00,1.1662583454690883e-16,False
2021-07-15 14:00:00,1.0581074118266413e-16,False
2021-07-15 14:10:00,1.1603977535906463e-16,False
2021-07-15 14:20:00,1.1200402639204514e-16,False
2021-07-15 14:30:00,1.0627494355998172e-16,False
2021-07-15 14:40:00,1.295495953064845e-16,False
2021-07-15 14:50:00,1.5840381160832392e-16,False
2021-07-15 15:00:00,1.1050024356573663e-16,False
2021-07-15 15:10:00,1.293856234292454e-16,False
2021-07-15 15:20:00,1.1553284476906093e-16,False
2021-07-15 15:30:00,1.2417029430391136e-16,False
2021-07-15 15:40:00,1.2557924250848913e-16,False
2021-07-15 15:50:00,1.2534240291608877e-16,False
2021-07-15 16:00:00,1.2433198931652667e-16,False
2021-07-15 16:10:00,9.403144945162014e-17,False
2021-07-15 16:20:00,1.4474357510324203e-16,False
2021-07-15 16:30:00,1.3275361598744308e-16,False
2021-07-15 16:40:00,1.2265209741312132e-16,False
2021-07-15 16:50:00,1.0771484804611218e-16,False
2021-07-15 17:00:00,1.292112708980801e-16,False
2021-07-15 17:10:00,1.4356102676490758e-16,False
2021-07-15 17:20:00,9.365335062684305e-17,False
2021-07-15 17:30:00,1.4101431944588942e-16,False
2021-07-15 17:40:00,1.1477973018143763e-16,False
2021-07-15 17:50:00,1.1648236644600276e-16,False
2021-07-15 18:00:00,1.2222504384041938e-16,False
2021-07-15 18:10:00,1.220016185788694e-16,False
2021-07-15 18:20:00,1.379196225120048e-16,False
2021-07-15 18:30:00,,False
2021-07-15 18:40:00,1.3375820023785505e-16,False
2021-07-15 18:50:00,1.150321446589809e-16,False
2021-07-15 19:00:00,1.5523151750351096e-16,False
2021-07-15 19:10:00,1.3329140034323356e-16,False
2021-07-15 19:20:00,1.315764054140015e-16,False
2021-07-15 19:30:00,1.2903901423348716e-16,False
2021-07-15 19:40:00,1.0233722882521843e-16,False
2021-07-15 19:50:00,1.2897702050870703e-16,False
2021-07-15 20:00:00,1.2973106206728501e-16,False
2021-07-15 20:10:00,,False
2021-07-15 20:20:00,1.1596130583864284e-16,False
2021-07-15 20:30:00,1.2127651605975693e-16,False
2021-07-15 20:40:00,1.5428313429568555e-16,False
2021-07-15 20:50:00,1.3913567597843475e-16,False
2021-07-15 21:00:00,1.2923502494947283e-16,False
2021-07-15 21:10:00,1.2283925368213082e-16,False
2021-07-15 21:20:00,1.201428939084038e-16,False
2021-07-15 21:30:00,1.0035459275093231e-16,False
2021-07-15 21:40:00,1.2075912257545307e-16,False
2021-07-15 21:50:00,1.3446224622182865e-16,False
2021-07-15 22:00:00,1.1577910976019362e-16,False
2021-07-15 22:10:00,1.1592056870617596e-16,False
2021-07-15 22:20:00,1.3940124866070117e-16,False
2021-07-15 22:30:00,1.0986611361409792e-16,False
2021-07-15 22:40:00,1.1034551615995917e-16,False
2021-07-15 22:50:00,1.0733263662398658e-16,False
2021-07-15 23:00:00,1.122593550635105e-16,False
2021-07-15 23:10:00,1.299614678498288e-16,False
2021-07-15 23:20:00,1.4160516657202e-16,False
2021-07-15 23:30:00,1.1063981948860582e-16,False
2021-07-15 23:40:00,1.0983145808045285e-16,False
2021-07-15 23:50:00,1.0726788493547593e-16,False
2021-07-16 00:00:00,1.2016879888668843e-16,False
2021-07-16 00:10:00,1.290962831826503e-16,False
2021-07-16 00:20:00,1.3008878902538282e-16,False
2021-07-16 00:30:00,1.1408830719489264e-16,False
2021-07-16 00:40:00,,False
2021-07-16 00:50:00,1.1993961235268824e-16,False
2021-07-16 01:00:00,1.2008185280023847e-16,False
2021-07-16 01:10:00,1.2744448999951664e-16,False
2021-07-16 01:20:00,1.0248841369345431e-16,False
2021-07-16 01:30:00,1.0506038314681947e-16,False
2021-07-16 01:40:00,1.2615568488409947e-16,False
2021-07-16 01:50:00,1.0646680964084482e-16,False
2021-07-16 02:00:00,1.2946242911549503e-16,False
2021-07-16 02:10:00,1.2907246213337184e-16,False
2021-07-16 02:20:00,1.0905973522611618e-16,False
2021-07-16 02:30:00,1.168068852682422e-16,False
2021-07-16 02:40:00,1.1618571330591532e-16,False
2021-07-16 02:50:00,1.1539588076187751e-16,False
2021-07-16 03:00:00,1.3652386208798955e-16,False
2021-07-16 03:10:00,1.183497229308507e-16,False
2021-07-16 03:20:00,1.3077126033796677e-16,False
2021-07-16 03:30:00,1.3181869408195063e-16,False
2021-07-16 03:40:00,1.3165579075836305e-16,False
2021-07-16 03:50:00,1.0731752668462195e-16,False
2021-07-16 04:00:00,1.0529451578551264e-16,False
2021-07-16 04:10:00,1.2023969368988018e-16,False
2021-07-16 04:20:00,1.159692886722303e-16,False
2021-07-16 04:30:00,1.2363261787331301e-16,False
2021-07-16 04:40:00,1.3792981874054376e-16,False
2021-07-16 04:50:00,1.175019874839195e-16,False
2021-07-16 05:00:00,1.1807376106861997e-16,False
2021-07-16 05:10:00,1.2047473830793788e-16,False
2021-07-16 05:20:00,1.2992165830923994e-16,False
2021-07-16 05:30:00,1.3381369977245815e-16,False
2021-07-16 05:40:00,1.3459155606041247e-16,False
2021-07-16 05:50:00,1.1977151016187933e-16,False
2021-07-16 06:00:00,1.2957433811955201e-16,False
2021-07-16 06:10:00,1.3227718629318983e-16,False
2021-07-16 06:20:00,1.275211662695866e-16,False
2021-07-16 06:30:00,1.2247110545902243e-16,False
2021-07-16 06:40:00,1.40623652286336e-16,False
2021-07-16 06:50:00,1.3244212400726036e-16,False
2021-07-16 07:00:00,1.0640267544563665e-16,False
2021-07-16 07:10:00,1.403349199326572e-16,False
2021-07-16 07:20:00,1.1253259096310354e-16,False
2021-07-16 07:30:00,1.3901481257406892e-16,False
2021-07-16 07:40:00,1.202615070547502e-16,False
2021-07-16 07:50:00,1.1583843860575978e-16,False
2021-07-16 08:00:00,1.2095024949807502e-16,False
2021-07-16 08:10:00,1.200494482272182e-16,False
2021-07-16 08:20:00,1.1188651290934075e-16,False
2021-07-16 08:30:00,9.48910953114449e-17,False
2021-07-16 08:40:00,1.0147602530021308e-16,False
2021-07-16 08:50:00,1.2111911058538365e-16,False
2021-07-16 09:00:00,1.2522139497350175e-16,False
2021-07-16 09:10:00,1.367461605104621e-16,False
2021-07-16 09:20:00,1.381195257136585e-16,False
2021-07-16 09:30:00,1.1713398386533062e-16,False
2021-07-16 09:40:00,,False
2021-07-16 09:50:00,1.3356802186621678e-16,False
2021-07-16 10:00:00,1.2079096917895198e-16,False
2021-07-16 10:10:00,,False
2021-07-16 10:20:00,1.0978187510457912e-16,False
2021-07-16 10:30:00,1.3056890894962171e-16,False
2021-07-16 10:40:00,1.1892390614700716e-16,False
2021-07-16 10:50:00,1.1120166924608926e-16,False
2021-07-16 11:00:00,1.140037264412782e-16,False
2021-07-16 11:10:00,1.37893113109902e-16,False
2021-07-16 11:20:00,9.801664561120831e-17,False
2021-07-16 11:30:00,1.235651177296087e-16,False
2021-07-16 11:40:00,1.038613428671705e-16,False
2021-07-16 11:50:00,1.3619240046073713e-16,False
2021-07-16 12:00:00,1.413375481760444e-16,False
2021-07-16 12:10:00,1.0740900434580014e-16,False
2021-07-16 12:20:00,1.3055790085912384e-16,False
2021-07-16 12:30:00,1.2755083917833946e-16,False
2021-07-16 12:40:00,,False
2021-07-16 12:50:00,1.040463664121677e-16,False
2021-07-16 13:00:00,1.1752189922250396e-16,False
2021-07-16 13:10:00,1.0652925067186959e-16,False
2021-07-16 13:20:00,1.2766237256441641e-16,False
2021-07-16 13:30:00,1.5116042043326617e-16,False
2021-07-16 13:40:00,1.2935451015648784e-16,False
2021-07-16 13:50:00,1.300684736919597e-16,False
2021-07-16 14:00:00,1.102783495995048e-16,False
2021-07-16 14:10:00,1.3047688647984581e-16,False
2021-07-16 14:20:00,1.1351460328192613e-16,False
2021-07-16 14:30:00,1.0413895741715505e-16,False
2021-07-16 14:40:00,1.3318517728930332e-16,False
2021-07-16 14:50:00,8.614652151429088e-17,False
2021-07-16 15:00:00,1.2353151514604175e-16,False
2021-07-16 15:10:00,1.1623062605381022e-16,False
2021-07-16 15:20:00,1.3222710437367721e-16,False
2021-07-16 15:30:00,1.3620025344272838e-16,False
2021-07-16 15:40:00,1.1755694307887078e-16,False
2021-07-16 15:50:00,1.398510181255748e-16,False
2021-07-16 16:00:00,1.1094542766884885e-16,False
2021-07-16 16:10:00,1.3115944285157903e-16,False
2021-07-16 16:20:00,1.2137293015454523e-16,False
2021-07-16 16:30:00,1.261348198999768e-16,False
2021-07-16 16:40:00,1.0397932452893505e-16,False
2021-07-16 16:50:00,1.1857857683957337e-16,False
2021-07-16 17:00:00,1.3177321447014275e-16,False
2021-07-16 17:10:00,1.1021274689514956e-16,False
2021-07-16 17:20:00,,False
2021-07-16 17:30:00,1.1129100989266477e-16,False
2021-07-16 17:40:00,1.2016773791189362e-16,False
2021-07-16 17:50:00,1.0146218277693145e-16,False
2021-07-16 18:00:00,1.1939029725858366e-16,False
2021-07-16 18:10:00,1.3806710438105093e-16,False
2021-07-16 18:20:00,1.3170043778242312e-16,False
2021-07-16 18:30:00,1.188750461349771e-16,False
2021-07-16 18:40:00,1.2333850856568977e-16,False
2021-07-16 18:50:00,1.2255996905808467e-16,False
2021-07-16 19:00:00,1.2268340454667485e-16,False
2021-07-16 19:10:00,1.318123285557027e-16,False
2021-07-16 19:20:00,1.0034707480701483e-16,False
2021-07-16 19:30:00,1.280315355273699e-16,False
2021-07-16 19:40:00,9.9248972384392e-17,False
2021-07-16 19:50:00,1.1621522075103546e-16,False
2021-07-16 20:00:00,1.2979351472864261e-16,False
2021-07-16 20:10:00,1.2643467496788102e-16,False
2021-07-16 20:20:00,1.2271704619141363e-16,False
2021-07-16 20:30:00,1.2085070756619347e-16,False
2021-07-16 20:40:00,1.1829830967436115e-16,False
2021-07-16 20:50:00,1.3731098905334229e-16,False
2021-07-16 21:00:00,1.1653822624798844e-16,False
2021-07-16 21:10:00,9.446912707343009e-17,False
2021-07-16 21:20:00,1.2630777234573015e-16,False
2021-07-16 21:30:00,1.1147361519603404e-16,False
2021-07-16 21:40:00,1.0756400943472116e-16,False
2021-07-16 21:50:00,1.2980320086629825e-16,False
2021-07-16 22:00:00,1.3398147097123035e-16,False
2021-07-16 22:10:00,1.2015498265568545e-16,False
2021-07-16 22:20:00,1.2754845266498738e-16,False
2021-07-16 22:30:00,1.3262489949148592e-16,False
2021-07-16 22:40:00,1.0600116731130844e-16,False
2021-07-16 22:50:00,1.2074630706179528e-16,False
2021-07-16 23:00:00,1.226936375758031e-16,False
2021-07-16 23:10:00,1.2775972914485363e-16,False
2021-07-16 23:20:00,1.1510102958442842e-16,False
2021-07-16 23:30:00,1.4687805235807585e-16,False
2021-07-16 23:40:00,1.1896795997568946e-16,False
2021-07-16 23:50:00,1.2323464176225958e-16,False
2021-07-17 00:00:00,1.154260978197488e-16,False
2021-07-17 00:10:00,1.018719188792391e-16,False
2021-07-17 00:20:00,1.3226060855621054e-16,False
2021-07-17 00:30:00,1.2446634197224231e-16,False
2021-07-17 00:40:00,1.4934037145297757e-16,False
2021-07-17 00:50:00,1.3430074847067742e-16,False
2021-07-17 01:00:00,1.112067315780866e-16,False
2021-07-17 01:10:00,1.5076533644583623e-16,False
2021-07-17 01:20:00,1.135256022124402e-16,False
2021-07-17 01:30:00,1.3680842047298994e-16,False
2021-07-17 01:40:00,1.2976560098495902e-16,False
2021-07-17 01:50:00,1.3008236351889864e-16,False
2021-07-17 02:00:00,1.3333212353607774e-16,False
2021-07-17 02:10:00,1.3476113188814554e-16,False
2021-07-17 02:20:00,1.157810624030343e-16,False
2021-07-17 02:30:00,1.2336625526107914e-16,False
2021-07-17 02:40:00,1.0359949916980891e-16,False
2021-07-17 02:50:00,1.148030403832253e-16,False
2021-07-17 03:00:00,1.1077798194196634e-16,False
2021-07-17 03:10:00,9.56996522554307e-17,False
2021-07-17 03:20:00,,False
2021-07-17 03:30:00,1.1978942324909233e-16,False
2021-07-17 03:40:00,1.3043270277851556e-16,False
2021-07-17 03:50:00,1.2432307225378828e-16,False
2021-07-17 04:00:00,1.2710446304420102e-16,False
2021-07-17 04:10:00,1.270674939192846e-16,False
2021-07-17 04:20:00,1.1887704588712562e-16,False
2021-07-17 04:30:00,1.205298221280252e-16,False
2021-07-17 04:40:00,1.2141209041992757e-16,False
2021-07-17 04:50:00,1.279229904438424e-16,False
2021-07-17 05:00:00,1.0845553321477069e-16,False
2021-07-17 05:10:00,1.3930039099113445e-16,False
2021-07-17 05:20:00,1.3527596099191904e-16,False
2021-07-17 05:30:00,1.2169937066867213e-16,False
2021-07-17 05:40:00,1.1308994204295139e-16,False
2021-07-17 05:50:00,1.1295540883328052e-16,False
2021-07-17 06:00:00,1.217547917090148e-16,False
2021-07-17 06:10:00,1.149781783865797e-16,False
2021-07-17 06:20:00,1.1680889178284209e-16,False
2021-07-17 06:30:00,1.0996403713415103e-16,False
2021-07-17 06:40:00,1.2171000789094974e-16,False
2021-07-17 06:50:00,1.2689771285306162e-16,False
2021-07-17 07:00:00,1.1257578976672635e-16,False
2021-07-17 07:10:00,,False
2021-07-17 07:20:00,1.2030660581388675e-16,False
2021-07-17 07:30:00,1.3813713764271348e-16,False
2021-07-17 07:40:00,1.166428500267165e-16,False
2021-07-17 07:50:00,1.2203029984539002e-16,False
2021-07-17 08:00:00,1.3401425855359723e-16,False
2021-07-17 08:10:00,1.178344765661228e-16,False
2021-07-17 08:20:00,1.2566384794831774e-16,False
2021-07-17 08:30:00,1.1800737602752648e-16,False
2021-07-17 08:40:00,1.1037364559675576e-16,False
2021-07-17 08:50:00,1.3715263204205627e-16,False
2021-07-17 09:00:00,1.1834290630155133e-16,False
2021-07-17 09:10:00,1.4025307064433801e-16,False
2021-07-17 09:20:00,1.2173602827223153e-16,False
2021-07-17 09:30:00,1.3889977408710722e-16,False
2021-07-17 09:40:00,,False
2021-07-17 09:50:00,1.3163019168912415e-16,False
2021-07-17 10:00:00,1.0887427673179196e-16,False
2021-07-17 10:10:00,1.141015171582837e-16,False
2021-07-17 10:20:00,1.438434476262028e-16,False
2021-07-17 10:30:00,1.6172924674354035e-16,False
2021-07-17 10:40:00,1.12742500599155e-16,False
2021-07-17 10:50:00,1.4438702994818148e-16,False
2021-07-17 11:00:00,1.0782363641362198e-16,False
2021-07-17 11:10:00,1.1462889516740464e-16,False
2021-07-17 11:20:00,1.1615691043821212e-16,False
2021-07-17 11:30:00,,False
2021-07-17 11:40:00,1.2513342461078222e-16,False
2021-07-17 11:50:00,1.3555400102629243e-16,False
2021-07-17 12:00:00,1.1896645910814116e-16,False
2021-07-17 12:10:00,1.2665410385170278e-16,False
2021-07-17 12:20:00,1.291811651983806e-16,False
2021-07-17 12:30:00,1.2008585063411625e-16,False
2021-07-17 12:40:00,1.1960515615708276e-16,False
2021-07-17 12:50:00,1.1370558064694617e-16,False
2021-07-17 13:00:00,1.1247422616112295e-16,False
2021-07-17 13:10:00,1.2080349596823604e-16,False
2021-07-17 13:20:00,1.2936940569716613e-16,False
2021-07-17 13:30:00,1.1354429102636595e-16,False
2021-07-17 13:40:00,1.2432309284259537e-16,False
2021-07-17 13:50:00,1.247650659976801e-16,False
2021-07-17 14:00:00,1.1639613864429353e-16,False
2021-07-17 14:10:00,1.3383404882388063e-16,False
2021-07-17 14:20:00,1.4010202264433182e-16,False
2021-07-17 14:30:00,1.3135211306233572e-16,False
2021-07-17 14:40:00,1.355841139346794e-16,False
2021-07-17 14:50:00,1.3006857611274808e-16,False
2021-07-17 15:00:00,1.4088672734105632e-16,False
2021-07-17 15:10:00,1.058031489050592e-16,False
2021-07-17 15:20:00,1.2219382841421477e-16,False
2021-07-17 15:30:00,1.1393611087172524e-16,False
2021-07-17 15:40:00,1.3857446711278354e-16,False
2021-07-17 15:50:00,1.1947466841090473e-16,False
2021-07-17 16:00:00,1.2584944320100304e-16,False
2021-07-17 16:10:00,1.3072625714493808e-16,False
2021-07-17 16:20:00,1.4290968082509348e-16,False
2021-07-17 16:30:00,1.0509103193514289e-16,False
2021-07-17 16:40:00,9.364771010323419e-17,False
2021-07-17 16:50:00,9.843025908520541e-17,False
2021-07-17 17:00:00,1.5219103365470358e-16,False
2021-07-17 17:10:00,1.3628653195423644e-16,False
2021-07-17 17:20:00,1.2375918190745668e-16,False
2021-07-17 17:30:00,1.2073364423492584e-16,False
2021-07-17 17:40:00,1.3180984754206433e-16,False
2021-07-17 17:50:00,1.250119462184625e-16,False
2021-07-17 18:00:00,1.2008395598616798e-16,False
2021-07-17 18:10:00,1.2352785812783127e-16,False
2021-07-17 18:20:00,1.2706439135761972e-16,False
2021-07-17 18:30:00,1.3173743003015292e-16,False
2021-07-17 18:40:00,1.2258423927292533e-16,False
2021-07-17 18:50:00,1.2921449679712684e-16,False
2021-07-17 19:00:00,1.148267116979893e-16,False
2021-07-17 19:10:00,1.1667522059966292e-16,False
2021-07-17 19:20:00,1.2670246225162125e-16,False
2021-07-17 19:30:00,1.0796607674549751e-16,False
2021-07-17 19:40:00,,False
2021-07-17 19:50:00,1.2997031784286926e-16,False
2021-07-17 20:00:00,1.3631140891560272e-16,False
2021-07-17 20:10:00,1.2035707361778763e-16,False
2021-07-17 20:20:00,1.1175579651001835e-16,False
2021-07-17 20:30:00,1.2153661056422287e-16,False
2021-07-17 20:40:00,1.2261743387393427e-16,False
2021-07-17 20:50:00,1.2326745436095795e-16,False
2021-07-17 21:00:00,1.2688875993401655e-16,False
2021-07-17 21:10:00,1.1888276425082584e-16,False
2021-07-17 21:20:00,1.3824183361095303e-16,False
2021-07-17 21:30:00,1.2812506382732738e-16,False
2021-07-17 21:40:00,1.265396051105203e-16,False
2021-07-17 21:50:00,1.3345873000429326e-16,False
2021-07-17 22:00:00,1.4399860545987219e-16,False
2021-07-17 22:10:00,1.3550422758727418e-16,False
2021-07-17 22:20:00,1.2950503286015404e-16,False
2021-07-17 22:30:00,,False
2021-07-17 22:40:00,1.4505534423250811e-16,False
2021-07-17 22:50:00,1.1560720571208012e-16,False
2021-07-17 23:00:00,,False
2021-07-17 23:10:00,1.3418060077522252e-16,False
2021-07-17 23:20:00,1.0963677593476681e-16,False
2021-07-17 23:30:00,1.0490560646656961e-16,False
2021-07-17 23:40:00,1.2874798491439835e-16,False
2021-07-17 23:50:00,1.2009989065467593e-16,False
2021-07-18 00:00:00,1.3133997754868421e-16,False
2021-07-18 00:10:00,1.0570707722051733e-16,False
2021-07-18 00:20:00,1.1847382031312634e-16,False
2021-07-18 00:30:00,1.1144884353110621e-16,False
2021-07-18 00:40:00,,False
2021-07-18 00:50:00,1.0876078179997081e-16,False
2021-07-18 01:00:00,1.3174011357157574e-16,False
2021-07-18 01:10:00,1.1831115056535633e-16,False
2021-07-18 01:20:00,1.223379772770889e-16,False
2021-07-18 01:30:00,1.3092383016459308e-16,False
2021-07-18 01:40:00,1.25233979532144e-16,False
2021-07-18 01:50:00,1.2766019037910848e-16,False
2021-07-18 02:00:00,1.2100234742241601e-16,False
2021-07-18 02:10:00,1.184329656359598e-16,False
2021-07-18 02:20:00,,False
2021-07-18 02:30:00,1.1713253391816873e-16,False
2021-07-18 02:40:00,1.15111099881076e-16,False
2021-07-18 02:50:00,1.3123448958283995e-16,False
2021-07-18 03:00:00,1.0057303718470432e-16,False
2021-07-18 03:10:00,1.3749452311223797e-16,False
2021-07-18 03:20:00,1.2290023936361042e-16,False
2021-07-18 03:30:00,1.164099210794059e-16,False
2021-07-18 03:40:00,1.2672781880792173e-16,False
2021-07-18 03:50:00,1.2768696599482451e-16,False
2021-07-18 04:00:00,1.0545689176647567e-16,False
2021-07-18 04:10:00,1.236683457406818e-16,False
2021-07-18 04:20:00,1.3092095765499661e-16,False
2021-07-18 04:30:00,1.2506140241845508e-16,False
2021-07-18 04:40:00,1.2702744249277355e-16,False
2021-07-18 04:50:00,1.173543114682229e-16,False
2021-07-18 05:00:00,1.1296279950476854e-16,False
2021-07-18 05:10:00,1.395596246632637e-16,False
2021-07-18 05:20:00,1.2379602520752198e-16,False
2021-07-18 05:30:00,1.4598612111138608e-16,False
2021-07-18 05:40:00,1.2512344977969678e-16,False
2021-07-18 05:50:00,1.518187008711267e-16,False
2021-07-18 06:00:00,1.1935093946711762e-16,False
2021-07-18 06:10:00,1.0902434281497006e-16,False
2021-07-18 06:20:00,1.3796639970381252e-16,False
2021-07-18 06:30:00,1.356519632879808e-16,False
2021-07-18 06:40:00,1.151754653837965e-16,False
2021-07-18 06:50:00,1.4516489431836443e-16,False
2021-07-18 07:00:00,,False
2021-07-18 07:10:00,1.2050277673853722e-16,False
2021-07-18 07:20:00,1.2138951556884587e-16,False
2021-07-18 07:30:00,1.3669419050164355e-16,False
2021-07-18 07:40:00,1.1506890619541826e-16,False
2021-07-18 07:50:00,9.790739112778296e-17,False
2021-07-18 08:00:00,1.356176691126988e-16,False
2021-07-18 08:10:00,1.249996319923629e-16,False
2021-07-18 08:20:00,1.408685928377495e-16,False
2021-07-18 08:30:00,1.2611261561606104e-16,False
2021-07-18 08:40:00,1.1147114034212035e-16,False
2021-07-18 08:50:00,,False
2021-07-18 09:00:00,1.1386596911385324e-16,False
2021-07-18 09:10:00,1.1518338579204587e-16,False
2021-07-18 09:20:00,1.2582033021420081e-16,False
2021-07-18 09:30:00,1.2471390730761045e-16,False
2021-07-18 09:40:00,1.2891093798625986e-16,False
2021-07-18 09:50:00,1.2969027124767562e-16,False
2021-07-18 10:00:00,1.2376189127215044e-16,False
2021-07-18 10:10:00,1.33396373423516e-16,False
2021-07-18 10:20:00,1.1561640666346384e-16,False
2021-07-18 10:30:00,1.298540585753355e-16,False
2021-07-18 10:40:00,1.3062765286410488e-16,False
2021-07-18 10:50:00,1.358706519190489e-16,False
2021-07-18 11:00:00,1.3903187942048756e-16,False
2021-07-18 11:10:00,1.137901713439904e-16,False
2021-07-18 11:20:00,1.4205674677075812e-16,False
2021-07-18 11:30:00,1.446611243333419e-16,False
2021-07-18 11:40:00,1.1444693936297488e-16,False
2021-07-18 11:50:00,1.434913377871715e-16,False
2021-07-18 12:00:00,1.4266936800472134e-16,False
2021-07-18 12:10:00,1.5131744122706188e-16,False
2021-07-18 12:20:00,1.4276334088176275e-16,False
2021-07-18 12:30:00,1.4296151572166974e-16,False
2021-07-18 12:40:00,1.1801211352839162e-16,False
2021-07-18 12:50:00,1.1229615469594046e-16,False
2021-07-18 13:00:00,1.0698100004510351e-16,False
2021-07-18 13:10:00,1.3508074487973535e-16,False
2021-07-18 13:20:00,1.351087010055497e-16,False
2021-07-18 13:30:00,1.0909539203867935e-16,False
2021-07-18 13:40:00,1.2561408412823796e-16,False
2021-07-18 13:50:00,1.134491849232883e-16,False
2021-07-18 14:00:00,,False
2021-07-18 14:10:00,1.2580734010915306e-16,False
2021-07-18 14:20:00,1.2100550754599055e-16,False
2021-07-18 14:30:00,1.2542773101431384e-16,False
2021-07-18 14:40:00,1.1548024628653817e-16,False
2021-07-18 14:50:00,,False
2021-07-18 15:00:00,1.3250493397703363e-16,False
2021-07-18 15:10:00,1.1677802401873536e-16,False
2021-07-18 15:20:00,,False
2021-07-18 15:30:00,1.1513080436542871e-16,False
2021-07-18 15:40:00,1.3270114985818951e-16,False
2021-07-18 15:50:00,1.2809306610382555e-16,False
2021-07-18 16:00:00,1.2043362599066393e-16,False
2021-07-18 16:10:00,1.1420950843074028e-16,False
2021-07-18 16:20:00,1.3259536022268853e-16,False
2021-07-18 16:30:00,1.266263871633747e-16,False
2021-07-18 16:40:00,1.2453501518249896e-16,False
2021-07-18 16:50:00,1.2813682644822736e-16,False
2021-07-18 17:00:00,1.2368689154864858e-16,False
2021-07-18 17:10:00,1.3701259168831465e-16,False
2021-07-18 17:20:00,1.1849680744087442e-16,False
2021-07-18 17:30:00,1.2314627355937723e-16,False
2021-07-18 17:40:00,1.2994718314279876e-16,False
2021-07-18 17:50:00,1.258067907246566e-16,False
2021-07-18 18:00:00,1.3917326280849291e-16,False
2021-07-18 18:10:00,1.1966666533371197e-16,False
2021-07-18 18:20:00,1.3912401248474254e-16,False
2021-07-18 18:30:00,1.2290397700950055e-16,False
2021-07-18 18:40:00,1.117561230404385e-16,False
2021-07-18 18:50:00,1.4282715151454393e-16,False
2021-07-18 19:00:00,1.250975928265129e-16,False
2021-07-18 19:10:00,1.1366452336096714e-16,False
2021-07-18 19:20:00,1.345666509788121e-16,False
2021-07-18 19:30:00,1.397163951484782e-16,False
2021-07-18 19:40:00,1.1873560619790972e-16,False
2021-07-18 19:50:00,1.1726322669344264e-16,False
2021-07-18 20:00:00,1.2729337853656215e-16,False
2021-07-18 20:10:00,9.955584544502763e-17,False
2021-07-18 20:20:00,1.2839964265120813e-16,False
2021-07-18 20:30:00,1.3450740182136765e-16,False
2021-07-18 20:40:00,,False
2021-07-18 20:50:00,1.2991994172130188e-16,False
2021-07-18 21:00:00,1.1283098838555984e-16,False
2021-07-18 21:10:00,1.2817793748949833e-16,False
2021-07-18 21:20:00,1.0857956061161495e-16,False
2021-07-18 21:30:00,1.2745401216380225e-16,False
2021-07-18 21:40:00,1.1738290803681109e-16,False
2021-07-18 21:50:00,1.2599676090811988e-16,False
2021-07-18 22:00:00,1.302314378573337e-16,False
2021-07-18 22:10:00,1.1339012785545437e-16,False
2021-07-18 22:20:00,1.2584172352595958e-16,False
2021-07-18 22:30:00,,False
2021-07-18 22:40:00,9.744121988832106e-17,False
2021-07-18 22:50:00,1.1943436112377163e-16,False
2021-07-18 23:00:00,1.3159756853626189e-16,False
2021-07-18 23:10:00,9.583947515547616e-17,False
2021-07-18 23:20:00,1.1372292930043932e-16,False
2021-07-18 23:30:00,1.1845670795535606e-16,False
2021-07-18 23:40:00,1.2308506867588388e-16,False
2021-07-18 23:50:00,1.1906617338677852e-16,False
2021-07-19 00:00:00,1.2953053206564481e-16,False
2021-07-19 00:10:00,9.663714234791966e-17,False
2021-07-19 00:20:00,1.258285251772706e-16,False
2021-07-19 00:30:00,1.2060907732186633e-16,False
2021-07-19 00:40:00,1.4392953058856403e-16,False
2021-07-19 00:50:00,1.1471557572402122e-16,False
2021-07-19 01:00:00,1.223373767038961e-16,False
2021-07-19 01:10:00,1.160757386449845e-16,False
2021-07-19 01:20:00,1.0632272531229719e-16,False
2021-07-19 01:30:00,1.1786338906235094e-16,False
2021-07-19 01:40:00,1.1610451517677833e-16,False
2021-07-19 01:50:00,1.199661144968484e-16,False
2021-07-19 02:00:00,1.1939571662286688e-16,False
2021-07-19 02:10:00,1.2193759436491005e-16,False
2021-07-19 02:20:00,1.0412704440639057e-16,False
2021-07-19 02:30:00,1.1171045952471092e-16,False
2021-07-19 02:40:00,1.1616144750219196e-16,False
2021-07-19 02:50:00,1.2839584526372356e-16,False
2021-07-19 03:00:00,9.33196342137449e-17,False
2021-07-19 03:10:00,1.2728249314541002e-16,False
2021-07-19 03:20:00,1.2192999106985779e-16,False
2021-07-19 03:30:00,1.3870063994784875e-16,False
2021-07-19 03:40:00,1.3231727649210234e-16,False
2021-07-19 03:50:00,1.2803936903263666e-16,False
2021-07-19 04:00:00,1.0865979167251402e-16,False
2021-07-19 04:10:00,1.1125467906405228e-16,False
2021-07-19 04:20:00,1.0261915982661257e-16,False
2021-07-19 04:30:00,1.157551657890411e-16,False
2021-07-19 04:40:00,1.0934343433541323e-16,False
2021-07-19 04:50:00,1.1009368746288348e-16,False
2021-07-19 05:00:00,1.3504069421577333e-16,False
2021-07-19 05:10:00,1.4097017408683773e-16,False
2021-07-19 05:20:00,1.3250673633069066e-16,False
2021-07-19 05:30:00,1.2460730485899203e-16,False
2021-07-19 05:40:00,1.3236098560181002e-16,False
2021-07-19 05:50:00,1.3128257738927404e-16,False
2021-07-19 06:00:00,1.583492128327295e-16,False
2021-07-19 06:10:00,1.086839772910453e-16,False
2021-07-19 06:20:00,1.1702875043062983e-16,False
2021-07-19 06:30:00,1.1860840579262072e-16,False
2021-07-19 06:40:00,1.532684516801254e-16,False
2021-07-19 06:50:00,1.085117455128118e-16,False
2021-07-19 07:00:00,1.3730486516762056e-16,False
2021-07-19 07:10:00,1.0572164395499721e-16,False
2021-07-19 07:20:00,1.3490788485584727e-16,False
2021-07-19 07:30:00,1.4850337520757246e-16,False
2021-07-19 07:40:00,1.2188223132379075e-16,False
2021-07-19 07:50:00,1.4385163750270627e-16,False
2021-07-19 08:00:00,1.195413068990915e-16,False
2021-07-19 08:10:00,1.4512869572530671e-16,False
2021-07-19 08:20:00,1.1458352989566721e-16,False
2021-07-19 08:30:00,1.1319360251623598e-16,False
2021-07-19 08:40:00,1.2312464528720648e-16,False
2021-07-19 08:50:00,1.2420554839397047e-16,False
2021-07-19 09:00:00,1.1073723483389043e-16,False
2021-07-19 09:10:00,1.2296419665587294e-16,False
2021-07-19 09:20:00,1.269435086220762e-16,False
2021-07-19 09:30:00,1.345554012667408e-16,False
2021-07-19 09:40:00,1.4288312393933485e-16,False
2021-07-19 09:50:00,1.2252885110480317e-16,False
2021-07-19 10:00:00,1.1655899428788515e-16,False
2021-07-19 10:10:00,1.112359871288821e-16,False
2021-07-19 10:20:00,1.2318038766517682e-16,False
2021-07-19 10:30:00,1.1376751524884733e-16,False
2021-07-19 10:40:00,1.195052749901809e-16,False
2021-07-19 10:50:00,1.3436218132861825e-16,False
2021-07-19 11:00:00,1.0486091579438818e-16,False
2021-07-19 11:10:00,1.190405190710855e-16,False
2021-07-19 11:20:00,1.1247710504164696e-16,False
2021-07-19 11:30:00,1.2420387440864065e-16,False
2021-07-19 11:40:00,1.2373414916342253e-16,False
2021-07-19 11:50:00,1.0951696252295902e-16,False
2021-07-19 12:00:00,1.1855015687206282e-16,False
2021-07-19 12:10:00,,False
2021-07-19 12:20:00,1.1858415848541816e-16,False
2021-07-19 12:30:00,1.2692312544739616e-16,False
2021-07-19 12:40:00,1.125525134262901e-16,False
2021-07-19 12:50:00,1.403244625770518e-16,False
2021-07-19 13:00:00,1.4275685923838773e-16,False
2021-07-19 13:10:00,1.3231250694048597e-16,False
2021-07-19 13:20:00,1.2296913747171977e-16,False
2021-07-19 13:30:00,1.247047230628801e-16,False
2021-07-19 13:40:00,1.0107922862609565e-16,False
2021-07-19 13:50:00,1.1709394875096524e-16,False
2021-07-19 14:00:00,1.2201347354522566e-16,False
2021-07-19 14:10:00,9.622049325884949e-17,False
2021-07-19 14:20:00,1.4483068132692114e-16,False
2021-07-19 14:30:00,1.3379976701710564e-16,False
2021-07-19 14:40:00,1.1622087333391532e-16,False
2021-07-19 14:50:00,1.255954253175997e-16,False
2021-07-19 15:00:00,1.281842280516434e-16,False
2021-07-19 15:10:00,1.1253802092783888e-16,False
2021-07-19 15:20:00,1.0869027114848915e-16,False
2021-07-19 15:30:00,1.107861190218605e-16,False
2021-07-19 15:40:00,1.2223260993917766e-16,False
2021-07-19 15:50:00,1.236334499458848e-16,False
2021-07-19 16:00:00,1.0829870324470122e-16,False
2021-07-19 16:10:00,1.2977745691282958e-16,False
2021-07-19 16:20:00,1.2481232064332418e-16,False
2021-07-19 16:30:00,1.2894770093551126e-16,False
2021-07-19 16:40:00,1.1635175293126364e-16,False
2021-07-19 16:50:00,1.084033516404123e-16,False
2021-07-19 17:00:00,1.2847170485194184e-16,False
2021-07-19 17:10:00,1.3149173417708496e-16,False
2021-07-19 17:20:00,1.3206306688533093e-16,False
2021-07-19 17:30:00,1.3212711361186537e-16,False
2021-07-19 17:40:00,1.3610681315017885e-16,False
2021-07-19 17:50:00,1.1299208498983004e-16,False
2021-07-19 18:00:00,1.3415436958872335e-16,False
2021-07-19 18:10:00,1.3585098032729708e-16,False
2021-07-19 18:20:00,1.3929595775189833e-16,False
2021-07-19 18:30:00,1.3631588143342507e-16,False
2021-07-19 18:40:00,1.168651518489598e-16,False
2021-07-19 18:50:00,,False
2021-07-19 19:00:00,1.158316386005005e-16,False
2021-07-19 19:10:00,1.2584410227041516e-16,False
2021-07-19 19:20:00,1.3135420570238926e-16,False
2021-07-19 19:30:00,1.352955401429367e-16,False
2021-07-19 19:40:00,1.210999461602772e-16,False
2021-07-19 19:50:00,1.2522200080514945e-16,False
2021-07-19 20:00:00,1.178379375863349e-16,False
2021-07-19 20:10:00,1.255405424794569e-16,False
2021-07-19 20:20:00,1.1690497102659642e-16,False
2021-07-19 20:30:00,1.2166151238326595e-16,False
2021-07-19 20:40:00,1.1819710142989089e-16,False
2021-07-19 20:50:00,1.1371208282005825e-16,False
2021-07-19 21:00:00,1.3234170250595778e-16,False
2021-07-19 21:10:00,1.2284241727371522e-16,False
2021-07-19 21:20:00,1.2534473445781478e-16,False
2021-07-19 21:30:00,1.3241254669799285e-16,False
2021-07-19 21:40:00,1.0754843951379283e-16,False
2021-07-19 21:50:00,1.0078964091619323e-16,False
2021-07-19 22:00:00,1.3199264225205906e-16,False
2021-07-19 22:10:00,1.3083968201745976e-16,False
2021-07-19 22:20:00,1.0288025644971159e-16,False
2021-07-19 22:30:00,9.513213954415771e-17,False
2021-07-19 22:40:00,1.2350738203338334e-16,False
2021-07-19 22:50:00,1.2913723263327509e-16,False
2021-07-19 23:00:00,,False
2021-07-19 23:10:00,1.261192474274113e-16,False
2021-07-19 23:20:00,9.460465593816942e-17,False
2021-07-19 23:30:00,,False
2021-07-19 23:40:00,1.4570586041956737e-16,False
2021-07-19 23:50:00,1.2414229710261799e-16,False
2021-07-20 00:00:00,1.3274400172402566e-16,False
2021-07-20 00:10:00,1.305220482212785e-16,False
2021-07-20 00:20:00,9.643435833263438e-17,False
2021-07-20 00:30:00,1.2127332327946265e-16,False
2021-07-20 00:40:00,1.1168547914390465e-16,False
2021-07-20 00:50:00,1.1961661837617787e-16,False
2021-07-20 01:00:00,1.155728011837941e-16,False
2021-07-20 01:10:00,1.2197572244176939e-16,False
2021-07-20 01:20:00,1.554823908799034e-16,False
2021-07-20 01:30:00,1.1147306762860647e-16,False
2021-07-20 01:40:00,1.2544752179982424e-16,False
2021-07-20 01:50:00,1.3203353363072386e-16,False
2021-07-20 02:00:00,1.2287530129278429e-16,False
2021-07-20 02:10:00,1.0368505374951972e-16,False
2021-07-20 02:20:00,1.180459392932895e-16,False
2021-07-20 02:30:00,1.311151735512277e-16,False
2021-07-20 02:40:00,,False
2021-07-20 02:50:00,1.2560221061483317e-16,False
2021-07-20 03:00:00,1.3447759820141982e-16,False
2021-07-20 03:10:00,1.1690881264300473e-16,False
2021-07-20 03:20:00,1.2399347167467174e-16,False
2021-07-20 03:30:00,1.590026108431203e-16,False
2021-07-20 03:40:00,1.2312739562316185e-16,False
2021-07-20 03:50:00,1.2314980633399263e-16,False
2021-07-20 04:00:00,1.4101424373325808e-16,False
2021-07-20 04:10:00,1.4754849257735154e-16,False
2021-07-20 04:20:00,1.199245399161674e-16,False
2021-07-20 04:30:00,1.2573437209358976e-16,False
2021-07-20 04:40:00,1.1295091705994553e-16,False
2021-07-20 04:50:00,1.0458330187847226e-16,False
2021-07-20 05:00:00,1.2482254951058725e-16,False
2021-07-20 05:10:00,1.2764735291346502e-16,False
2021-07-20 05:20:00,,False
2021-07-20 05:30:00,1.1582820412933158e-16,False
2021-07-20 05:40:00,1.0676615783053028e-16,False
2021-07-20 05:50:00,1.217224749893389e-16,False
2021-07-20 06:00:00,1.3342002109678648e-16,False
2021-07-20 06:10:00,1.0642297060142743e-16,False
2021-07-20 06:20:00,1.428963644416437e-16,False
2021-07-20 06:30:00,1.4537878040952075e-16,False
2021-07-20 06:40:00,1.3314903637542815e-16,False
2021-07-20 06:50:00,1.1017426814847425e-16,False
2021-07-20 07:00:00,1.2532493244516303e-16,False
2021-07-20 07:10:00,1.298775218255232e-16,False
2021-07-20 07:20:00,1.0119632458862692e-16,False
2021-07-20 07:30:00,1.0887006622205733e-16,False
2021-07-20 07:40:00,9.251191696547193e-17,False
2021-07-20 07:50:00,1.3182314455674593e-16,False
2021-07-20 08:00:00,1.327925978363534e-16,False
2021-07-20 08:10:00,1.241804596379172e-16,False
2021-07-20 08:20:00,1.216168186925895e-16,False
2021-07-20 08:30:00,1.3060615031112526e-16,False
2021-07-20 08:40:00,1.2052950410826764e-16,False
2021-07-20 08:50:00,1.0852035404697306e-16,False
2021-07-20 09:00:00,1.4392123126549464e-16,False
2021-07-20 09:10:00,1.1309552535855458e-16,False
2021-07-20 09:20:00,1.1436598634528237e-16,False
2021-07-20 09:30:00,1.1089390729016793e-16,False
2021-07-20 09:40:00,1.3201961486896418e-16,False
2021-07-20 09:50:00,1.1142497641053557e-16,False
2021-07-20 10:00:00,9.125365936711219e-17,False
2021-07-20 10:10:00,1.3286199955212308e-16,False
2021-07-20 10:20:00,1.3548736482831775e-16,False
2021-07-20 10:30:00,1.3435484667886529e-16,False
2021-07-20 10:40:00,1.2513912175300301e-16,False
2021-07-20 10:50:00,1.1516533328326109e-16,False
2021-07-20 11:00:00,1.3348595651325803e-16,False
2021-07-20 11:10:00,1.3687486943791206e-16,False
2021-07-20 11:20:00,1.2239457254789733e-16,False
2021-07-20 11:30:00,1.2998138736886145e-16,False
2021-07-20 11:40:00,1.5507499582996873e-16,False
2021-07-20 11:50:00,9.21379012768281e-17,False
2021-07-20 12:00:00,1.2241963270641462e-16,False
2021-07-20 12:10:00,1.231774681071869e-16,False
2021-07-20 12:20:00,1.2337002644561233e-16,False
2021-07-20 12:30:00,1.360634834023753e-16,False
2021-07-20 12:40:00,1.1411484814268092e-16,False
2021-07-20 12:50:00,,False
2021-07-20 13:00:00,1.315936953426403e-16,False
2021-07-20 13:10:00,1.4188861289937375e-16,False
2021-07-20 13:20:00,1.2445605848170081e-16,False
2021-07-20 13:30:00,1.2449725167712724e-16,False
2021-07-20 13:40:00,1.2404619342552882e-16,False
2021-07-20 13:50:00,1.2500575555528783e-16,False
2021-07-20 14:00:00,1.2254246007340574e-16,False
2021-07-20 14:10:00,1.375280001321792e-16,False
2021-07-20 14:20:00,1.254547487553652e-16,False
2021-07-20 14:30:00,1.4164587420224755e-16,False
2021-07-20 14:40:00,1.3589478360942834e-16,False
2021-07-20 14:50:00,1.1962918130420557e-16,False
2021-07-20 15:00:00,1.1108893238892717e-16,False
2021-07-20 15:10:00,1.4714588955569585e-16,False
2021-07-20 15:20:00,1.1708411532224691e-16,False
2021-07-20 15:30:00,1.4325015921873734e-16,False
2021-07-20 15:40:00,1.2154044193300834e-16,False
2021-07-20 15:50:00,,False
2021-07-20 16:00:00,,False
2021-07-20 16:10:00,1.110271011059778e-16,False
2021-07-20 16:20:00,1.153917180890782e-16,False
2021-07-20 16:30:00,1.187076278159071e-16,False
2021-07-20 16:40:00,1.2786935941165429e-16,False
2021-07-20 16:50:00,1.3149590156228079e-16,False
2021-07-20 17:00:00,1.2164573373485931e-16,False
2021-07-20 17:10:00,1.383325316603648e-16,False
2021-07-20 17:20:00,1.3204505923573647e-16,False
2021-07-20 17:30:00,1.0726441955503251e-16,False
2021-07-20 17:40:00,1.514359464884049e-16,False
2021-07-20 17:50:00,1.2608356359851797e-16,False
2021-07-20 18:00:00,1.1156375468433405e-16,False
2021-07-20 18:10:00,1.0463193517810115e-16,False
2021-07-20 18:20:00,1.384021518763378e-16,False
2021-07-20 18:30:00,1.2750301558155627e-16,False
2021-07-20 18:40:00,1.2587297151211754e-16,False
2021-07-20 18:50:00,1.282961780711745e-16,False
2021-07-20 19:00:00,1.184079206647832e-16,False
2021-07-20 19:10:00,1.2796607811810733e-16,False
2021-07-20 19:20:00,1.31884649598836e-16,False
2021-07-20 19:30:00,1.190914000220242e-16,False
2021-07-20 19:40:00,1.3207203325095113e-16,False
2021-07-20 19:50:00,1.3621726872815898e-16,False
2021-07-20 20:00:00,1.324448612408288e-16,False
2021-07-20 20:10:00,1.0411555348302467e-16,False
2021-07-20 20:20:00,1.3385361256875254e-16,False
2021-07-20 20:30:00,1.0845439765431871e-16,False
2021-07-20 20:40:00,1.3412031370661957e-16,False
2021-07-20 20:50:00,1.235031419038839e-16,False
2021-07-20 21:00:00,1.3459291004353226e-16,False
2021-07-20 21:10:00,1.2659921914589521e-16,False
2021-07-20 21:20:00,1.1058237897638416e-16,False
2021-07-20 21:30:00,1.299037622343352e-16,False
2021-07-20 21:40:00,1.22524835458509e-16,False
2021-07-20 21:50:00,1.2943415745706706e-16,False
2021-07-20 22:00:00,1.0769080137589484e-16,False
2021-07-20 22:10:00,1.3925932775508882e-16,False
2021-07-20 22:20:00,1.2227254084942548e-16,False
2021-07-20 22:30:00,1.4907814101711893e-16,False
2021-07-20 22:40:00,1.440493532311485e-16,False
2021-07-20 22:50:00,1.2054347909878846e-16,False
2021-07-20 23:00:00,9.884498220292402e-17,False
2021-07-20 23:10:00,1.288571675385966e-16,False
2021-07-20 23:20:00,,False
2021-07-20 23:30:00,1.0255137292060464e-16,False
2021-07-20 23:40:00,1.5265415090699785e-16,False
2021-07-20 23:50:00,1.2627910070786118e-16,False
2021-07-21 00:00:00,1.434745800888222e-16,False
2021-07-21 00:10:00,1.0332421191880653e-16,False
2021-07-21 00:20:00,1.2500749994283235e-16,False
2021-07-21 00:30:00,1.1322152017831833e-16,False
2021-07-21 00:40:00,1.3571489533195355e-16,False
2021-07-21 00:50:00,1.2516108950130856e-16,False
2021-07-21 01:00:00,1.111425813260413e-16,False
2021-07-21 01:10:00,1.1739168779702725e-16,False
2021-07-21 01:20:00,1.4188544986813357e-16,False
2021-07-21 01:30:00,1.4318328631505479e-16,False
2021-07-21 01:40:00,1.1251100958409576e-16,False
2021-07-21 01:50:00,1.264342340315935e-16,False
2021-07-21 02:00:00,1.1975113472843798e-16,False
2021-07-21 02:10:00,1.2961403960542175e-16,False
2021-07-21 02:20:00,1.156534440225218e-16,False
2021-07-21 02:30:00,1.12791034296429e-16,False
2021-07-21 02:40:00,1.1792198373919444e-16,False
2021-07-21 02:50:00,1.3162287642944634e-16,False
2021-07-21 03:00:00,1.1615303488079175e-16,False
2021-07-21 03:10:00,1.2563755145505547e-16,False
2021-07-21 03:20:00,1.1914797405361663e-16,False
2021-07-21 03:30:00,1.2169914297300338e-16,False
2021-07-21 03:40:00,1.3042891392495244e-16,False
2021-07-21 03:50:00,1.2595758387315568e-16,False
2021-07-21 04:00:00,1.3155336161848102e-16,False
2021-07-21 04:10:00,1.2500842376815918e-16,False
2021-07-21 04:20:00,1.1040113528745928e-16,False
2021-07-21 04:30:00,1.5552893821891094e-16,False
2021-07-21 04:40:00,1.2790279633725337e-16,False
2021-07-21 04:50:00,1.2132308293063836e-16,False
2021-07-21 05:00:00,,False
2021-07-21 05:10:00,1.2019444790114092e-16,False
2021-07-21 05:20:00,1.4003770508582794e-16,False
2021-07-21 05:30:00,1.1312258759732722e-16,False
2021-07-21 05:40:00,1.2989197132907965e-16,False
2021-07-21 05:50:00,1.2479394680998298e-16,False
2021-07-21 06:00:00,1.2506900207883824e-16,False
2021-07-21 06:10:00,1.27052314502128e-16,False
2021-07-21 06:20:00,1.4181646157146353e-16,False
2021-07-21 06:30:00,1.3061324007169345e-16,False
2021-07-21 06:40:00,1.175365455190214e-16,False
2021-07-21 06:50:00,1.3822290877986018e-16,False
2021-07-21 07:00:00,1.2443597430494453e-16,False
2021-07-21 07:10:00,1.1362399985713907e-16,False
2021-07-21 07:20:00,1.3082097274074247e-16,False
2021-07-21 07:30:00,1.1649475725479533e-16,False
2021-07-21 07:40:00,1.2120385401052262e-16,False
2021-07-21 07:50:00,1.1231535523766847e-16,False
2021-07-21 08:00:00,1.3703321332717582e-16,False
2021-07-21 08:10:00,1.1339751514667264e-16,False
2021-07-21 08:20:00,1.1761964000102628e-16,False
2021-07-21 08:30:00,1.0316886482241205e-16,False
2021-07-21 08:40:00,1.309947714413775e-16,False
2021-07-21 08:50:00,1.244404217630391e-16,False
2021-07-21 09:00:00,1.2709856898113427e-16,False
2021-07-21 09:10:00,1.2759172221257067e-16,False
2021-07-21 09:20:00,1.1939842731524467e-16,False
2021-07-21 09:30:00,1.0814253057280544e-16,False
2021-07-21 09:40:00,1.1916806907494297e-16,False
2021-07-21 09:50:00,1.3129595438965388e-16,False
2021-07-21 10:00:00,1.1910658795364193e-16,False
2021-07-21 10:10:00,,False
2021-07-21 10:20:00,1.2489469257303327e-16,False
2021-07-21 10:30:00,1.184312040773085e-16,False
2021-07-21 10:40:00,1.2210887901557688e-16,False
2021-07-21 10:50:00,1.3618416654750638e-16,False
2021-07-21 11:00:00,1.1400589663924155e-16,False
2021-07-21 11:10:00,1.270483009935735e-16,False
2021-07-21 11:20:00,1.1047152928590443e-16,False
2021-07-21 11:30:00,1.1530866070159468e-16,False
2021-07-21 11:40:00,1.0928839219453911e-16,False
2021-07-21 11:50:00,,False
2021-07-21 12:00:00,1.3103796211168544e-16,False
2021-07-21 12:10:00,1.0434112874646444e-16,False
2021-07-21 12:20:00,1.331250470556555e-16,False
2021-07-21 12:30:00,1.3315276511596578e-16,False
2021-07-21 12:40:00,1.310167443504219e-16,False
2021-07-21 12:50:00,1.1951991533339153e-16,False
2021-07-21 13:00:00,1.5839460384100746e-16,False
2021-07-21 13:10:00,,False
2021-07-21 13:20:00,1.3341829986983942e-16,False
2021-07-21 13:30:00,1.1453976500752108e-16,False
2021-07-21 13:40:00,1.2118865279389676e-16,False
2021-07-21 13:50:00,1.1015416960145589e-16,False
2021-07-21 14:00:00,1.2399112913928007e-16,False
2021-07-21 14:10:00,1.2071303239471782e-16,False
2021-07-21 14:20:00,1.4180775514090433e-16,False
2021-07-21 14:30:00,1.1249006308743653e-16,False
2021-07-21 14:40:00,1.2002750223083297e-16,False
2021-07-21 14:50:00,1.0700784400897304e-16,False
2021-07-21 15:00:00,1.2549164168257296e-16,False
2021-07-21 15:10:00,1.106162678264816e-16,False
2021-07-21 15:20:00,1.2558373566556981e-16,False
2021-07-21 15:30:00,1.071717803174292e-16,False
2021-07-21 15:40:00,1.2081823642294344e-16,False
2021-07-21 15:50:00,1.0000672349572664e-16,False
2021-07-21 16:00:00,1.2762352477128205e-16,False
2021-07-21 16:10:00,1.2330899227439008e-16,False
2021-07-21 16:20:00,1.3044765935545847e-16,False
2021-07-21 16:30:00,1.484936947556735e-16,False
2021-07-21 16:40:00,1.2143191986549252e-16,False
2021-07-21 16:50:00,1.0688893312962695e-16,False
2021-07-21 17:00:00,1.3476643445092049e-16,False
2021-07-21 17:10:00,1.0372095748706272e-16,False
2021-07-21 17:20:00,1.0998983464541733e-16,False
2021-07-21 17:30:00,1.1509376360155386e-16,False
2021-07-21 17:40:00,,False
2021-07-21 17:50:00,1.1828552233841302e-16,False
2021-07-21 18:00:00,1.3564317835565777e-16,False
2021-07-21 18:10:00,1.3007471244462741e-16,False
2021-07-21 18:20:00,1.3682356045674422e-16,False
2021-07-21 18:30:00,9.947001615303641e-17,False
2021-07-21 18:40:00,1.149778803837468e-16,False
2021-07-21 18:50:00,1.3128337524071814e-16,False
2021-07-21 19:00:00,1.2429810979919014e-16,False
2021-07-21 19:10:00,1.2151466699611473e-16,False
2021-07-21 19:20:00,1.1910331091708987e-16,False
2021-07-21 19:30:00,1.1516470616302308e-16,False
2021-07-21 19:40:00,1.1642875056125918e-16,False
2021-07-21 19:50:00,1.3724146221109552e-16,False
2021-07-21 20:00:00,1.3446766626985915e-16,False
2021-07-21 20:10:00,1.2650893192807476e-16,False
2021-07-21 20:20:00,1.2000981314791738e-16,False
2021-07-21 20:30:00,1.1947768296057323e-16,False
2021-07-21 20:40:00,,False
2021-07-21 20:50:00,1.1667711374101133e-16,False
2021-07-21 21:00:00,1.1556069581236807e-16,False
2021-07-21 21:10:00,1.380042009483552e-16,False
2021-07-21 21:20:00,1.210178736292746e-16,False
2021-07-21 21:30:00,1.2411345313082887e-16,False
2021-07-21 21:40:00,1.2444420354311027e-16,False
2021-07-21 21:50:00,1.1294178665895865e-16,False
2021-07-21 22:00:00,1.3224407865363666e-16,False
2021-07-21 22:10:00,1.298914042755612e-16,False
2021-07-21 22:20:00,1.1940118837126493e-16,False
2021-07-21 22:30:00,1.223745256493598e-16,False
2021-07-21 22:40:00,1.0533664219675499e-16,False
2021-07-21 22:50:00,1.1199068072721347e-16,False
2021-07-21 23:00:00,1.3386633163163694e-16,False
2021-07-21 23:10:00,1.0974362614435733e-16,False
2021-07-21 23:20:00,1.1608233961365207e-16,False
2021-07-21 23:30:00,1.173822663399986e-16,False
2021-07-21 23:40:00,1.310502873659172e-16,False
2021-07-21 23:50:00,1.0680663562849444e-16,False
2021-07-22 00:00:00,1.0969168964918407e-16,False
2021-07-22 00:10:00,1.0461048359979817e-16,False
2021-07-22 00:20:00,1.2603363207539575e-16,False
2021-07-22 00:30:00,1.267309885159154e-16,False
2021-07-22 00:40:00,1.0986247471824133e-16,False
2021-07-22 00:50:00,9.449813626973698e-17,False
2021-07-22 01:00:00,1.147223200207242e-16,False
2021-07-22 01:10:00,,False
2021-07-22 01:20:00,1.248268977066275e-16,False
2021-07-22 01:30:00,1.1832620554167953e-16,False
2021-07-22 01:40:00,1.123914760731792e-16,False
2021-07-22 01:50:00,1.372722223784266e-16,False
2021-07-22 02:00:00,1.1553230249529622e-16,False
2021-07-22 02:10:00,1.3265489968812303e-16,False
2021-07-22 02:20:00,1.3064643164080144e-16,False
2021-07-22 02:30:00,1.4029400060671152e-16,False
2021-07-22 02:40:00,1.170190628539766e-16,False
2021-07-22 02:50:00,1.0462541137863841e-16,False
2021-07-22 03:00:00,1.1857700539327997e-16,False
2021-07-22 03:10:00,1.1858815417009105e-16,False
2021-07-22 03:20:00,,False
2021-07-22 03:30:00,1.0737256134682327e-16,False
2021-07-22 03:40:00,1.304601585763099e-16,False
2021-07-22 03:50:00,1.3861106811239107e-16,False
2021-07-22 04:00:00,1.3168538128697196e-16,False
2021-07-22 04:10:00,1.5155511683599495e-16,False
2021-07-22 04:20:00,1.1296479575842408e-16,False
2021-07-22 04:30:00,1.327309238474367e-16,False
2021-07-22 04:40:00,1.5675572303039727e-16,False
2021-07-22 04:50:00,1.254854674808569e-16,False
2021-07-22 05:00:00,1.5102403716455534e-16,False
2021-07-22 05:10:00,1.4677378209067793e-16,False
2021-07-22 05:20:00,1.0740711135558733e-16,False
2021-07-22 05:30:00,1.0931318093861838e-16,False
2021-07-22 05:40:00,1.379228793521171e-16,False
2021-07-22 05:50:00,1.308230304513851e-16,False
2021-07-22 06:00:00,1.1727960534201245e-16,False
2021-07-22 06:10:00,1.640991481624277e-16,False
2021-07-22 06:20:00,1.318697466416745e-16,False
2021-07-22 06:30:00,1.3749973982328516e-16,False
2021-07-22 06:40:00,1.2572056738759567e-16,False
2021-07-22 06:50:00,1.1707019052464426e-16,False
2021-07-22 07:00:00,1.1602123306437447e-16,False
2021-07-22 07:10:00,1.240615557712034e-16,False
2021-07-22 07:20:00,1.1260794054616508e-16,False
2021-07-22 07:30:00,1.2495874632801148e-16,False
2021-07-22 07:40:00,1.1478271054638286e-16,False
2021-07-22 07:50:00,1.28867563654703e-16,False
2021-07-22 08:00:00,,False
2021-07-22 08:10:00,1.2690499673702866e-16,False
2021-07-22 08:20:00,1.193176300585649e-16,False
2021-07-22 08:30:00,1.2494603623916562e-16,False
2021-07-22 08:40:00,1.3032518741390579e-16,False
2021-07-22 08:50:00,1.1824180202435523e-16,False
2021-07-22 09:00:00,1.4351598191049647e-16,False
2021-07-22 09:10:00,1.1073222540783091e-16,False
2021-07-22 09:20:00,1.2692720547120923e-16,False
2021-07-22 09:30:00,1.385351672953466e-16,False
2021-07-22 09:40:00,1.2930806907899227e-16,False
2021-07-22 09:50:00,1.1945263872342186e-16,False
2021-07-22 10:00:00,1.4161871342108228e-16,False
2021-07-22 10:10:00,1.2794542484908728e-16,False
2021-07-22 10:20:00,1.1248643988451252e-16,False
2021-07-22 10:30:00,1.051248218909914e-16,False
2021-07-22 10:40:00,,False
2021-07-22 10:50:00,1.4124717585787264e-16,False
2021-07-22 11:00:00,8.878389148490333e-17,False
2021-07-22 11:10:00,1.0167029416236086e-16,False
2021-07-22 11:20:00,1.3698788098652918e-16,False
2021-07-22 11:30:00,1.3335435442563673e-16,False
2021-07-22 11:40:00,1.3522943448929015e-16,False
2021-07-22 11:50:00,,False
2021-07-22 12:00:00,1.0302907606358212e-16,False
2021-07-22 12:10:00,1.2737380582213424e-16,False
2021-07-22 12:20:00,1.4036923779647275e-16,False
2021-07-22 12:30:00,1.2976727773409e-16,False
2021-07-22 12:40:00,1.2242634605929321e-16,False
2021-07-22 12:50:00,1.396115696890609e-16,False
2021-07-22 13:00:00,,False
2021-07-22 13:10:00,1.0417656243559224e-16,False
2021-07-22 13:20:00,1.3366650829220407e-16,False
2021-07-22 13:30:00,1.2000016906140622e-16,False
2021-07-22 13:40:00,1.3596235879578518e-16,False
2021-07-22 13:50:00,1.113384948743259e-16,False
2021-07-22 14:00:00,1.2101973360412396e-16,False
2021-07-22 14:10:00,,False
2021-07-22 14:20:00,1.4849295285073509e-16,False
2021-07-22 14:30:00,1.0992722796232921e-16,False
2021-07-22 14:40:00,,False
2021-07-22 14:50:00,1.2869738336187482e-16,False
2021-07-22 15:00:00,1.4815320137957289e-16,False
2021-07-22 15:10:00,9.809890323704637e-17,False
2021-07-22 15:20:00,1.1912271845433602e-16,False
2021-07-22 15:30:00,,False
2021-07-22 15:40:00,1.2699482955232234e-16,False
2021-07-22 15:50:00,1.3432825653142115e-16,False
2021-07-22 16:00:00,1.263516635375296e-16,False
2021-07-22 16:10:00,1.3879958690025024e-16,False
2021-07-22 16:20:00,1.1906642962642699e-16,False
2021-07-22 16:30:00,1.2443829938698205e-16,False
2021-07-22 16:40:00,1.4024411936162897e-16,False
2021-07-22 16:50:00,1.2214144896965912e-16,False
2021-07-22 17:00:00,1.0632255158947355e-16,False
2021-07-22 17:10:00,1.191879173780615e-16,False
2021-07-22 17:20:00,1.1657810376630835e-16,False
2021-07-22 17:30:00,1.0746076938141458e-16,False
2021-07-22 17:40:00,1.475468150699003e-16,False
2021-07-22 17:50:00,1.2970078757290371e-16,False
2021-07-22 18:00:00,1.146796609389414e-16,False
2021-07-22 18:10:00,1.1015539921587218e-16,False
2021-07-22 18:20:00,1.2690857414184638e-16,False
2021-07-22 18:30:00,1.1935216007454273e-16,False
2021-07-22 18:40:00,1.1595334851045938e-16,False
2021-07-22 18:50:00,1.2397374870391456e-16,False
2021-07-22 19:00:00,1.154130582586272e-16,False
2021-07-22 19:10:00,1.2165288349331205e-16,False
2021-07-22 19:20:00,1.0524421030808999e-16,False
2021-07-22 19:30:00,1.383757241418664e-16,False
2021-07-22 19:40:00,1.1112188558323122e-16,False
2021-07-22 19:50:00,1.3247398572927953e-16,False
2021-07-22 20:00:00,1.3159639379168826e-16,False
2021-07-22 20:10:00,1.2027296335475896e-16,False
2021-07-22 20:20:00,1.1065664639020636e-16,False
2021-07-22 20:30:00,1.141827718905805e-16,False
2021-07-22 20:40:00,1.1203957347311768e-16,False
2021-07-22 20:50:00,1.203992865628415e-16,False
2021-07-22 21:00:00,1.0794380675007322e-16,False
2021-07-22 21:10:00,1.2747423742783405e-16,False
2021-07-22 21:20:00,1.0453067231519382e-16,False
2021-07-22 21:30:00,1.0681019696206412e-16,False
2021-07-22 21:40:00,1.3277275650194734e-16,False
2021-07-22 21:50:00,1.201220670285547e-16,False
2021-07-22 22:00:00,1.279864870197671e-16,False
2021-07-22 22:10:00,1.3143014498876575e-16,False
2021-07-22 22:20:00,1.210903487114861e-16,False
2021-07-22 22:30:00,1.2381515612237568e-16,False
2021-07-22 22:40:00,1.1959781487823435e-16,False
2021-07-22 22:50:00,1.0796402678421861e-16,False
2021-07-22 23:00:00,1.1769520954289084e-16,False
2021-07-22 23:10:00,1.3348392286404697e-16,False
2021-07-22 23:20:00,1.2362467022678669e-16,False
2021-07-22 23:30:00,1.2099503924182527e-16,False
2021-07-22 23:40:00,1.3060440035887207e-16,False
2021-07-22 23:50:00,1.2751409464519702e-16,False
2021-07-23 00:00:00,1.0384620600466767e-16,False
2021-07-23 00:10:00,1.1464347025979905e-16,False
2021-07-23 00:20:00,1.1238280007011122e-16,False
2021-07-23 00:30:00,1.1987343521807033e-16,False
2021-07-23 00:40:00,1.18232569612634e-16,False
2021-07-23 00:50:00,,False
2021-07-23 01:00:00,1.1935141578372283e-16,False
2021-07-23 01:10:00,1.2580803959606096e-16,False
2021-07-23 01:20:00,,False
2021-07-23 01:30:00,1.221957984814402e-16,False
2021-07-23 01:40:00,1.0897506982271925e-16,False
2021-07-23 01:50:00,1.4616215342656478e-16,False
2021-07-23 02:00:00,1.2190389069124298e-16,False
2021-07-23 02:10:00,1.347019622923813e-16,False
2021-07-23 02:20:00,1.203649368614067e-16,False
2021-07-23 02:30:00,1.272926818931428e-16,False
2021-07-23 02:40:00,1.4063971052493046e-16,False
2021-07-23 02:50:00,1.2699702431466201e-16,False
2021-07-23 03:00:00,1.1905271239346038e-16,False
2021-07-23 03:10:00,1.2913259411033114e-16,False
2021-07-23 03:20:00,1.5363089072925613e-16,False
2021-07-23 03:30:00,1.1413661604672197e-16,False
2021-07-23 03:40:00,1.3673871108819902e-16,False
2021-07-23 03:50:00,1.2947153224947783e-16,False
2021-07-23 04:00:00,1.3910862255251236e-16,False
2021-07-23 04:10:00,1.2217564905475074e-16,False
2021-07-23 04:20:00,1.4074226286169278e-16,False
2021-07-23 04:30:00,1.218443047950518e-16,False
2021-07-23 04:40:00,1.4714114626156746e-16,False
2021-07-23 04:50:00,1.2367931311295498e-16,False
2021-07-23 05:00:00,1.1400870016791567e-16,False
2021-07-23 05:10:00,1.2162408673863523e-16,False
2021-07-23 05:20:00,1.3467367440843193e-16,False
2021-07-23 05:30:00,1.3457120440024115e-16,False
2021-07-23 05:40:00,1.142901081291619e-16,False
2021-07-23 05:50:00,1.4215263560610905e-16,False
2021-07-23 06:00:00,1.2572758226877211e-16,False
2021-07-23 06:10:00,1.2808982271209034e-16,False
2021-07-23 06:20:00,1.1081162541649691e-16,False
2021-07-23 06:30:00,,False
2021-07-23 06:40:00,1.2096799816375219e-16,False
2021-07-23 06:50:00,1.1443681261359387e-16,False
2021-07-23 07:00:00,1.1812595623049356e-16,False
2021-07-23 07:10:00,1.2002155929143815e-16,False
2021-07-23 07:20:00,1.2737624895691764e-16,False
2021-07-23 07:30:00,1.261526010658642e-16,False
2021-07-23 07:40:00,1.2316572090777125e-16,False
2021-07-23 07:50:00,1.4419446755042763e-16,False
2021-07-23 08:00:00,1.1561176882152552e-16,False
2021-07-23 08:10:00,1.3069337587569045e-16,False
2021-07-23 08:20:00,1.4817845770067969e-16,False
2021-07-23 08:30:00,,False
2021-07-23 08:40:00,1.277683992429161e-16,False
2021-07-23 08:50:00,1.231558874945388e-16,False
2021-07-23 09:00:00,1.428277448273918e-16,False
2021-07-23 09:10:00,,False
2021-07-23 09:20:00,1.4378613132404147e-16,False
2021-07-23 09:30:00,1.311037687601786e-16,False
2021-07-23 09:40:00,1.3018434306063635e-16,False
2021-07-23 09:50:00,1.2232376346855205e-16,False
2021-07-23 10:00:00,1.2884904756123793e-16,False
2021-07-23 10:10:00,1.0301046900872053e-16,False
2021-07-23 10:20:00,1.2630007324641078e-16,False
2021-07-23 10:30:00,1.2179303870880548e-16,False
2021-07-23 10:40:00,1.2419524706826355e-16,False
2021-07-23 10:50:00,1.1286990898685257e-16,False
2021-07-23 11:00:00,1.1874452115188445e-16,False
2021-07-23 11:10:00,1.2912738661832198e-16,False
2021-07-23 11:20:00,1.0205807367626761e-16,False
2021-07-23 11:30:00,1.3215302835207172e-16,False
2021-07-23 11:40:00,1.1081888660210768e-16,False
2021-07-23 11:50:00,1.099804942609068e-16,False
2021-07-23 12:00:00,1.0662517960699117e-16,False
2021-07-23 12:10:00,1.0011271292035853e-16,False
2021-07-23 12:20:00,1.2738916294391416e-16,False
2021-07-23 12:30:00,1.3284100424703278e-16,False
2021-07-23 12:40:00,1.3979825300632238e-16,False
2021-07-23 12:50:00,1.2242843331985933e-16,False
2021-07-23 13:00:00,1.31152267112295e-16,False
2021-07-23 13:10:00,1.2198807887970065e-16,False
2021-07-23 13:20:00,1.3274243818607121e-16,False
2021-07-23 13:30:00,1.147762071276824e-16,False
2021-07-23 13:40:00,1.226863350199493e-16,False
2021-07-23 13:50:00,9.30832853753182e-17,False
2021-07-23 14:00:00,1.0693017026562548e-16,False
2021-07-23 14:10:00,1.2519871278947722e-16,False
2021-07-23 14:20:00,1.1435034924507146e-16,False
2021-07-23 14:30:00,1.0834100259850043e-16,False
2021-07-23 14:40:00,1.1604504189013438e-16,False
2021-07-23 14:50:00,,False
2021-07-23 15:00:00,1.2011056109714554e-16,False
2021-07-23 15:10:00,1.1086049496942911e-16,False
2021-07-23 15:20:00,1.1377732094953194e-16,False
2021-07-23 15:30:00,1.0504938954536721e-16,False
2021-07-23 15:40:00,,False
2021-07-23 15:50:00,,False
2021-07-23 16:00:00,1.2736972189080422e-16,False
2021-07-23 16:10:00,1.275078826869968e-16,False
2021-07-23 16:20:00,1.391855110500912e-16,False
2021-07-23 16:30:00,1.196692018580765e-16,False
2021-07-23 16:40:00,1.2367629572215783e-16,False
2021-07-23 16:50:00,1.0770944924862752e-16,False
2021-07-23 17:00:00,1.0280902213894995e-16,False
2021-07-23 17:10:00,1.1349656379426584e-16,False
2021-07-23 17:20:00,1.2646358022619808e-16,False
2021-07-23 17:30:00,1.1230186502665332e-16,False
2021-07-23 17:40:00,1.0178781036442701e-16,False
2021-07-23 17:50:00,1.178497809217082e-16,False
2021-07-23 18:00:00,1.087300928794297e-16,False
2021-07-23 18:10:00,1.4072275723468403e-16,False
2021-07-23 18:20:00,1.258910794646737e-16,False
2021-07-23 18:30:00,,False
2021-07-23 18:40:00,1.1017124319300562e-16,False
2021-07-23 18:50:00,1.2410854043721844e-16,False
2021-07-23 19:00:00,1.1992613682619933e-16,False
2021-07-23 19:10:00,1.0193787290330324e-16,False
2021-07-23 19:20:00,1.2885021812280245e-16,False
2021-07-23 19:30:00,1.3139550215533222e-16,False
2021-07-23 19:40:00,1.2126690238730103e-16,False
2021-07-23 19:50:00,1.204269128462817e-16,False
2021-07-23 20:00:00,1.1227429741883355e-16,False
2021-07-23 20:10:00,1.3358882455055232e-16,False
2021-07-23 20:20:00,1.2713744427615854e-16,False
2021-07-23 20:30:00,1.138354201340976e-16,False
2021-07-23 20:40:00,1.201464270220944e-16,False
2021-07-23 20:50:00,,False
2021-07-23 21:00:00,1.0749895584275783e-16,False
2021-07-23 21:10:00,1.0300806304785838e-16,False
2021-07-23 21:20:00,1.0880187311817912e-16,False
2021-07-23 21:30:00,1.3484446345819212e-16,False
2021-07-23 21:40:00,1.2643540619080681e-16,False
2021-07-23 21:50:00,1.2836996786657209e-16,False
2021-07-23 22:00:00,1.342484595390976e-16,False
2021-07-23 22:10:00,1.2296973807042404e-16,False
2021-07-23 22:20:00,,False
2021-07-23 22:30:00,1.1006943160261812e-16,False
2021-07-23 22:40:00,1.0696196124723983e-16,False
2021-07-23 22:50:00,1.177648708954256e-16,False
2021-07-23 23:00:00,1.1971647672448908e-16,False
2021-07-23 23:10:00,1.3565132573651747e-16,False
2021-07-23 23:20:00,1.2086844498031078e-16,False
2021-07-23 23:30:00,1.2736039561678962e-16,False
2021-07-23 23:40:00,1.0651743717143174e-16,False
2021-07-23 23:50:00,1.1322115629307778e-16,False
2021-07-24 00:00:00,1.3272751112076394e-16,False
2021-07-24 00:10:00,1.241872274311809e-16,False
2021-07-24 00:20:00,,False
2021-07-24 00:30:00,1.3864790478768595e-16,False
2021-07-24 00:40:00,1.3369470361510432e-16,False
2021-07-24 00:50:00,1.227788359109161e-16,False
2021-07-24 01:00:00,1.0879636256985675e-16,False
2021-07-24 01:10:00,1.2392888734417066e-16,False
2021-07-24 01:20:00,1.2138366667698688e-16,False
2021-07-24 01:30:00,1.2608065108781247e-16,False
2021-07-24 01:40:00,1.3026193155148947e-16,False
2021-07-24 01:50:00,1.3050749045748904e-16,False
2021-07-24 02:00:00,1.4306556471870114e-16,False
2021-07-24 02:10:00,1.276644712175023e-16,False
2021-07-24 02:20:00,1.0173207646805501e-16,False
2021-07-24 02:30:00,1.1559731399526133e-16,False
2021-07-24 02:40:00,1.172043284076352e-16,False
2021-07-24 02:50:00,1.3033926690506511e-16,False
2021-07-24 03:00:00,1.3597771500842835e-16,False
2021-07-24 03:10:00,9.865063984257589e-17,False
2021-07-24 03:20:00,,False
2021-07-24 03:30:00,1.2014539153480118e-16,False
2021-07-24 03:40:00,1.5003158352913293e-16,False
2021-07-24 03:50:00,1.1234455909004592e-16,False
2021-07-24 04:00:00,1.3786291522908233e-16,False
2021-07-24 04:10:00,1.1166872665116284e-16,False
2021-07-24 04:20:00,,False
2021-07-24 04:30:00,1.3616558100424082e-16,False
2021-07-24 04:40:00,1.389515310456152e-16,False
2021-07-24 04:50:00,1.3951692461931028e-16,False
2021-07-24 05:00:00,1.2010805960762196e-16,False
2021-07-24 05:10:00,1.1016184904131811e-16,False
2021-07-24 05:20:00,1.3072967789335885e-16,False
2021-07-24 05:30:00,1.14871737901423e-16,False
2021-07-24 05:40:00,1.265960646663601e-16,False
2021-07-24 05:50:00,1.19707343939858e-16,False
2021-07-24 06:00:00,1.2443084123963743e-16,False
2021-07-24 06:10:00,1.3819675094755835e-16,False
2021-07-24 06:20:00,1.3631026148275402e-16,False
2021-07-24 06:30:00,1.3842063212776471e-16,False
2021-07-24 06:40:00,1.2899324590380093e-16,False
2021-07-24 06:50:00,1.305816301005096e-16,False
2021-07-24 07:00:00,1.3145883765860668e-16,False
2021-07-24 07:10:00,1.118733159425306e-16,False
2021-07-24 07:20:00,1.268516727456136e-16,False
2021-07-24 07:30:00,1.3090623561289905e-16,False
2021-07-24 07:40:00,1.2497715066010626e-16,False
2021-07-24 07:50:00,1.2461379940302014e-16,False
2021-07-24 08:00:00,9.915975086555644e-17,False
2021-07-24 08:10:00,1.3946651540087085e-16,False
2021-07-24 08:20:00,1.3191016578363054e-16,False
2021-07-24 08:30:00,1.393943684699448e-16,False
2021-07-24 08:40:00,1.291916007629632e-16,False
2021-07-24 08:50:00,1.213865382618709e-16,False
2021-07-24 09:00:00,1.1267917293563709e-16,False
2021-07-24 09:10:00,1.2509025910408212e-16,False
2021-07-24 09:20:00,1.3295585807152655e-16,False
2021-07-24 09:30:00,1.3252701852570633e-16,False
2021-07-24 09:40:00,1.107570449382272e-16,False
2021-07-24 09:50:00,1.4237031876949978e-16,False
2021-07-24 10:00:00,1.3114686391610994e-16,False
2021-07-24 10:10:00,1.0230319870162383e-16,False
2021-07-24 10:20:00,1.126559653882456e-16,False
2021-07-24 10:30:00,9.991548404440059e-17,False
2021-07-24 10:40:00,1.310655503435522e-16,False
2021-07-24 10:50:00,,False
2021-07-24 11:00:00,1.140962769158809e-16,False
2021-07-24 11:10:00,1.2198547904244283e-16,False
2021-07-24 11:20:00,1.2924308972823926e-16,False
2021-07-24 11:30:00,,False
2021-07-24 11:40:00,1.1353335537983702e-16,False
2021-07-24 11:50:00,1.161496730486553e-16,False
2021-07-24 12:00:00,1.3219382269711158e-16,False
2021-07-24 12:10:00,1.2827378569821492e-16,False
2021-07-24 12:20:00,1.3269762955647866e-16,False
2021-07-24 12:30:00,1.1970760695387462e-16,False
2021-07-24 12:40:00,1.019169711116369e-16,False
2021-07-24 12:50:00,1.2088692544888282e-16,False
2021-07-24 13:00:00,1.167602663717358e-16,False
2021-07-24 13:10:00,1.309440822961694e-16,False
2021-07-24 13:20:00,1.1353040797409882e-16,False
2021-07-24 13:30:00,1.1959426704132502e-16,False
2021-07-24 13:40:00,1.2644181215494813e-16,False
2021-07-24 13:50:00,1.3338693128998378e-16,False
2021-07-24 14:00:00,,False
2021-07-24 14:10:00,1.167808305009644e-16,False
2021-07-24 14:20:00,1.191207904175168e-16,False
2021-07-24 14:30:00,1.363487967357871e-16,False
2021-07-24 14:40:00,1.2350441010841466e-16,False
2021-07-24 14:50:00,1.2207346344510676e-16,False
2021-07-24 15:00:00,,False
2021-07-24 15:10:00,1.3108479956844726e-16,False
2021-07-24 15:20:00,1.3620363318393307e-16,False
2021-07-24 15:30:00,1.1297124304635097e-16,False
2021-07-24 15:40:00,,False
2021-07-24 15:50:00,1.1637234744323542e-16,False
2021-07-24 16:00:00,1.2849090044733568e-16,False
2021-07-24 16:10:00,1.1941738406876997e-16,False
2021-07-24 16:20:00,1.200474130135302e-16,False
2021-07-24 16:30:00,1.163697953522976e-16,False
2021-07-24 16:40:00,1.3195899946185362e-16,False
2021-07-24 16:50:00,1.405564258025182e-16,False
2021-07-24 17:00:00,1.319815329525283e-16,False
2021-07-24 17:10:00,1.1845343735092908e-16,False
2021-07-24 17:20:00,1.1622447089680747e-16,False
2021-07-24 17:30:00,1.2696249868257087e-16,False
2021-07-24 17:40:00,1.2069724985124837e-16,False
2021-07-24 17:50:00,1.4880204984946401e-16,False
2021-07-24 18:00:00,1.0951007087812482e-16,False
2021-07-24 18:10:00,1.2350131180922273e-16,False
2021-07-24 18:20:00,1.2006462141868285e-16,False
2021-07-24 18:30:00,1.2502034001332664e-16,False
2021-07-24 18:40:00,1.2902380413296375e-16,False
2021-07-24 18:50:00,1.1483886542596193e-16,False
2021-07-24 19:00:00,1.2142879550616886e-16,False
2021-07-24 19:10:00,1.3462697376230005e-16,False
2021-07-24 19:20:00,1.237798372966081e-16,False
2021-07-24 19:30:00,1.2338248520890843e-16,False
2021-07-24 19:40:00,1.1944180975550417e-16,False
2021-07-24 19:50:00,1.4148296688096509e-16,False
2021-07-24 20:00:00,1.368631728586523e-16,False
2021-07-24 20:10:00,1.0630943444623635e-16,False
2021-07-24 20:20:00,1.182500862384614e-16,False
2021-07-24 20:30:00,9.385425220144046e-17,False
2021-07-24 20:40:00,9.781049393316886e-17,False
2021-07-24 20:50:00,1.339395417537211e-16,False
2021-07-24 21:00:00,1.3265369433411563e-16,False
2021-07-24 21:10:00,1.1223876472689303e-16,False
2021-07-24 21:20:00,1.1002100555812284e-16,False
2021-07-24 21:30:00,1.2519149649371243e-16,False
2021-07-24 21:40:00,1.1857119139281196e-16,False
2021-07-24 21:50:00,1.1688582043477618e-16,False
2021-07-24 22:00:00,1.2191274908212276e-16,False
2021-07-24 22:10:00,1.135437172053609e-16,False
2021-07-24 22:20:00,1.5227039247608771e-16,False
2021-07-24 22:30:00,1.047277188424189e-16,False
2021-07-24 22:40:00,1.0688085842196503e-16,False
2021-07-24 22:50:00,1.400971373696361e-16,False
2021-07-24 23:00:00,1.3119897706620256e-16,False
2021-07-24 23:10:00,1.3467689770420867e-16,False
2021-07-24 23:20:00,1.1699274135585488e-16,False
2021-07-24 23:30:00,1.4186179757663931e-16,False
2021-07-24 23:40:00,1.184617229663303e-16,False
2021-07-24 23:50:00,1.1423469810273534e-16,False
2021-07-25 00:00:00,1.106934736548019e-16,False
2021-07-25 00:10:00,1.1013249376776066e-16,False
2021-07-25 00:20:00,1.1052061052209292e-16,False
2021-07-25 00:30:00,1.105044239482665e-16,False
2021-07-25 00:40:00,1.1312520372774924e-16,False
2021-07-25 00:50:00,1.3059834205169678e-16,False
2021-07-25 01:00:00,1.2640645405307448e-16,False
2021-07-25 01:10:00,1.2704981370680077e-16,False
2021-07-25 01:20:00,1.209878888300462e-16,False
2021-07-25 01:30:00,1.3373485860028016e-16,False
2021-07-25 01:40:00,1.2006969668622778e-16,False
2021-07-25 01:50:00,1.198950451651043e-16,False
2021-07-25 02:00:00,1.2710236354767298e-16,False
2021-07-25 02:10:00,1.2692142801515927e-16,False
2021-07-25 02:20:00,1.0484474083427439e-16,False
2021-07-25 02:30:00,1.336778040760343e-16,False
2021-07-25 02:40:00,1.3623884745060698e-16,False
2021-07-25 02:50:00,,False
2021-07-25 03:00:00,1.3093696280793168e-16,False
2021-07-25 03:10:00,1.3451555750861328e-16,False
2021-07-25 03:20:00,1.2849220383451162e-16,False
2021-07-25 03:30:00,1.4201186994868758e-16,False
2021-07-25 03:40:00,1.2982495025929585e-16,False
2021-07-25 03:50:00,1.0988801895720887e-16,False
2021-07-25 04:00:00,1.064904798877317e-16,False
2021-07-25 04:10:00,1.071331701795438e-16,False
2021-07-25 04:20:00,,False
2021-07-25 04:30:00,1.1374670351470387e-16,False
2021-07-25 04:40:00,1.2049976497695245e-16,False
2021-07-25 04:50:00,8.962390891257627e-17,False
2021-07-25 05:00:00,1.0923216295942395e-16,False
2021-07-25 05:10:00,1.3035625670792838e-16,False
2021-07-25 05:20:00,1.24195083429091e-16,False
2021-07-25 05:30:00,1.3443332562938448e-16,False
2021-07-25 05:40:00,1.0524059717885643e-16,False
2021-07-25 05:50:00,1.161066079276247e-16,False
2021-07-25 06:00:00,8.991611768262265e-17,False
2021-07-25 06:10:00,1.5003284776990028e-16,False
2021-07-25 06:20:00,1.0384172654990199e-16,False
2021-07-25 06:30:00,1.1156316907766255e-16,False
2021-07-25 06:40:00,,False
2021-07-25 06:50:00,1.2447213851913558e-16,False
2021-07-25 07:00:00,1.2184321745662915e-16,False
2021-07-25 07:10:00,1.21697096729669e-16,False
2021-07-25 07:20:00,1.200006593143587e-16,False
2021-07-25 07:30:00,9.78929380957573e-17,False
2021-07-25 07:40:00,1.0702764802345942e-16,False
2021-07-25 07:50:00,1.3071654940744283e-16,False
2021-07-25 08:00:00,1.159852831701493e-16,False
2021-07-25 08:10:00,1.2075423645947333e-16,False
2021-07-25 08:20:00,1.359273974567154e-16,False
2021-07-25 08:30:00,1.0980449703165835e-16,False
2021-07-25 08:40:00,1.0816754458973636e-16,False
2021-07-25 08:50:00,1.0142133108817516e-16,False
2021-07-25 09:00:00,1.0773984391622575e-16,False
2021-07-25 09:10:00,1.2137307740476203e-16,False
2021-07-25 09:20:00,1.123753527074585e-16,False
2021-07-25 09:30:00,1.1019232859061294e-16,False
2021-07-25 09:40:00,1.2067770132291073e-16,False
2021-07-25 09:50:00,1.408909075061436e-16,False
2021-07-25 10:00:00,1.2604644321603667e-16,False
2021-07-25 10:10:00,1.2028328259261814e-16,False
2021-07-25 10:20:00,1.1836949233758614e-16,False
2021-07-25 10:30:00,1.395184072970003e-16,False
2021-07-25 10:40:00,1.0659223847378384e-16,False
2021-07-25 10:50:00,1.0046621177221818e-16,False
2021-07-25 11:00:00,1.1075887111731806e-16,False
2021-07-25 11:10:00,1.219704535067025e-16,False
2021-07-25 11:20:00,1.3590050494196045e-16,False
2021-07-25 11:30:00,1.1978047686243626e-16,False
2021-07-25 11:40:00,1.2156983672774864e-16,False
2021-07-25 11:50:00,1.1607252352097156e-16,False
2021-07-25 12:00:00,1.2887154385518004e-16,False
2021-07-25 12:10:00,1.3272675759323575e-16,False
2021-07-25 12:20:00,1.1304594380481284e-16,False
2021-07-25 12:30:00,9.890842337347018e-17,False
2021-07-25 12:40:00,,False
2021-07-25 12:50:00,1.0754035895862194e-16,False
2021-07-25 13:00:00,1.1905155174303866e-16,False
2021-07-25 13:10:00,1.3802594953989336e-16,False
2021-07-25 13:20:00,1.3245078140589577e-16,False
2021-07-25 13:30:00,1.350921996313259e-16,False
2021-07-25 13:40:00,1.336851094416056e-16,False
2021-07-25 13:50:00,1.1703322254047055e-16,False
2021-07-25 14:00:00,1.2956203784065877e-16,False
2021-07-25 14:10:00,1.2792327219219418e-16,False
2021-07-25 14:20:00,1.0947389359679433e-16,False
2021-07-25 14:30:00,1.1251649832533144e-16,False
2021-07-25 14:40:00,1.1706722903732245e-16,False
2021-07-25 14:50:00,1.2188699182940913e-16,False
2021-07-25 15:00:00,1.3298006548539406e-16,False
2021-07-25 15:10:00,9.969842232598804e-17,False
2021-07-25 15:20:00,,False
2021-07-25 15:30:00,1.237733819743714e-16,False
2021-07-25 15:40:00,,False
2021-07-25 15:50:00,1.0816950196115091e-16,False
2021-07-25 16:00:00,1.201781594179382e-16,False
2021-07-25 16:10:00,1.2958844310285967e-16,False
2021-07-25 16:20:00,1.2632417008741793e-16,False
2021-07-25 16:30:00,1.405257360704352e-16,False
2021-07-25 16:40:00,1.1874005531552072e-16,False
2021-07-25 16:50:00,1.4033821233681981e-16,False
2021-07-25 17:00:00,1.164192954191844e-16,False
2021-07-25 17:10:00,1.1495265085656417e-16,False
2021-07-25 17:20:00,1.2597361237633614e-16,False
2021-07-25 17:30:00,1.3251178277518178e-16,False
2021-07-25 17:40:00,1.342376775968359e-16,False
2021-07-25 17:50:00,1.1331747265923934e-16,False
2021-07-25 18:00:00,1.2947528607632376e-16,False
2021-07-25 18:10:00,1.3432676953742798e-16,False
2021-07-25 18:20:00,1.2963190869517804e-16,False
2021-07-25 18:30:00,1.340370441327189e-16,False
2021-07-25 18:40:00,1.1575889869946205e-16,False
2021-07-25 18:50:00,1.2001470953369332e-16,False
2021-07-25 19:00:00,1.4627080986273991e-16,False
2021-07-25 19:10:00,1.2901219523906873e-16,False
2021-07-25 19:20:00,1.2796825237589458e-16,False
2021-07-25 19:30:00,1.3709298023800785e-16,False
2021-07-25 19:40:00,1.1705507483892813e-16,False
2021-07-25 19:50:00,1.1870401076493996e-16,False
2021-07-25 20:00:00,1.053572553990116e-16,False
2021-07-25 20:10:00,1.1970579624330005e-16,False
2021-07-25 20:20:00,1.2868497717363976e-16,False
2021-07-25 20:30:00,1.260712709552176e-16,False
2021-07-25 20:40:00,1.0073994648844716e-16,False
2021-07-25 20:50:00,1.116502891197915e-16,False
2021-07-25 21:00:00,1.3539912025115014e-16,False
2021-07-25 21:10:00,1.4923643176339771e-16,False
2021-07-25 21:20:00,1.2391713670236928e-16,False
2021-07-25 21:30:00,1.2036412110622418e-16,False
2021-07-25 21:40:00,1.2058785221749098e-16,False
2021-07-25 21:50:00,1.407185013993263e-16,False
2021-07-25 22:00:00,1.1735623923445327e-16,False
2021-07-25 22:10:00,1.4269919094119638e-16,False
2021-07-25 22:20:00,1.1023411729972541e-16,False
2021-07-25 22:30:00,1.1587559883886826e-16,False
2021-07-25 22:40:00,1.3385491876877052e-16,False
2021-07-25 22:50:00,1.097035695143852e-16,False
2021-07-25 23:00:00,1.186828136519412e-16,False
2021-07-25 23:10:00,1.1890980711389965e-16,False
2021-07-25 23:20:00,1.2289528575813598e-16,False
2021-07-25 23:30:00,9.810378727665265e-17,False
2021-07-25 23:40:00,1.2846776681973615e-16,False
2021-07-25 23:50:00,1.2166650760082434e-16,False
2021-07-26 00:00:00,1.2154083484423253e-16,False
2021-07-26 00:10:00,1.1561287890562482e-16,False
2021-07-26 00:20:00,,False
2021-07-26 00:30:00,1.313616213322837e-16,False
2021-07-26 00:40:00,1.1205571137812114e-16,False
2021-07-26 00:50:00,1.1940757704273682e-16,False
2021-07-26 01:00:00,1.3184337729442588e-16,False
2021-07-26 01:10:00,1.300097937027669e-16,False
2021-07-26 01:20:00,9.769628886750285e-17,False
2021-07-26 01:30:00,,False
2021-07-26 01:40:00,1.229506764641682e-16,False
2021-07-26 01:50:00,1.2966283074599648e-16,False
2021-07-26 02:00:00,1.2116375862647414e-16,False
2021-07-26 02:10:00,1.4665689012646803e-16,False
2021-07-26 02:20:00,,False
2021-07-26 02:30:00,1.0272209829121965e-16,False
2021-07-26 02:40:00,1.3843947919402415e-16,False
2021-07-26 02:50:00,1.342903324208635e-16,False
2021-07-26 03:00:00,1.2516014862017617e-16,False
2021-07-26 03:10:00,1.165962624985703e-16,False
2021-07-26 03:20:00,1.1929059777760632e-16,False
2021-07-26 03:30:00,1.085154712271329e-16,False
2021-07-26 03:40:00,1.1624972503125902e-16,False
2021-07-26 03:50:00,1.3626225291893946e-16,False
2021-07-26 04:00:00,1.3150696333231415e-16,False
2021-07-26 04:10:00,1.197737575768006e-16,False
2021-07-26 04:20:00,1.2459767387995504e-16,False
2021-07-26 04:30:00,1.1154726764179206e-16,False
2021-07-26 04:40:00,1.3393798114093626e-16,False
2021-07-26 04:50:00,1.224846238032798e-16,False
2021-07-26 05:00:00,1.2915045377420295e-16,False
2021-07-26 05:10:00,1.262636479532537e-16,False
2021-07-26 05:20:00,9.982370266319708e-17,False
2021-07-26 05:30:00,1.0580598454262775e-16,False
2021-07-26 05:40:00,1.0753757419064516e-16,False
2021-07-26 05:50:00,1.2023845366933164e-16,False
2021-07-26 06:00:00,1.3770368562147944e-16,False
2021-07-26 06:10:00,1.339681111493531e-16,False
2021-07-26 06:20:00,1.1818703907332958e-16,False
2021-07-26 06:30:00,1.0738637175565865e-16,False
2021-07-26 06:40:00,1.2822060598361474e-16,False
2021-07-26 06:50:00,1.0197677080919967e-16,False
2021-07-26 07:00:00,1.4216303128599116e-16,False
2021-07-26 07:10:00,1.1856186307386821e-16,False
2021-07-26 07:20:00,1.2332825178050974e-16,False
2021-07-26 07:30:00,1.4936540963907741e-16,False
2021-07-26 07:40:00,1.1989194335247978e-16,False
2021-07-26 07:50:00,1.2695035872251005e-16,False
2021-07-26 08:00:00,,False
2021-07-26 08:10:00,1.0130742022920806e-16,False
2021-07-26 08:20:00,1.2952362376045667e-16,False
2021-07-26 08:30:00,1.3110152459439205e-16,False
2021-07-26 08:40:00,1.2879913716389072e-16,False
2021-07-26 08:50:00,1.3247826325287576e-16,False
2021-07-26 09:00:00,1.1197913723496155e-16,False
2021-07-26 09:10:00,1.3210710634135043e-16,False
2021-07-26 09:20:00,1.2286208437731637e-16,False
2021-07-26 09:30:00,1.1600147963830806e-16,False
2021-07-26 09:40:00,1.2974110531118676e-16,False
2021-07-26 09:50:00,1.1203183640828002e-16,False
2021-07-26 10:00:00,1.2872879991814584e-16,False
2021-07-26 10:10:00,1.185204032133231e-16,False
2021-07-26 10:20:00,1.3498276845183954e-16,False
2021-07-26 10:30:00,1.2610151634515693e-16,False
2021-07-26 10:40:00,1.0542538219653604e-16,False
2021-07-26 10:50:00,1.0708368155897682e-16,False
2021-07-26 11:00:00,1.1578751716228984e-16,False
2021-07-26 11:10:00,1.4872102961559638e-16,False
2021-07-26 11:20:00,1.0522550613359806e-16,False
2021-07-26 11:30:00,,False
2021-07-26 11:40:00,1.1817094680336032e-16,False
2021-07-26 11:50:00,1.2745458444001253e-16,False
2021-07-26 12:00:00,1.1391154727547047e-16,False
2021-07-26 12:10:00,1.2882010114452195e-16,False
2021-07-26 12:20:00,1.298798582409601e-16,False
2021-07-26 12:30:00,1.199528976094952e-16,False
2021-07-26 12:40:00,1.4085309094108234e-16,False
2021-07-26 12:50:00,,False
2021-07-26 13:00:00,1.280209881715709e-16,False
2021-07-26 13:10:00,1.2431061464256028e-16,False
2021-07-26 13:20:00,1.1780230685080144e-16,False
2021-07-26 13:30:00,1.0957127929959454e-16,False
2021-07-26 13:40:00,1.189395541017466e-16,False
2021-07-26 13:50:00,1.3947647053474368e-16,False
2021-07-26 14:00:00,1.296945996002526e-16,False
2021-07-26 14:10:00,1.3506081781607726e-16,False
2021-07-26 14:20:00,1.103393991967083e-16,False
2021-07-26 14:30:00,1.1590455138467686e-16,False
2021-07-26 14:40:00,1.337671499909157e-16,False
2021-07-26 14:50:00,1.098604830545384e-16,False
2021-07-26 15:00:00,1.228260558790396e-16,False
2021-07-26 15:10:00,1.157806516325023e-16,False
2021-07-26 15:20:00,9.455789671341762e-17,False
2021-07-26 15:30:00,1.076289913183256e-16,False
2021-07-26 15:40:00,1.1901510134981812e-16,False
2021-07-26 15:50:00,1.2217308802388594e-16,False
2021-07-26 16:00:00,1.3945977159667754e-16,False
2021-07-26 16:10:00,1.223571524309297e-16,False
2021-07-26 16:20:00,1.1374534341776063e-16,False
2021-07-26 16:30:00,1.1494251507155608e-16,False
2021-07-26 16:40:00,9.093279891595841e-17,False
2021-07-26 16:50:00,1.221373561122311e-16,False
2021-07-26 17:00:00,1.1750722397080776e-16,False
2021-07-26 17:10:00,1.3355160345402851e-16,False
2021-07-26 17:20:00,1.199796421301298e-16,False
2021-07-26 17:30:00,1.2028804063460962e-16,False
2021-07-26 17:40:00,1.2565083396848568e-16,False
2021-07-26 17:50:00,1.3763318925111708e-16,False
2021-07-26 18:00:00,1.1448915207747806e-16,False
2021-07-26 18:10:00,1.1069558493054309e-16,False
2021-07-26 18:20:00,,False
2021-07-26 18:30:00,9.665515530212513e-17,False
2021-07-26 18:40:00,1.1946324776502653e-16,False
2021-07-26 18:50:00,1.1377175341844433e-16,False
2021-07-26 19:00:00,1.2458533470645228e-16,False
2021-07-26 19:10:00,1.0583495557796457e-16,False
2021-07-26 19:20:00,1.0769873037191926e-16,False
2021-07-26 19:30:00,,False
2021-07-26 19:40:00,1.17996216517063e-16,False
2021-07-26 19:50:00,1.2271132270584712e-16,False
2021-07-26 20:00:00,1.3501777787956314e-16,False
2021-07-26 20:10:00,1.1064992857569181e-16,False
2021-07-26 20:20:00,1.4747189425571808e-16,False
2021-07-26 20:30:00,1.1929658740243315e-16,False
2021-07-26 20:40:00,1.2446944426381963e-16,False
2021-07-26 20:50:00,1.0620483240691572e-16,False
2021-07-26 21:00:00,1.22588859793822e-16,False
2021-07-26 21:10:00,1.0674574304213642e-16,False
2021-07-26 21:20:00,1.091466836151632e-16,False
2021-07-26 21:30:00,1.186909687057889e-16,False
2021-07-26 21:40:00,1.2596760941250135e-16,False
2021-07-26 21:50:00,1.2089270216849014e-16,False
2021-07-26 22:00:00,1.2442085965593487e-16,False
2021-07-26 22:10:00,9.860033499387102e-17,False
2021-07-26 22:20:00,1.1317526950359035e-16,False
2021-07-26 22:30:00,1.2435805857432097e-16,False
2021-07-26 22:40:00,1.0276168360639236e-16,False
2021-07-26 22:50:00,1.2119485331090162e-16,False
2021-07-26 23:00:00,1.3422288329485288e-16,False
2021-07-26 23:10:00,1.246838883546394e-16,False
2021-07-26 23:20:00,1.2308262225910916e-16,False
2021-07-26 23:30:00,1.1127675514325226e-16,False
2021-07-26 23:40:00,1.2265318031171028e-16,False
2021-07-26 23:50:00,1.2378536886752248e-16,False
2021-07-27 00:00:00,1.1047620457389425e-16,False
2021-07-27 00:10:00,1.2864668327237375e-16,False
2021-07-27 00:20:00,1.247880894870741e-16,False
2021-07-27 00:30:00,1.399253357301106e-16,False
2021-07-27 00:40:00,1.330829277054502e-16,False
2021-07-27 00:50:00,1.3178403560934235e-16,False
2021-07-27 01:00:00,1.1981196880007692e-16,False
2021-07-27 01:10:00,1.2640717973096898e-16,False
2021-07-27 01:20:00,1.3111063265137685e-16,False
2021-07-27 01:30:00,,False
2021-07-27 01:40:00,1.1451502150412868e-16,False
2021-07-27 01:50:00,1.246135246782597e-16,False
2021-07-27 02:00:00,1.2716006376518865e-16,False
2021-07-27 02:10:00,1.236132749981401e-16,False
2021-07-27 02:20:00,1.1801298629382443e-16,False
2021-07-27 02:30:00,1.1472068866076264e-16,False
2021-07-27 02:40:00,,False
2021-07-27 02:50:00,1.2731542747996325e-16,False
2021-07-27 03:00:00,1.1693892515950536e-16,False
2021-07-27 03:10:00,1.3500574653236564e-16,False
2021-07-27 03:20:00,1.0610493719434708e-16,False
2021-07-27 03:30:00,1.4899874449117728e-16,False
2021-07-27 03:40:00,9.989126082203913e-17,False
2021-07-27 03:50:00,1.3731706935209137e-16,False
2021-07-27 04:00:00,1.2971783892277827e-16,False
2021-07-27 04:10:00,9.597646153362264e-17,False
2021-07-27 04:20:00,1.3620442676091034e-16,False
2021-07-27 04:30:00,1.1166700909644803e-16,False
2021-07-27 04:40:00,1.2506402543528336e-16,False
2021-07-27 04:50:00,1.1027098603750148e-16,False
2021-07-27 05:00:00,,False
2021-07-27 05:10:00,1.3018228561298162e-16,False
2021-07-27 05:20:00,1.2044845618402204e-16,False
2021-07-27 05:30:00,1.2560449544324074e-16,False
2021-07-27 05:40:00,1.253716961837779e-16,False
2021-07-27 05:50:00,1.244928560932049e-16,False
2021-07-27 06:00:00,1.2961830253014482e-16,False
2021-07-27 06:10:00,,False
2021-07-27 06:20:00,1.1652376155062126e-16,False
2021-07-27 06:30:00,1.2662542740285884e-16,False
2021-07-27 06:40:00,9.961200710332396e-17,False
2021-07-27 06:50:00,1.1388448271400548e-16,False
2021-07-27 07:00:00,1.286845109020687e-16,False
2021-07-27 07:10:00,1.2618580069889024e-16,False
2021-07-27 07:20:00,1.2771333732644508e-16,False
2021-07-27 07:30:00,,False
2021-07-27 07:40:00,1.1286992082041508e-16,False
2021-07-27 07:50:00,1.1945824975997775e-16,False
2021-07-27 08:00:00,1.2882627410566992e-16,False
2021-07-27 08:10:00,1.210459315953666e-16,False
2021-07-27 08:20:00,1.1960356505747785e-16,False
2021-07-27 08:30:00,1.2861063994767551e-16,False
2021-07-27 08:40:00,1.4016222057977962e-16,False
2021-07-27 08:50:00,,False
2021-07-27 09:00:00,1.134234250267213e-16,False
2021-07-27 09:10:00,1.3259990076510963e-16,False
2021-07-27 09:20:00,1.4673322500949444e-16,False
2021-07-27 09:30:00,1.2384088247064917e-16,False
2021-07-27 09:40:00,1.2996954605583981e-16,False
2021-07-27 09:50:00,1.1997971779442498e-16,False
2021-07-27 10:00:00,1.190600085268411e-16,False
2021-07-27 10:10:00,1.2665959372166202e-16,False
2021-07-27 10:20:00,1.1200461493729133e-16,False
2021-07-27 10:30:00,1.2632495197133581e-16,False
2021-07-27 10:40:00,9.984341082776066e-17,False
2021-07-27 10:50:00,1.2254258722080427e-16,False
2021-07-27 11:00:00,1.476996272538224e-16,False
2021-07-27 11:10:00,1.131133858812207e-16,False
2021-07-27 11:20:00,1.0942105326707234e-16,False
2021-07-27 11:30:00,1.4427092641650096e-16,False
2021-07-27 11:40:00,1.2907046627657338e-16,False
2021-07-27 11:50:00,,False
2021-07-27 12:00:00,1.1480512207880964e-16,False
2021-07-27 12:10:00,9.63230983600433e-17,False
2021-07-27 12:20:00,9.998474765873483e-17,False
2021-07-27 12:30:00,1.0976682531712799e-16,False
2021-07-27 12:40:00,1.34100385140224e-16,False
2021-07-27 12:50:00,1.2406656172380928e-16,False
2021-07-27 13:00:00,1.2552024980341852e-16,False
2021-07-27 13:10:00,1.358696238263173e-16,False
2021-07-27 13:20:00,1.3601767876324104e-16,False
2021-07-27 13:30:00,1.322266696147371e-16,False
2021-07-27 13:40:00,1.1582935003285955e-16,False
2021-07-27 13:50:00,1.3965260861008495e-16,False
2021-07-27 14:00:00,1.3409657096962621e-16,False
2021-07-27 14:10:00,,False
2021-07-27 14:20:00,1.204253904783758e-16,False
2021-07-27 14:30:00,1.1667049314778284e-16,False
2021-07-27 14:40:00,1.363190955378541e-16,False
2021-07-27 14:50:00,1.275173813469681e-16,False
2021-07-27 15:00:00,1.1439383367417518e-16,False
2021-07-27 15:10:00,1.1793307277444243e-16,False
2021-07-27 15:20:00,1.1178498939191826e-16,False
2021-07-27 15:30:00,1.3693139727173095e-16,False
2021-07-27 15:40:00,,False
2021-07-27 15:50:00,1.1219551751655777e-16,False
2021-07-27 16:00:00,1.4994057242613686e-16,False
2021-07-27 16:10:00,1.1907013197084584e-16,False
2021-07-27 16:20:00,,False
2021-07-27 16:30:00,1.2444043193910932e-16,False
2021-07-27 16:40:00,1.1812583895478545e-16,False
2021-07-27 16:50:00,1.224292697577144e-16,False
2021-07-27 17:00:00,1.25148883660087e-16,False
2021-07-27 17:10:00,1.445757591454606e-16,False
2021-07-27 17:20:00,1.472984564579527e-16,False
2021-07-27 17:30:00,1.1125176432118683e-16,False
2021-07-27 17:40:00,1.1449008386978411e-16,False
2021-07-27 17:50:00,1.1202194719512697e-16,False
2021-07-27 18:00:00,1.1824426855751594e-16,False
2021-07-27 18:10:00,9.420103530240601e-17,False
2021-07-27 18:20:00,1.1706002146563483e-16,False
2021-07-27 18:30:00,1.256194541673055e-16,False
2021-07-27 18:40:00,1.288844801429168e-16,False
2021-07-27 18:50:00,1.1636452063507546e-16,False
2021-07-27 19:00:00,1.2460746745787947e-16,False
2021-07-27 19:10:00,1.1077883694990726e-16,False
2021-07-27 19:20:00,1.4501337342433815e-16,False
2021-07-27 19:30:00,1.1438684830657255e-16,False
2021-07-27 19:40:00,1.186545775812168e-16,False
2021-07-27 19:50:00,1.4449238396383467e-16,False
2021-07-27 20:00:00,1.217729524990279e-16,False
2021-07-27 20:10:00,1.057044075401219e-16,False
2021-07-27 20:20:00,1.3493227792478381e-16,False
2021-07-27 20:30:00,1.1279984059259225e-16,False
2021-07-27 20:40:00,1.1919911231608796e-16,False
2021-07-27 20:50:00,1.412452446071581e-16,False
2021-07-27 21:00:00,1.24257663831976e-16,False
2021-07-27 21:10:00,1.3065684298928004e-16,False
2021-07-27 21:20:00,1.2112174881347664e-16,False
2021-07-27 21:30:00,1.3533766149248756e-16,False
2021-07-27 21:40:00,1.391106548007884e-16,False
2021-07-27 21:50:00,1.1420451858859942e-16,False
2021-07-27 22:00:00,1.2162592711329233e-16,False
2021-07-27 22:10:00,1.180560886939136e-16,False
2021-07-27 22:20:00,,False
2021-07-27 22:30:00,1.4095280462022396e-16,False
2021-07-27 22:40:00,1.1440340290922665e-16,False
2021-07-27 22:50:00,1.630861865107957e-16,False
2021-07-27 23:00:00,1.371346179896291e-16,False
2021-07-27 23:10:00,1.3659436372331655e-16,False
2021-07-27 23:20:00,1.070189957454283e-16,False
2021-07-27 23:30:00,1.1648069626645933e-16,False
2021-07-27 23:40:00,1.381707236845492e-16,False
2021-07-27 23:50:00,1.323435765478884e-16,False
2021-07-28 00:00:00,1.2368180077285784e-16,False
2021-07-28 00:10:00,1.2959975110056593e-16,False
2021-07-28 00:20:00,1.336684364552539e-16,False
2021-07-28 00:30:00,1.307261813883602e-16,False
2021-07-28 00:40:00,1.387219219703377e-16,False
2021-07-28 00:50:00,1.25412839363812e-16,False
2021-07-28 01:00:00,1.2073011385233618e-16,False
2021-07-28 01:10:00,,False
2021-07-28 01:20:00,1.1571858713523258e-16,False
2021-07-28 01:30:00,1.2219283086387416e-16,False
2021-07-28 01:40:00,1.2904900011951758e-16,False
2021-07-28 01:50:00,1.3620149650394702e-16,False
2021-07-28 02:00:00,1.239307057315604e-16,False
2021-07-28 02:10:00,1.149556386706157e-16,False
2021-07-28 02:20:00,1.4472977278542995e-16,False
2021-07-28 02:30:00,1.3959028498746339e-16,False
2021-07-28 02:40:00,1.3721662356522038e-16,False
2021-07-28 02:50:00,,False
2021-07-28 03:00:00,1.272540852698576e-16,False
2021-07-28 03:10:00,1.127558198406068e-16,False
2021-07-28 03:20:00,1.1229865018007381e-16,False
2021-07-28 03:30:00,1.1586012379744757e-16,False
2021-07-28 03:40:00,1.251465635454731e-16,False
2021-07-28 03:50:00,,False
2021-07-28 04:00:00,1.0243001900409372e-16,False
2021-07-28 04:10:00,1.1447764793989736e-16,False
2021-07-28 04:20:00,1.2261750475955925e-16,False
2021-07-28 04:30:00,1.1533184188890084e-16,False
2021-07-28 04:40:00,1.1601886291895712e-16,False
2021-07-28 04:50:00,1.249316993959509e-16,False
2021-07-28 05:00:00,1.3016174884970192e-16,False
2021-07-28 05:10:00,1.3188963205155723e-16,False
2021-07-28 05:20:00,1.2672819605624772e-16,False
2021-07-28 05:30:00,1.2320170683082029e-16,False
2021-07-28 05:40:00,1.0916568697630578e-16,False
2021-07-28 05:50:00,1.1707322234841228e-16,False
2021-07-28 06:00:00,1.4398224865299734e-16,False
2021-07-28 06:10:00,1.1600670829313442e-16,False
2021-07-28 06:20:00,1.298508521703429e-16,False
2021-07-28 06:30:00,1.2887635645610073e-16,False
2021-07-28 06:40:00,1.3418567555538996e-16,False
2021-07-28 06:50:00,1.3137556334310326e-16,False
2021-07-28 07:00:00,1.2145912340617427e-16,False
2021-07-28 07:10:00,1.2195769027374083e-16,False
2021-07-28 07:20:00,1.1781684281136583e-16,False
2021-07-28 07:30:00,1.230828648714152e-16,False
2021-07-28 07:40:00,1.0177149417950389e-16,False
2021-07-28 07:50:00,1.4168645709011262e-16,False
2021-07-28 08:00:00,1.3833575367802899e-16,False
2021-07-28 08:10:00,,False
2021-07-28 08:20:00,1.0899154973951518e-16,False
2021-07-28 08:30:00,1.3464653499053395e-16,False
2021-07-28 08:40:00,1.2104576376753555e-16,False
2021-07-28 08:50:00,,False
2021-07-28 09:00:00,1.2871765660854904e-16,False
2021-07-28 09:10:00,1.3182622722683391e-16,False
2021-07-28 09:20:00,1.3594804332175766e-16,False
2021-07-28 09:30:00,1.3359434115990688e-16,False
2021-07-28 09:40:00,1.2076342551002529e-16,False
2021-07-28 09:50:00,9.884907532124023e-17,False
2021-07-28 10:00:00,1.1256842772909234e-16,False
2021-07-28 10:10:00,1.0866250934794596e-16,False
2021-07-28 10:20:00,1.0834350757008552e-16,False
2021-07-28 10:30:00,1.1809588631983013e-16,False
2021-07-28 10:40:00,1.5189354819734263e-16,False
2021-07-28 10:50:00,9.606688920339329e-17,False
2021-07-28 11:00:00,1.1567567729135924e-16,False
2021-07-28 11:10:00,1.1135029804102122e-16,False
2021-07-28 11:20:00,1.1460081723278703e-16,False
2021-07-28 11:30:00,1.1724462971837206e-16,False
2021-07-28 11:40:00,1.2597985888878058e-16,False
2021-07-28 11:50:00,1.2373809411185796e-16,False
2021-07-28 12:00:00,1.3607098089534833e-16,False
2021-07-28 12:10:00,1.1946509239961158e-16,False
2021-07-28 12:20:00,1.1766456814090222e-16,False
2021-07-28 12:30:00,1.0534573106000988e-16,False
2021-07-28 12:40:00,1.0740502865532658e-16,False
2021-07-28 12:50:00,1.183405690108998e-16,False
2021-07-28 13:00:00,,False
2021-07-28 13:10:00,1.25120108009795e-16,False
2021-07-28 13:20:00,1.4044174412015903e-16,False
2021-07-28 13:30:00,1.1928694000776416e-16,False
2021-07-28 13:40:00,1.0952173196411045e-16,False
2021-07-28 13:50:00,1.2467867049580954e-16,False
2021-07-28 14:00:00,1.2205147669603696e-16,False
2021-07-28 14:10:00,1.2453045163304154e-16,False
2021-07-28 14:20:00,1.1184493739884497e-16,False
2021-07-28 14:30:00,1.191746692804776e-16,False
2021-07-28 14:40:00,1.4268698263521723e-16,False
2021-07-28 14:50:00,1.1331894752742283e-16,False
2021-07-28 15:00:00,1.4280629345991622e-16,False
2021-07-28 15:10:00,1.0620399225720572e-16,False
2021-07-28 15:20:00,1.1597435870384835e-16,False
2021-07-28 15:30:00,1.042882646597167e-16,False
2021-07-28 15:40:00,1.1949625220332273e-16,False
2021-07-28 15:50:00,1.0565197903750854e-16,False
2021-07-28 16:00:00,1.1390860111004315e-16,False
2021-07-28 16:10:00,1.3074675049306888e-16,False
2021-07-28 16:20:00,1.2019641964014918e-16,False
2021-07-28 16:30:00,,False
2021-07-28 16:40:00,1.3047316984524016e-16,False
2021-07-28 16:50:00,1.2751646974665832e-16,False
2021-07-28 17:00:00,1.17071141193213e-16,False
2021-07-28 17:10:00,9.170153896376837e-17,False
2021-07-28 17:20:00,1.124868674420144e-16,False
2021-07-28 17:30:00,1.2222271893470409e-16,False
2021-07-28 17:40:00,1.1525608586954832e-16,False
2021-07-28 17:50:00,1.046743137709334e-16,False
2021-07-28 18:00:00,1.0120803540439675e-16,False
2021-07-28 18:10:00,1.3050545349989562e-16,False
2021-07-28 18:20:00,1.1643491597240648e-16,False
2021-07-28 18:30:00,1.291600938019513e-16,False
2021-07-28 18:40:00,1.0639681795812046e-16,False
2021-07-28 18:50:00,1.2990973585573683e-16,False
2021-07-28 19:00:00,1.0673041215740115e-16,False
2021-07-28 19:10:00,1.0560015347462809e-16,False
2021-07-28 19:20:00,1.2667670618708237e-16,False
2021-07-28 19:30:00,1.0620515805777437e-16,False
2021-07-28 19:40:00,1.254366264493218e-16,False
2021-07-28 19:50:00,1.2051425831793842e-16,False
2021-07-28 20:00:00,1.0586161989331568e-16,False
2021-07-28 20:10:00,1.3609690240470733e-16,False
2021-07-28 20:20:00,1.194448415839481e-16,False
2021-07-28 20:30:00,1.0052368165677735e-16,False
2021-07-28 20:40:00,1.1806608658565886e-16,False
2021-07-28 20:50:00,1.2282524193682888e-16,False
2021-07-28 21:00:00,1.1074502420085371e-16,False
2021-07-28 21:10:00,1.3389743195119774e-16,False
2021-07-28 21:20:00,,False
2021-07-28 21:30:00,1.2389255661148418e-16,False
2021-07-28 21:40:00,1.3060794862500486e-16,False
2021-07-28 21:50:00,1.23951321145077e-16,False
2021-07-28 22:00:00,1.197165314399231e-16,False
2021-07-28 22:10:00,1.2491572454790874e-16,False
2021-07-28 22:20:00,1.2984866944295292e-16,False
2021-07-28 22:30:00,1.376266150655339e-16,False
2021-07-28 22:40:00,1.2006766597685104e-16,False
2021-07-28 22:50:00,1.2299529595590953e-16,False
2021-07-28 23:00:00,1.0236329435857277e-16,False
2021-07-28 23:10:00,1.11886488544488e-16,False
2021-07-28 23:20:00,1.22182459088259e-16,False
2021-07-28 23:30:00,1.148908471574027e-16,False
2021-07-28 23:40:00,1.0808145390445753e-16,False
2021-07-28 23:50:00,1.3860253459322776e-16,False
2021-07-29 00:00:00,1.2315279433964148e-16,False
2021-07-29 00:10:00,1.2462725312423075e-16,False
2021-07-29 00:20:00,1.3515561592449367e-16,False
2021-07-29 00:30:00,1.1024035903855503e-16,False
2021-07-29 00:40:00,,False
2021-07-29 00:50:00,1.0883628910932541e-16,False
2021-07-29 01:00:00,1.3539361976197698e-16,False
2021-07-29 01:10:00,,False
2021-07-29 01:20:00,1.361650591294638e-16,False
2021-07-29 01:30:00,1.2231655753988908e-16,False
2021-07-29 01:40:00,1.1684235819500653e-16,False
2021-07-29 01:50:00,9.441740656090675e-17,False
2021-07-29 02:00:00,1.4483842920574692e-16,False
2021-07-29 02:10:00,1.087921905813648e-16,False
2021-07-29 02:20:00,1.1683644092590204e-16,False
2021-07-29 02:30:00,1.3039014490955494e-16,False
2021-07-29 02:40:00,1.0802340464410533e-16,False
2021-07-29 02:50:00,1.2882313366001495e-16,False
2021-07-29 03:00:00,1.0493115455300569e-16,False
2021-07-29 03:10:00,1.3698290481621242e-16,False
2021-07-29 03:20:00,,False
2021-07-29 03:30:00,1.205478652471245e-16,False
2021-07-29 03:40:00,1.4096596241110251e-16,False
2021-07-29 03:50:00,1.2123995815725697e-16,False
2021-07-29 04:00:00,1.239517136442669e-16,False
2021-07-29 04:10:00,1.5372711151282226e-16,False
2021-07-29 04:20:00,1.456115740721405e-16,False
2021-07-29 04:30:00,1.2499325963377933e-16,False
2021-07-29 04:40:00,1.0665663858109003e-16,False
2021-07-29 04:50:00,1.222493709587815e-16,False
2021-07-29 05:00:00,1.5476068243980082e-16,False
2021-07-29 05:10:00,1.220755014471557e-16,False
2021-07-29 05:20:00,1.2952475643499113e-16,False
2021-07-29 05:30:00,1.3390045211000446e-16,False
2021-07-29 05:40:00,1.2052922371343997e-16,False
2021-07-29 05:50:00,1.296504738356784e-16,False
2021-07-29 06:00:00,1.362744770870845e-16,False
2021-07-29 06:10:00,1.3792022749520648e-16,False
2021-07-29 06:20:00,1.4910429954659915e-16,False
2021-07-29 06:30:00,1.1791885467287046e-16,False
2021-07-29 06:40:00,1.2042964449284675e-16,False
2021-07-29 06:50:00,1.0564321749408208e-16,False
2021-07-29 07:00:00,1.34645639864543e-16,False
2021-07-29 07:10:00,1.5503340542763184e-16,False
2021-07-29 07:20:00,1.260551118642605e-16,False
2021-07-29 07:30:00,1.3404274192998664e-16,False
2021-07-29 07:40:00,1.246801731382734e-16,False
2021-07-29 07:50:00,1.2061424564478712e-16,False
2021-07-29 08:00:00,1.1831563964147918e-16,False
2021-07-29 08:10:00,1.341296059058761e-16,False
2021-07-29 08:20:00,1.2719629751369522e-16,False
2021-07-29 08:30:00,1.345819635694675e-16,False
2021-07-29 08:40:00,1.2864404961675958e-16,False
2021-07-29 08:50:00,1.1096532305152998e-16,False
2021-07-29 09:00:00,1.0848169033930562e-16,False
2021-07-29 09:10:00,1.1336514247777243e-16,False
2021-07-29 09:20:00,1.2169508959010088e-16,False
2021-07-29 09:30:00,1.0145482808330847e-16,False
2021-07-29 09:40:00,1.0507139188233454e-16,False
2021-07-29 09:50:00,1.2491890071776804e-16,False
2021-07-29 10:00:00,1.0733314995525121e-16,False
2021-07-29 10:10:00,1.158880468884307e-16,False
2021-07-29 10:20:00,1.1209896964322526e-16,False
2021-07-29 10:30:00,1.279959314754149e-16,False
2021-07-29 10:40:00,1.2908153510267186e-16,False
2021-07-29 10:50:00,1.2599597572727802e-16,False
2021-07-29 11:00:00,1.137022611963558e-16,False
2021-07-29 11:10:00,1.257610734722604e-16,False
2021-07-29 11:20:00,1.2066511571725789e-16,False
2021-07-29 11:30:00,1.2718145016492973e-16,False
2021-07-29 11:40:00,1.349573506346801e-16,False
2021-07-29 11:50:00,1.348801045448819e-16,False
2021-07-29 12:00:00,1.185573859852417e-16,False
2021-07-29 12:10:00,1.260234249476421e-16,False
2021-07-29 12:20:00,1.0812878603877003e-16,False
2021-07-29 12:30:00,1.1511139158418478e-16,False
2021-07-29 12:40:00,1.3965021909554895e-16,False
2021-07-29 12:50:00,1.1885414526270403e-16,False
2021-07-29 13:00:00,1.1741720556415198e-16,False
2021-07-29 13:10:00,1.132204486661171e-16,False
2021-07-29 13:20:00,1.1465556427294788e-16,False
2021-07-29 13:30:00,1.4259528973378052e-16,False
2021-07-29 13:40:00,1.2645304917374044e-16,False
2021-07-29 13:50:00,1.306551007319541e-16,False
2021-07-29 14:00:00,1.3789412083856134e-16,False
2021-07-29 14:10:00,1.385943527217709e-16,False
2021-07-29 14:20:00,1.4417361005241783e-16,False
2021-07-29 14:30:00,1.1333945342678136e-16,False
2021-07-29 14:40:00,1.2751022664453494e-16,False
2021-07-29 14:50:00,1.221958332585493e-16,False
2021-07-29 15:00:00,1.4162620997857004e-16,False
2021-07-29 15:10:00,9.556783359872183e-17,False
2021-07-29 15:20:00,1.2451679620168812e-16,False
2021-07-29 15:30:00,,False
2021-07-29 15:40:00,1.120909387753063e-16,False
2021-07-29 15:50:00,1.35948040383487e-16,False
2021-07-29 16:00:00,1.3129000724076703e-16,False
2021-07-29 16:10:00,1.3812833532999636e-16,False
2021-07-29 16:20:00,1.1372587191981721e-16,False
2021-07-29 16:30:00,1.042577563229727e-16,False
2021-07-29 16:40:00,1.4102169722139966e-16,False
2021-07-29 16:50:00,1.2546349865429806e-16,False
2021-07-29 17:00:00,1.3092961053477688e-16,False
2021-07-29 17:10:00,1.373522510290917e-16,False
2021-07-29 17:20:00,1.358461936767235e-16,False
2021-07-29 17:30:00,1.2435779356028479e-16,False
2021-07-29 17:40:00,1.2384360762302633e-16,False
2021-07-29 17:50:00,1.307209209113557e-16,False
2021-07-29 18:00:00,1.3604583343863731e-16,False
2021-07-29 18:10:00,1.0240971219104777e-16,False
2021-07-29 18:20:00,1.195399253781504e-16,False
2021-07-29 18:30:00,1.5081586422530345e-16,False
2021-07-29 18:40:00,1.1408297732272356e-16,False
2021-07-29 18:50:00,1.5369587846399694e-16,False
2021-07-29 19:00:00,1.1795578113835769e-16,False
2021-07-29 19:10:00,1.2269621140929347e-16,False
2021-07-29 19:20:00,1.2938290559589987e-16,False
2021-07-29 19:30:00,1.3047687764763963e-16,False
2021-07-29 19:40:00,1.0821718194893574e-16,False
2021-07-29 19:50:00,1.14470058414805e-16,False
2021-07-29 20:00:00,1.4297798133173514e-16,False
2021-07-29 20:10:00,1.2832788944920917e-16,False
2021-07-29 20:20:00,1.2589441336227263e-16,False
2021-07-29 20:30:00,1.2531373292515898e-16,False
2021-07-29 20:40:00,1.1128529279270054e-16,False
2021-07-29 20:50:00,1.642514186742047e-16,False
2021-07-29 21:00:00,1.2605210972361288e-16,False
2021-07-29 21:10:00,9.407484981479319e-17,False
2021-07-29 21:20:00,1.342451146339137e-16,False
2021-07-29 21:30:00,1.2126425916518493e-16,False
2021-07-29 21:40:00,1.0364436368656981e-16,False
2021-07-29 21:50:00,1.2960448767235929e-16,False
2021-07-29 22:00:00,1.2102556008115456e-16,False
2021-07-29 22:10:00,1.2787578747999637e-16,False
2021-07-29 22:20:00,1.2770791408002764e-16,False
2021-07-29 22:30:00,1.1502059454041337e-16,False
2021-07-29 22:40:00,1.1564728143283142e-16,False
2021-07-29 22:50:00,1.118825371187668e-16,False
2021-07-29 23:00:00,1.3416706487212213e-16,False
2021-07-29 23:10:00,1.1500327212587145e-16,False
2021-07-29 23:20:00,9.638887187815604e-17,False
2021-07-29 23:30:00,1.298694570925923e-16,False
2021-07-29 23:40:00,1.2534741254965843e-16,False
2021-07-29 23:50:00,1.2441826927718213e-16,False
2021-07-30 00:00:00,1.309238686692367e-16,False
2021-07-30 00:10:00,1.5026684756260666e-16,False
2021-07-30 00:20:00,1.0663415550300032e-16,False
2021-07-30 00:30:00,1.131140999104862e-16,False
2021-07-30 00:40:00,1.1319109127775444e-16,False
2021-07-30 00:50:00,1.277112202856264e-16,False
2021-07-30 01:00:00,1.153749890763028e-16,False
2021-07-30 01:10:00,1.0929415154364513e-16,False
2021-07-30 01:20:00,1.2790409215901743e-16,False
2021-07-30 01:30:00,1.3523366029896294e-16,False
2021-07-30 01:40:00,8.942824473305566e-17,False
2021-07-30 01:50:00,1.1361340333842577e-16,False
2021-07-30 02:00:00,1.1037070806989682e-16,False
2021-07-30 02:10:00,1.319130503017481e-16,False
2021-07-30 02:20:00,1.192263067603488e-16,False
2021-07-30 02:30:00,1.1705042713926598e-16,False
2021-07-30 02:40:00,1.1769450792785128e-16,False
2021-07-30 02:50:00,1.200236539371341e-16,False
2021-07-30 03:00:00,1.1730622395815383e-16,False
2021-07-30 03:10:00,1.1172816987937923e-16,False
2021-07-30 03:20:00,1.196251076138658e-16,False
2021-07-30 03:30:00,1.2224317966555811e-16,False
2021-07-30 03:40:00,1.1828314985276315e-16,False
2021-07-30 03:50:00,1.2260943792825058e-16,False
2021-07-30 04:00:00,1.3099570744291762e-16,False
2021-07-30 04:10:00,1.0977646087058771e-16,False
2021-07-30 04:20:00,1.1538680677775797e-16,False
2021-07-30 04:30:00,1.3792707107166265e-16,False
2021-07-30 04:40:00,1.40609065480322e-16,False
2021-07-30 04:50:00,1.2509306249865264e-16,False
2021-07-30 05:00:00,1.3355060130474013e-16,False
2021-07-30 05:10:00,1.139957657964247e-16,False
2021-07-30 05:20:00,1.211202264886098e-16,False
2021-07-30 05:30:00,1.1491141588461427e-16,False
2021-07-30 05:40:00,1.315365164550143e-16,False
2021-07-30 05:50:00,1.0097346200193865e-16,False
2021-07-30 06:00:00,1.2924345674774456e-16,False
2021-07-30 06:10:00,1.352385706335697e-16,False
2021-07-30 06:20:00,1.230190057975263e-16,False
2021-07-30 06:30:00,1.2064412418254525e-16,False
2021-07-30 06:40:00,1.2859974255487916e-16,False
2021-07-30 06:50:00,1.0463410900301918e-16,False
2021-07-30 07:00:00,1.1573674224574917e-16,False
2021-07-30 07:10:00,1.2495870561080277e-16,False
2021-07-30 07:20:00,1.1066029517033926e-16,False
2021-07-30 07:30:00,1.4725776487852507e-16,False
2021-07-30 07:40:00,1.231060819518662e-16,False
2021-07-30 07:50:00,8.565897724441938e-17,False
2021-07-30 08:00:00,1.321571614468828e-16,False
2021-07-30 08:10:00,1.3153522902729238e-16,False
2021-07-30 08:20:00,1.1936339753922602e-16,False
2021-07-30 08:30:00,1.2061795238612576e-16,False
2021-07-30 08:40:00,1.3436348328852193e-16,False
2021-07-30 08:50:00,1.147764316264453e-16,False
2021-07-30 09:00:00,1.4776397126118448e-16,False
2021-07-30 09:10:00,1.1588292109981093e-16,False
2021-07-30 09:20:00,1.113744339558465e-16,False
2021-07-30 09:30:00,1.023097562473436e-16,False
2021-07-30 09:40:00,1.2672283088260778e-16,False
2021-07-30 09:50:00,1.3455828583095595e-16,False
2021-07-30 10:00:00,1.3543267381358424e-16,False
2021-07-30 10:10:00,1.3631246925418215e-16,False
2021-07-30 10:20:00,1.2099778805837576e-16,False
2021-07-30 10:30:00,1.2303980621061152e-16,False
2021-07-30 10:40:00,1.2512587979538842e-16,False
2021-07-30 10:50:00,1.2190050146256013e-16,False
2021-07-30 11:00:00,,False
2021-07-30 11:10:00,1.1742944346211785e-16,False
2021-07-30 11:20:00,1.3982326058319991e-16,False
2021-07-30 11:30:00,1.1887535547792072e-16,False
2021-07-30 11:40:00,,False
2021-07-30 11:50:00,1.2195235167808647e-16,False
2021-07-30 12:00:00,1.241211294600209e-16,False
2021-07-30 12:10:00,,False
2021-07-30 12:20:00,1.0766331007324603e-16,False
2021-07-30 12:30:00,1.123062813500152e-16,False
2021-07-30 12:40:00,1.3591398061181157e-16,False
2021-07-30 12:50:00,1.284783510251742e-16,False
2021-07-30 13:00:00,1.0887765315881361e-16,False
2021-07-30 13:10:00,1.5191892911240897e-16,False
2021-07-30 13:20:00,1.496791055513339e-16,False
2021-07-30 13:30:00,1.120455150272141e-16,False
2021-07-30 13:40:00,1.059666614884153e-16,False
2021-07-30 13:50:00,1.1711387806210342e-16,False
2021-07-30 14:00:00,1.264497584405961e-16,False
2021-07-30 14:10:00,1.2085228028378757e-16,False
2021-07-30 14:20:00,1.317917063574211e-16,False
2021-07-30 14:30:00,1.2682012078502289e-16,False
2021-07-30 14:40:00,1.0442974552160635e-16,False
2021-07-30 14:50:00,1.390498792732551e-16,False
2021-07-30 15:00:00,1.0863930740815178e-16,False
2021-07-30 15:10:00,1.2945591523773616e-16,False
2021-07-30 15:20:00,1.3686642896022396e-16,False
2021-07-30 15:30:00,1.375754591619618e-16,False
2021-07-30 15:40:00,1.1052698358136573e-16,False
2021-07-30 15:50:00,,False
2021-07-30 16:00:00,1.18823899653757e-16,False
2021-07-30 16:10:00,1.2509909672781906e-16,False
2021-07-30 16:20:00,1.0346472046258412e-16,False
2021-07-30 16:30:00,1.3356694859618164e-16,False
2021-07-30 16:40:00,9.726752351591783e-17,False
2021-07-30 16:50:00,1.2904822448584578e-16,False
2021-07-30 17:00:00,1.1174488308604292e-16,False
2021-07-30 17:10:00,1.2146281911791412e-16,False
2021-07-30 17:20:00,,False
2021-07-30 17:30:00,1.3651389490118145e-16,False
2021-07-30 17:40:00,1.3938726159602472e-16,False
2021-07-30 17:50:00,,False
2021-07-30 18:00:00,1.340431624134327e-16,False
2021-07-30 18:10:00,1.197464071651589e-16,False
2021-07-30 18:20:00,1.2092759944776676e-16,False
2021-07-30 18:30:00,1.0954303521770776e-16,False
2021-07-30 18:40:00,1.0422119776561043e-16,False
2021-07-30 18:50:00,1.244267639806489e-16,False
2021-07-30 19:00:00,1.3570948357976962e-16,False
2021-07-30 19:10:00,1.1487560093598668e-16,False
2021-07-30 19:20:00,1.1766251918823473e-16,False
2021-07-30 19:30:00,1.1468658618706238e-16,False
2021-07-30 19:40:00,1.1107815573686325e-16,False
2021-07-30 19:50:00,1.4464194586454308e-16,False
2021-07-30 20:00:00,1.2764804519775517e-16,False
2021-07-30 20:10:00,1.267317629324081e-16,False
2021-07-30 20:20:00,1.1130633403446161e-16,False
2021-07-30 20:30:00,1.401939347160575e-16,False
2021-07-30 20:40:00,1.1828219847022143e-16,False
2021-07-30 20:50:00,1.372482161375058e-16,False
2021-07-30 21:00:00,1.2124847367440186e-16,False
2021-07-30 21:10:00,1.0191892539975939e-16,False
2021-07-30 21:20:00,1.1526921820005145e-16,False
2021-07-30 21:30:00,1.1351727613500584e-16,False
2021-07-30 21:40:00,1.3742430006971187e-16,False
2021-07-30 21:50:00,1.212070487571443e-16,False
2021-07-30 22:00:00,1.0732822039251538e-16,False
2021-07-30 22:10:00,1.330312256503768e-16,False
2021-07-30 22:20:00,1.354799378023356e-16,False
2021-07-30 22:30:00,1.1293408699254158e-16,False
2021-07-30 22:40:00,1.1368816636537556e-16,False
2021-07-30 22:50:00,1.2498622624851347e-16,False
2021-07-30 23:00:00,1.16672875502287e-16,False
2021-07-30 23:10:00,1.1860950628384966e-16,False
2021-07-30 23:20:00,1.2349854818252938e-16,False
2021-07-30 23:30:00,1.1032239267442513e-16,False
2021-07-30 23:40:00,1.0927661356361219e-16,False
2021-07-30 23:50:00,9.677616485212885e-17,False
2021-07-31 00:00:00,1.105137074093649e-16,False
2021-07-31 00:10:00,1.2697488364405054e-16,False
2021-07-31 00:20:00,1.0280582429584851e-16,False
2021-07-31 00:30:00,1.1499884863907773e-16,False
2021-07-31 00:40:00,1.281744279321598e-16,False
2021-07-31 00:50:00,1.295215892891017e-16,False
2021-07-31 01:00:00,1.1323413279439694e-16,False
2021-07-31 01:10:00,1.3738248052440002e-16,False
2021-07-31 01:20:00,1.2973830096497243e-16,False
2021-07-31 01:30:00,1.444211569566379e-16,False
2021-07-31 01:40:00,1.0058877340604156e-16,False
2021-07-31 01:50:00,9.763272253768116e-17,False
2021-07-31 02:00:00,,False
2021-07-31 02:10:00,1.1632826443613576e-16,False
2021-07-31 02:20:00,1.4437037702439438e-16,False
2021-07-31 02:30:00,1.180931427249185e-16,False
2021-07-31 02:40:00,9.257416564844723e-17,False
2021-07-31 02:50:00,1.1805275067015693e-16,False
2021-07-31 03:00:00,1.2830611827849095e-16,False
2021-07-31 03:10:00,1.3002083328898874e-16,False
2021-07-31 03:20:00,1.220232419004409e-16,False
2021-07-31 03:30:00,8.973285808641478e-17,False
2021-07-31 03:40:00,,False
2021-07-31 03:50:00,1.168141053887215e-16,False
2021-07-31 04:00:00,1.2768577139368054e-16,False
2021-07-31 04:10:00,1.3532461826128882e-16,False
2021-07-31 04:20:00,9.473820202012311e-17,False
2021-07-31 04:30:00,1.1573742898269383e-16,False
2021-07-31 04:40:00,1.188846808114682e-16,False
2021-07-31 04:50:00,1.230921360042111e-16,False
2021-07-31 05:00:00,9.587997974960526e-17,False
2021-07-31 05:10:00,,False
2021-07-31 05:20:00,1.2684569133546762e-16,False
2021-07-31 05:30:00,1.4017370254743092e-16,False
2021-07-31 05:40:00,1.0225548532917277e-16,False
2021-07-31 05:50:00,1.345218664939433e-16,False
2021-07-31 06:00:00,,False
2021-07-31 06:10:00,1.3346401800427124e-16,False
2021-07-31 06:20:00,1.3179273635957758e-16,False
2021-07-31 06:30:00,1.158694916764687e-16,False
2021-07-31 06:40:00,1.2038856171087957e-16,False
2021-07-31 06:50:00,1.2101034198862164e-16,False
2021-07-31 07:00:00,1.2762708772877651e-16,False
2021-07-31 07:10:00,1.2612754464842236e-16,False
2021-07-31 07:20:00,1.1064603019300526e-16,False
2021-07-31 07:30:00,1.196675762589091e-16,False
2021-07-31 07:40:00,1.1735929084092893e-16,False
2021-07-31 07:50:00,1.287677537819965e-16,False
2021-07-31 08:00:00,1.454089519500583e-16,False
2021-07-31 08:10:00,1.2321428519079617e-16,False
2021-07-31 08:20:00,1.351979361234646e-16,False
2021-07-31 08:30:00,1.331914558262077e-16,False
2021-07-31 08:40:00,1.2630484566699283e-16,False
2021-07-31 08:50:00,1.3983210519660693e-16,False
2021-07-31 09:00:00,,False
2021-07-31 09:10:00,1.0589202299064959e-16,False
2021-07-31 09:20:00,1.2052193613297937e-16,False
2021-07-31 09:30:00,1.181283715556173e-16,False
2021-07-31 09:40:00,1.2574755441558492e-16,False
2021-07-31 09:50:00,1.2411635868477178e-16,False
2021-07-31 10:00:00,1.0890774635365363e-16,False
2021-07-31 10:10:00,1.0762357811201252e-16,False
2021-07-31 10:20:00,1.329350369909831e-16,False
2021-07-31 10:30:00,1.2473724731419307e-16,False
2021-07-31 10:40:00,1.0839578208351878e-16,False
2021-07-31 10:50:00,1.268435121606936e-16,False
2021-07-31 11:00:00,1.272505047650248e-16,False
2021-07-31 11:10:00,1.427420833185372e-16,False
2021-07-31 11:20:00,1.2176571006170725e-16,False
2021-07-31 11:30:00,1.3892675791289415e-16,False
2021-07-31 11:40:00,1.3995511576717172e-16,False
2021-07-31 11:50:00,1.2803774235599832e-16,False
2021-07-31 12:00:00,1.179287602707001e-16,False
2021-07-31 12:10:00,1.2212103318004345e-16,False
2021-07-31 12:20:00,,False
2021-07-31 12:30:00,1.3392315879003416e-16,False
2021-07-31 12:40:00,1.1844282681887762e-16,False
2021-07-31 12:50:00,1.1000367915234149e-16,False
2021-07-31 13:00:00,1.0891053041646145e-16,False
2021-07-31 13:10:00,1.0772449275241494e-16,False
2021-07-31 13:20:00,1.008770234762403e-16,False
2021-07-31 13:30:00,1.1182091973688875e-16,False
2021-07-31 13:40:00,1.2651986707195045e-16,False
2021-07-31 13:50:00,1.3586068621687186e-16,False
2021-07-31 14:00:00,1.1783235073085054e-16,False
2021-07-31 14:10:00,9.856411292775251e-17,False
2021-07-31 14:20:00,1.542374422990549e-16,False
2021-07-31 14:30:00,1.3256255378944444e-16,False
2021-07-31 14:40:00,1.3327389192225675e-16,False
2021-07-31 14:50:00,1.3127860207656502e-16,False
2021-07-31 15:00:00,1.202913107233884e-16,False
2021-07-31 15:10:00,1.0884701557080321e-16,False
2021-07-31 15:20:00,1.2341805597285033e-16,False
2021-07-31 15:30:00,1.3040967119564474e-16,False
2021-07-31 15:40:00,1.5352915153151256e-16,False
2021-07-31 15:50:00,1.1842255149533877e-16,False
2021-07-31 16:00:00,1.240959042702664e-16,False
2021-07-31 16:10:00,1.2536934682594182e-16,False
2021-07-31 16:20:00,1.0778054688392585e-16,False
2021-07-31 16:30:00,1.0396797009728219e-16,False
2021-07-31 16:40:00,1.3697328007043863e-16,False
2021-07-31 16:50:00,1.365575965860817e-16,False
2021-07-31 17:00:00,1.2403768102381742e-16,False
2021-07-31 17:10:00,1.348078359029166e-16,False
2021-07-31 17:20:00,1.2579495617177524e-16,False
2021-07-31 17:30:00,1.2006282066780888e-16,False
2021-07-31 17:40:00,1.3193747071776094e-16,False
2021-07-31 17:50:00,,False
2021-07-31 18:00:00,1.2421022545775292e-16,False
2021-07-31 18:10:00,1.2008280725353782e-16,False
2021-07-31 18:20:00,1.2599094644051738e-16,False
2021-07-31 18:30:00,,False
2021-07-31 18:40:00,1.172060813725393e-16,False
2021-07-31 18:50:00,1.1060281454961548e-16,False
2021-07-31 19:00:00,,False
2021-07-31 19:10:00,1.2756754955652226e-16,False
2021-07-31 19:20:00,1.239303885056336e-16,False
2021-07-31 19:30:00,1.3830406792028656e-16,False
2021-07-31 19:40:00,1.4237949127333377e-16,False
2021-07-31 19:50:00,1.2801658237081087e-16,False
2021-07-31 20:00:00,1.1820202089861794e-16,False
2021-07-31 20:10:00,,False
2021-07-31 20:20:00,1.1154829808944327e-16,False
2021-07-31 20:30:00,1.340213281631291e-16,False
2021-07-31 20:40:00,1.404346786009225e-16,False
2021-07-31 20:50:00,1.282737820706032e-16,False
2021-07-31 21:00:00,1.281126461212428e-16,False
2021-07-31 21:10:00,1.1814844974148172e-16,False
2021-07-31 21:20:00,1.2819695309557162e-16,False
2021-07-31 21:30:00,1.363079226964416e-16,False
2021-07-31 21:40:00,1.1786509747118173e-16,False
2021-07-31 21:50:00,1.3889527139281958e-16,False
2021-07-31 22:00:00,1.1814403893718594e-16,False
2021-07-31 22:10:00,1.110852089774232e-16,False
2021-07-31 22:20:00,1.2209184002226231e-16,False
2021-07-31 22:30:00,1.1232523848533385e-16,False
2021-07-31 22:40:00,1.2466989683234903e-16,False
2021-07-31 22:50:00,1.3274274037371525e-16,False
2021-07-31 23:00:00,1.2289779195017577e-16,False
2021-07-31 23:10:00,1.315623396239519e-16,False
2021-07-31 23:20:00,1.217571552950496e-16,False
2021-07-31 23:30:00,,False
2021-07-31 23:40:00,,False
2021-07-31 23:50:00,1.3968082604711179e-16,False
2021-08-01 00:00:00,1.0061639605012164e-16,False
2021-08-01 00:10:00,,False
2021-08-01 00:20:00,1.1497551074734919e-16,False
2021-08-01 00:30:00,1.2537278418330078e-16,False
2021-08-01 00:40:00,1.3156264899985062e-16,False
2021-08-01 00:50:00,1.1275972915916636e-16,False
2021-08-01 01:00:00,1.2991100652642188e-16,False
2021-08-01 01:10:00,1.0834436467885613e-16,False
2021-08-01 01:20:00,1.0937868739432425e-16,False
2021-08-01 01:30:00,1.1181652971336154e-16,False
2021-08-01 01:40:00,1.2647761712188124e-16,False
2021-08-01 01:50:00,1.0721001876145662e-16,False
2021-08-01 02:00:00,1.3492038937672426e-16,False
2021-08-01 02:10:00,1.3107627275865751e-16,False
2021-08-01 02:20:00,1.1078970180400232e-16,False
2021-08-01 02:30:00,1.2989086397595646e-16,False
2021-08-01 02:40:00,1.433730612788703e-16,False
2021-08-01 02:50:00,1.233587358467561e-16,False
2021-08-01 03:00:00,1.554178554698363e-16,False
2021-08-01 03:10:00,1.3733836834781214e-16,False
2021-08-01 03:20:00,1.3746830842996022e-16,False
2021-08-01 03:30:00,1.3165082460930833e-16,False
2021-08-01 03:40:00,1.2595457016683964e-16,False
2021-08-01 03:50:00,1.2661661127011644e-16,False
2021-08-01 04:00:00,1.2023529071595553e-16,False
2021-08-01 04:10:00,1.1793632998069958e-16,False
2021-08-01 04:20:00,1.2723935730217246e-16,False
2021-08-01 04:30:00,,False
2021-08-01 04:40:00,1.1593685081914283e-16,False
2021-08-01 04:50:00,1.2959942391549504e-16,False
2021-08-01 05:00:00,1.1715999390475135e-16,False
2021-08-01 05:10:00,1.15537315968139e-16,False
2021-08-01 05:20:00,1.2037488724799728e-16,False
2021-08-01 05:30:00,1.27691668971342e-16,False
2021-08-01 05:40:00,1.238240912140805e-16,False
2021-08-01 05:50:00,1.2533852232962596e-16,False
2021-08-01 06:00:00,1.2559927424567133e-16,False
2021-08-01 06:10:00,1.1297554875078585e-16,False
2021-08-01 06:20:00,1.4389476123006621e-16,False
2021-08-01 06:30:00,1.32785814219436e-16,False
2021-08-01 06:40:00,1.1380078699025544e-16,False
2021-08-01 06:50:00,1.2417635484547188e-16,False
2021-08-01 07:00:00,1.3425342804924082e-16,False
2021-08-01 07:10:00,1.3142732512573515e-16,False
2021-08-01 07:20:00,1.3410368019783458e-16,False
2021-08-01 07:30:00,1.137059288909747e-16,False
2021-08-01 07:40:00,1.3020003604465533e-16,False
2021-08-01 07:50:00,1.36906055768478e-16,False
2021-08-01 08:00:00,1.34033789580211e-16,False
2021-08-01 08:10:00,1.1782416215017564e-16,False
2021-08-01 08:20:00,1.0751536201653149e-16,False
2021-08-01 08:30:00,1.2551672010760937e-16,False
2021-08-01 08:40:00,1.1939428339232501e-16,False
2021-08-01 08:50:00,1.2904524120969647e-16,False
2021-08-01 09:00:00,1.3930795905819392e-16,False
2021-08-01 09:10:00,1.2097204560674558e-16,False
2021-08-01 09:20:00,1.431086644089502e-16,False
2021-08-01 09:30:00,1.3135002054290327e-16,False
2021-08-01 09:40:00,1.344419385367661e-16,False
2021-08-01 09:50:00,1.1833118991402225e-16,False
2021-08-01 10:00:00,1.229794784822782e-16,False
2021-08-01 10:10:00,1.1538335164569672e-16,False
2021-08-01 10:20:00,1.556540895957959e-16,False
2021-08-01 10:30:00,1.0947447306283432e-16,False
2021-08-01 10:40:00,1.2984207606557204e-16,False
2021-08-01 10:50:00,1.1501674986615544e-16,False
2021-08-01 11:00:00,1.134972115353944e-16,False
2021-08-01 11:10:00,1.1416256746142332e-16,False
2021-08-01 11:20:00,1.1286489207351988e-16,False
2021-08-01 11:30:00,1.214273875001031e-16,False
2021-08-01 11:40:00,1.2101617224347192e-16,False
2021-08-01 11:50:00,1.2919236371767315e-16,False
2021-08-01 12:00:00,1.175125665493438e-16,False
2021-08-01 12:10:00,1.2772237212395232e-16,False
2021-08-01 12:20:00,,False
2021-08-01 12:30:00,1.1936016370133798e-16,False
2021-08-01 12:40:00,1.2163737198484538e-16,False
2021-08-01 12:50:00,1.258738277096875e-16,False
2021-08-01 13:00:00,1.381501805582473e-16,False
2021-08-01 13:10:00,1.2264495307164648e-16,False
2021-08-01 13:20:00,9.792501180436088e-17,False
2021-08-01 13:30:00,1.1927400438570916e-16,False
2021-08-01 13:40:00,1.2763437726479887e-16,False
2021-08-01 13:50:00,1.2255869390255357e-16,False
2021-08-01 14:00:00,9.959636934550905e-17,False
2021-08-01 14:10:00,1.4940053007414706e-16,False
2021-08-01 14:20:00,9.760544353656733e-17,False
2021-08-01 14:30:00,1.0092991681569331e-16,False
2021-08-01 14:40:00,1.2875193135228459e-16,False
2021-08-01 14:50:00,1.1741679348166256e-16,False
2021-08-01 15:00:00,1.1276534130041315e-16,False
2021-08-01 15:10:00,1.2305925387086028e-16,False
2021-08-01 15:20:00,1.2934136356326472e-16,False
2021-08-01 15:30:00,1.2119284990701959e-16,False
2021-08-01 15:40:00,1.234581430160559e-16,False
2021-08-01 15:50:00,1.1072323772267158e-16,False
2021-08-01 16:00:00,,False
2021-08-01 16:10:00,1.1765922029945544e-16,False
2021-08-01 16:20:00,1.1832816700103845e-16,False
2021-08-01 16:30:00,1.4631933608565432e-16,False
2021-08-01 16:40:00,,False
2021-08-01 16:50:00,1.2996802326716097e-16,False
2021-08-01 17:00:00,1.3886337988889413e-16,False
2021-08-01 17:10:00,1.2479128533054703e-16,False
2021-08-01 17:20:00,8.825636148804121e-17,False
2021-08-01 17:30:00,1.3185528716604286e-16,False
2021-08-01 17:40:00,1.3233925548838192e-16,False
2021-08-01 17:50:00,1.14724479921694e-16,False
2021-08-01 18:00:00,1.3886945057256555e-16,False
2021-08-01 18:10:00,1.0757177208416967e-16,False
2021-08-01 18:20:00,1.2099195628309004e-16,False
2021-08-01 18:30:00,,False
2021-08-01 18:40:00,1.3289004926401562e-16,False
2021-08-01 18:50:00,1.297577516739627e-16,False
2021-08-01 19:00:00,1.0874234442666353e-16,False
2021-08-01 19:10:00,1.2348879678818315e-16,False
2021-08-01 19:20:00,1.070458438435207e-16,False
2021-08-01 19:30:00,,False
2021-08-01 19:40:00,1.1229484344598774e-16,False
2021-08-01 19:50:00,1.31714545523335e-16,False
2021-08-01 20:00:00,1.3572495675002092e-16,False
2021-08-01 20:10:00,1.428954876576124e-16,False
2021-08-01 20:20:00,,False
2021-08-01 20:30:00,1.2813048027015435e-16,False
2021-08-01 20:40:00,1.0000722741890227e-16,False
2021-08-01 20:50:00,1.2361833215195001e-16,False
2021-08-01 21:00:00,1.186848224447236e-16,False
2021-08-01 21:10:00,1.2385715129413549e-16,False
2021-08-01 21:20:00,1.16199451454842e-16,False
2021-08-01 21:30:00,1.1315986474996802e-16,False
2021-08-01 21:40:00,1.2656647978986103e-16,False
2021-08-01 21:50:00,1.1540656395859372e-16,False
2021-08-01 22:00:00,1.1260942553145633e-16,False
2021-08-01 22:10:00,1.221957065858398e-16,False
2021-08-01 22:20:00,1.2346567095148343e-16,False
2021-08-01 22:30:00,1.416062474681889e-16,False
2021-08-01 22:40:00,1.1756130052647198e-16,False
2021-08-01 22:50:00,1.1708440627301168e-16,False
2021-08-01 23:00:00,1.0823866482787341e-16,False
2021-08-01 23:10:00,1.2301154716069958e-16,False
2021-08-01 23:20:00,1.1471203488147574e-16,False
2021-08-01 23:30:00,1.473043687086815e-16,False
2021-08-01 23:40:00,1.069112087780837e-16,False
2021-08-01 23:50:00,1.1037419370615778e-16,False
2021-08-02 00:00:00,1.442403013825661e-16,False
2021-08-02 00:10:00,1.3974741939527128e-16,False
2021-08-02 00:20:00,1.1079195268030264e-16,False
2021-08-02 00:30:00,1.2780241975896635e-16,False
2021-08-02 00:40:00,1.4791846540461632e-16,False
2021-08-02 00:50:00,1.0209762123920772e-16,False
2021-08-02 01:00:00,1.4332951248273528e-16,False
2021-08-02 01:10:00,1.3729073316964923e-16,False
2021-08-02 01:20:00,,False
2021-08-02 01:30:00,1.6949823818265695e-16,False
2021-08-02 01:40:00,1.3369096261144308e-16,False
2021-08-02 01:50:00,1.1643000808151619e-16,False
2021-08-02 02:00:00,1.1068149021803256e-16,False
2021-08-02 02:10:00,1.0604835988151668e-16,False
2021-08-02 02:20:00,1.3028674559888073e-16,False
2021-08-02 02:30:00,1.1622925050754293e-16,False
2021-08-02 02:40:00,9.701756035865937e-17,False
2021-08-02 02:50:00,1.1872916901020898e-16,False
2021-08-02 03:00:00,9.835943490222046e-17,False
2021-08-02 03:10:00,1.1222119851523845e-16,False
2021-08-02 03:20:00,1.3375643488849518e-16,False
2021-08-02 03:30:00,1.1472061591234567e-16,False
2021-08-02 03:40:00,1.153965287947529e-16,False
2021-08-02 03:50:00,1.170765322784001e-16,False
2021-08-02 04:00:00,1.0996019459383194e-16,False
2021-08-02 04:10:00,1.144425981332735e-16,False
2021-08-02 04:20:00,1.251557714013017e-16,False
2021-08-02 04:30:00,1.0907302283083978e-16,False
2021-08-02 04:40:00,1.0791961455011545e-16,False
2021-08-02 04:50:00,1.2176889747545502e-16,False
2021-08-02 05:00:00,1.187733093806543e-16,False
2021-08-02 05:10:00,1.1518456536149447e-16,False
2021-08-02 05:20:00,1.2623860314748565e-16,False
2021-08-02 05:30:00,1.2531743320929595e-16,False
2021-08-02 05:40:00,1.3101377303006443e-16,False
2021-08-02 05:50:00,1.0920107941969228e-16,False
2021-08-02 06:00:00,1.2517677258291582e-16,False
2021-08-02 06:10:00,1.3234996160336605e-16,False
2021-08-02 06:20:00,1.4024071304167795e-16,False
2021-08-02 06:30:00,1.2547009632597374e-16,False
2021-08-02 06:40:00,1.2624367723911863e-16,False
2021-08-02 06:50:00,1.273495332730797e-16,False
2021-08-02 07:00:00,1.2717713443271644e-16,False
2021-08-02 07:10:00,1.2863486673067565e-16,False
2021-08-02 07:20:00,1.3508765555457252e-16,False
2021-08-02 07:30:00,1.3605984298520398e-16,False
2021-08-02 07:40:00,1.22213107223844e-16,False
2021-08-02 07:50:00,1.3057816263581634e-16,False
2021-08-02 08:00:00,1.3239844573772534e-16,False
2021-08-02 08:10:00,1.2738373746980049e-16,False
2021-08-02 08:20:00,,False
2021-08-02 08:30:00,1.600587010232101e-16,False
2021-08-02 08:40:00,9.879170790472463e-17,False
2021-08-02 08:50:00,1.0591235526640551e-16,False
2021-08-02 09:00:00,1.1060993240343367e-16,False
2021-08-02 09:10:00,1.237335896784889e-16,False
2021-08-02 09:20:00,1.125571605138045e-16,False
2021-08-02 09:30:00,1.350409039188862e-16,False
2021-08-02 09:40:00,1.1919464133900202e-16,False
2021-08-02 09:50:00,1.3177459634579592e-16,False
2021-08-02 10:00:00,,False
2021-08-02 10:10:00,1.3689562361031139e-16,False
2021-08-02 10:20:00,1.236058550068779e-16,False
2021-08-02 10:30:00,1.1294554785512112e-16,False
2021-08-02 10:40:00,1.4066434465705506e-16,False
2021-08-02 10:50:00,1.0221043522762948e-16,False
2021-08-02 11:00:00,1.1987344226881927e-16,False
2021-08-02 11:10:00,1.3169088569407152e-16,False
2021-08-02 11:20:00,1.4346056039271317e-16,False
2021-08-02 11:30:00,1.1471796563267842e-16,False
2021-08-02 11:40:00,1.2834861031898e-16,False
2021-08-02 11:50:00,1.3072856143036646e-16,False
2021-08-02 12:00:00,1.1938956253633812e-16,False
2021-08-02 12:10:00,1.267939980810196e-16,False
2021-08-02 12:20:00,1.2338160401215939e-16,False
2021-08-02 12:30:00,1.3168572702879892e-16,False
2021-08-02 12:40:00,1.4959773047005857e-16,False
2021-08-02 12:50:00,1.3565765305751805e-16,False
2021-08-02 13:00:00,1.1978914085482336e-16,False
2021-08-02 13:10:00,1.1786256685975799e-16,False
2021-08-02 13:20:00,1.2031364344879423e-16,False
2021-08-02 13:30:00,1.1837646519871898e-16,False
2021-08-02 13:40:00,1.3810309350864557e-16,False
2021-08-02 13:50:00,1.3553632092460158e-16,False
2021-08-02 14:00:00,1.159368509010611e-16,False
2021-08-02 14:10:00,1.0301459437795656e-16,False
2021-08-02 14:20:00,1.3119433131250313e-16,False
2021-08-02 14:30:00,1.2415710138450942e-16,False
2021-08-02 14:40:00,1.4632055994228716e-16,False
2021-08-02 14:50:00,1.2058854848117587e-16,False
2021-08-02 15:00:00,1.0009304129283385e-16,False
2021-08-02 15:10:00,1.277789098653434e-16,False
2021-08-02 15:20:00,1.13362400564053e-16,False
2021-08-02 15:30:00,1.3140990145006086e-16,False
2021-08-02 15:40:00,1.3064964178249196e-16,False
2021-08-02 15:50:00,1.1760759051855334e-16,False
2021-08-02 16:00:00,1.15596752081155e-16,False
2021-08-02 16:10:00,8.474120336860538e-17,False
2021-08-02 16:20:00,1.234105739115628e-16,False
2021-08-02 16:30:00,1.0240705301572069e-16,False
2021-08-02 16:40:00,1.165783117488823e-16,False
2021-08-02 16:50:00,1.2831783397791471e-16,False
2021-08-02 17:00:00,1.0895690014193018e-16,False
2021-08-02 17:10:00,1.1375977970861178e-16,False
2021-08-02 17:20:00,1.2413218404150975e-16,False
2021-08-02 17:30:00,1.2258365310078911e-16,False
2021-08-02 17:40:00,1.1460170608113312e-16,False
2021-08-02 17:50:00,1.3530873014010986e-16,False
2021-08-02 18:00:00,1.135320164871917e-16,False
2021-08-02 18:10:00,1.3366626967029826e-16,False
2021-08-02 18:20:00,1.2846982156719377e-16,False
2021-08-02 18:30:00,1.0629575046674296e-16,False
2021-08-02 18:40:00,1.0398385224999377e-16,False
2021-08-02 18:50:00,1.4318767789317184e-16,False
2021-08-02 19:00:00,1.1948598598118653e-16,False
2021-08-02 19:10:00,1.1030233360095425e-16,False
2021-08-02 19:20:00,1.1390475402003827e-16,False
2021-08-02 19:30:00,1.267414584534197e-16,False
2021-08-02 19:40:00,1.0305529513946866e-16,False
2021-08-02 19:50:00,1.152157192206491e-16,False
2021-08-02 20:00:00,1.245571705756223e-16,False
2021-08-02 20:10:00,1.0913896054465365e-16,False
2021-08-02 20:20:00,1.2312969398754658e-16,False
2021-08-02 20:30:00,1.3530530097814052e-16,False
2021-08-02 20:40:00,1.2919805385694273e-16,False
2021-08-02 20:50:00,1.216544850603046e-16,False
2021-08-02 21:00:00,1.4658811366688224e-16,False
2021-08-02 21:10:00,1.0537544158001134e-16,False
2021-08-02 21:20:00,9.869427429775408e-17,False
2021-08-02 21:30:00,9.79448445963567e-17,False
2021-08-02 21:40:00,1.124900515246407e-16,False
2021-08-02 21:50:00,1.3053393226640897e-16,False
2021-08-02 22:00:00,1.2598169888292416e-16,False
2021-08-02 22:10:00,1.2368460464529752e-16,False
2021-08-02 22:20:00,,False
2021-08-02 22:30:00,1.0842724034697282e-16,False
2021-08-02 22:40:00,1.3030540168007408e-16,False
2021-08-02 22:50:00,1.2278405805404724e-16,False
2021-08-02 23:00:00,1.1085956577040561e-16,False
2021-08-02 23:10:00,1.1528723571859593e-16,False
2021-08-02 23:20:00,1.2495389191328976e-16,False
2021-08-02 23:30:00,1.1982574005780257e-16,False
2021-08-02 23:40:00,1.3529876525782311e-16,False
2021-08-02 23:50:00,1.123293522869645e-16,False
2021-08-03 00:00:00,1.0481476802552881e-16,False
2021-08-03 00:10:00,1.1798785207738166e-16,False
2021-08-03 00:20:00,1.28663090981045e-16,False
2021-08-03 00:30:00,1.3701173687053035e-16,False
2021-08-03 00:40:00,1.2377410736156777e-16,False
2021-08-03 00:50:00,1.2735697624883366e-16,False
2021-08-03 01:00:00,1.4404723123631154e-16,False
2021-08-03 01:10:00,1.1880624874811335e-16,False
2021-08-03 01:20:00,1.171286157208641e-16,False
2021-08-03 01:30:00,1.2680784222134623e-16,False
2021-08-03 01:40:00,1.19279865025571e-16,False
2021-08-03 01:50:00,1.1309421102767172e-16,False
2021-08-03 02:00:00,1.2514728157929036e-16,False
2021-08-03 02:10:00,1.1327759286980274e-16,False
2021-08-03 02:20:00,1.1323009481813726e-16,False
2021-08-03 02:30:00,1.0617980322063339e-16,False
2021-08-03 02:40:00,1.2465376914015522e-16,False
2021-08-03 02:50:00,1.2969295194080417e-16,False
2021-08-03 03:00:00,1.2999712915198322e-16,False
2021-08-03 03:10:00,1.3779950351227586e-16,False
2021-08-03 03:20:00,1.5041207890396704e-16,False
2021-08-03 03:30:00,1.146795369140175e-16,False
2021-08-03 03:40:00,1.1917106209059478e-16,False
2021-08-03 03:50:00,1.2344803565555118e-16,False
2021-08-03 04:00:00,1.0448374632263181e-16,False
2021-08-03 04:10:00,1.3481276156197946e-16,False
2021-08-03 04:20:00,1.3238867265781674e-16,False
2021-08-03 04:30:00,1.0442432413634938e-16,False
2021-08-03 04:40:00,1.1387528235602534e-16,False
2021-08-03 04:50:00,1.1778098558664288e-16,False
2021-08-03 05:00:00,1.3064617466875845e-16,False
2021-08-03 05:10:00,1.1028178777824664e-16,False
2021-08-03 05:20:00,1.3336701009395048e-16,False
2021-08-03 05:30:00,1.1835505182209918e-16,False
2021-08-03 05:40:00,1.3645895901605174e-16,False
2021-08-03 05:50:00,9.996380237198945e-17,False
2021-08-03 06:00:00,1.3007677776344979e-16,False
2021-08-03 06:10:00,1.200893386209822e-16,False
2021-08-03 06:20:00,1.4010932705341208e-16,False
2021-08-03 06:30:00,1.1518616335081585e-16,False
2021-08-03 06:40:00,9.099192954593225e-17,False
2021-08-03 06:50:00,1.248119865837379e-16,False
2021-08-03 07:00:00,1.164690095930302e-16,False
2021-08-03 07:10:00,1.4619916079561404e-16,False
2021-08-03 07:20:00,1.1550998835627068e-16,False
2021-08-03 07:30:00,1.0266083129234586e-16,False
2021-08-03 07:40:00,1.1730613503422316e-16,False
2021-08-03 07:50:00,1.3605307252697934e-16,False
2021-08-03 08:00:00,1.0448655345760293e-16,False
2021-08-03 08:10:00,9.803811726288534e-17,False
2021-08-03 08:20:00,1.1570615786587407e-16,False
2021-08-03 08:30:00,1.3981990317408925e-16,False
2021-08-03 08:40:00,1.2878915779255192e-16,False
2021-08-03 08:50:00,1.0017659698533339e-16,False
2021-08-03 09:00:00,1.0915063819035638e-16,False
2021-08-03 09:10:00,1.2545852902935117e-16,False
2021-08-03 09:20:00,1.095949799400316e-16,False
2021-08-03 09:30:00,1.0779989971282533e-16,False
2021-08-03 09:40:00,1.224759226252749e-16,False
2021-08-03 09:50:00,1.2735213989038898e-16,False
2021-08-03 10:00:00,1.12349944920566e-16,False
2021-08-03 10:10:00,1.158511086763398e-16,False
2021-08-03 10:20:00,9.932794626481954e-17,False
2021-08-03 10:30:00,1.295706441841855e-16,False
2021-08-03 10:40:00,1.265629592760124e-16,False
2021-08-03 10:50:00,1.1774864954208553e-16,False
2021-08-03 11:00:00,1.2915624775091454e-16,False
2021-08-03 11:10:00,1.3098186297236155e-16,False
2021-08-03 11:20:00,1.2390920663395166e-16,False
2021-08-03 11:30:00,1.3770668284678417e-16,False
2021-08-03 11:40:00,1.3428483998997136e-16,False
2021-08-03 11:50:00,8.542262806524493e-17,False
2021-08-03 12:00:00,1.1284632221044742e-16,False
2021-08-03 12:10:00,1.107526038059947e-16,False
2021-08-03 12:20:00,1.4293766390220565e-16,False
2021-08-03 12:30:00,9.906706742541025e-17,False
2021-08-03 12:40:00,9.994540466037719e-17,False
2021-08-03 12:50:00,1.14080046547504e-16,False
2021-08-03 13:00:00,1.0710073331030358e-16,False
2021-08-03 13:10:00,9.738906675510806e-17,False
2021-08-03 13:20:00,1.3338087804783476e-16,False
2021-08-03 13:30:00,1.3991400606302935e-16,False
2021-08-03 13:40:00,1.2556247197048576e-16,False
2021-08-03 13:50:00,1.2127769896877052e-16,False
2021-08-03 14:00:00,1.3811853751788154e-16,False
2021-08-03 14:10:00,1.173048303420199e-16,False
2021-08-03 14:20:00,1.161159006995263e-16,False
2021-08-03 14:30:00,,False
2021-08-03 14:40:00,1.3263589305688723e-16,False
2021-08-03 14:50:00,1.2613530534221644e-16,False
2021-08-03 15:00:00,1.14696160634677e-16,False
2021-08-03 15:10:00,,False
2021-08-03 15:20:00,1.2940518144005096e-16,False
2021-08-03 15:30:00,1.3112012810787745e-16,False
2021-08-03 15:40:00,1.206704710811351e-16,False
2021-08-03 15:50:00,1.0967675185387409e-16,False
2021-08-03 16:00:00,1.1892081401289933e-16,False
2021-08-03 16:10:00,1.1365268278359302e-16,False
2021-08-03 16:20:00,,False
2021-08-03 16:30:00,,False
2021-08-03 16:40:00,1.2951131064652665e-16,False
2021-08-03 16:50:00,1.1955173543239285e-16,False
2021-08-03 17:00:00,1.0287357841237602e-16,False
2021-08-03 17:10:00,1.347177330259759e-16,False
2021-08-03 17:20:00,1.348112572904099e-16,False
2021-08-03 17:30:00,1.3865389312669843e-16,False
2021-08-03 17:40:00,1.3324542928834349e-16,False
2021-08-03 17:50:00,1.3506574688187916e-16,False
2021-08-03 18:00:00,1.3365232377193858e-16,False
2021-08-03 18:10:00,1.1139907104452569e-16,False
2021-08-03 18:20:00,1.23535048703986e-16,False
2021-08-03 18:30:00,1.046743897648111e-16,False
2021-08-03 18:40:00,1.0141213649532113e-16,False
2021-08-03 18:50:00,1.297969445593278e-16,False
2021-08-03 19:00:00,1.2010461418983675e-16,False
2021-08-03 19:10:00,1.122305823002514e-16,False
2021-08-03 19:20:00,1.1111554499346158e-16,False
2021-08-03 19:30:00,1.2398207066808242e-16,False
2021-08-03 19:40:00,,False
2021-08-03 19:50:00,9.926886478118644e-17,False
2021-08-03 20:00:00,1.263235022634333e-16,False
2021-08-03 20:10:00,1.0196522501515755e-16,False
2021-08-03 20:20:00,1.21633436158114e-16,False
2021-08-03 20:30:00,1.221322258389662e-16,False
2021-08-03 20:40:00,1.0832437072742585e-16,False
2021-08-03 20:50:00,1.1585890999948776e-16,False
2021-08-03 21:00:00,1.3201435692380515e-16,False
2021-08-03 21:10:00,1.142611878852723e-16,False
2021-08-03 21:20:00,1.2900017767898526e-16,False
2021-08-03 21:30:00,1.3694606294689962e-16,False
2021-08-03 21:40:00,1.331575677487152e-16,False
2021-08-03 21:50:00,1.0605905836023538e-16,False
2021-08-03 22:00:00,1.213037272073328e-16,False
2021-08-03 22:10:00,1.1211854894093634e-16,False
2021-08-03 22:20:00,1.4532553654040827e-16,False
2021-08-03 22:30:00,1.0957317940846409e-16,False
2021-08-03 22:40:00,1.1618916850641585e-16,False
2021-08-03 22:50:00,1.148013551652767e-16,False
2021-08-03 23:00:00,1.2310520214105066e-16,False
2021-08-03 23:10:00,,False
2021-08-03 23:20:00,1.3963929848987254e-16,False
2021-08-03 23:30:00,1.4207658551898997e-16,False
2021-08-03 23:40:00,1.2683784874059638e-16,False
2021-08-03 23:50:00,1.2515234467756735e-16,False
2021-08-04 00:00:00,1.1521792723746217e-16,False
2021-08-04 00:10:00,1.138477550590648e-16,False
2021-08-04 00:20:00,1.1749263166529746e-16,False
2021-08-04 00:30:00,1.183601209294582e-16,False
2021-08-04 00:40:00,1.0629530244360937e-16,False
2021-08-04 00:50:00,9.54760689617225e-17,False
2021-08-04 01:00:00,1.0928293071976004e-16,False
2021-08-04 01:10:00,1.0758354206216834e-16,False
2021-08-04 01:20:00,1.1202062835979878e-16,False
2021-08-04 01:30:00,1.3098557917722307e-16,False
2021-08-04 01:40:00,1.1129227540724154e-16,False
2021-08-04 01:50:00,1.2126433611848028e-16,False
2021-08-04 02:00:00,1.3250130661075627e-16,False
2021-08-04 02:10:00,,False
2021-08-04 02:20:00,1.231925558533737e-16,False
2021-08-04 02:30:00,1.3063392957916674e-16,False
2021-08-04 02:40:00,1.2121540299501916e-16,False
2021-08-04 02:50:00,1.0918972173112711e-16,False
2021-08-04 03:00:00,1.0772124466711052e-16,False
2021-08-04 03:10:00,1.5236503685083335e-16,False
2021-08-04 03:20:00,1.3275941434976313e-16,False
2021-08-04 03:30:00,1.2295306589956772e-16,False
2021-08-04 03:40:00,9.625451597140297e-17,False
2021-08-04 03:50:00,1.2468908509791933e-16,False
2021-08-04 04:00:00,1.3787081547051842e-16,False
2021-08-04 04:10:00,1.2085020030382763e-16,False
2021-08-04 04:20:00,1.118059275049946e-16,False
2021-08-04 04:30:00,1.2304971373695167e-16,False
2021-08-04 04:40:00,1.398831481065199e-16,False
2021-08-04 04:50:00,1.1819222727521282e-16,False
2021-08-04 05:00:00,,False
2021-08-04 05:10:00,1.173116870685493e-16,False
2021-08-04 05:20:00,1.0343689797481406e-16,False
2021-08-04 05:30:00,1.2472561884661094e-16,False
2021-08-04 05:40:00,1.2912490110272755e-16,False
2021-08-04 05:50:00,1.3096901216611839e-16,False
2021-08-04 06:00:00,1.1658059000750318e-16,False
2021-08-04 06:10:00,1.3287890304475212e-16,False
2021-08-04 06:20:00,1.2948115836449336e-16,False
2021-08-04 06:30:00,1.2461495137087668e-16,False
2021-08-04 06:40:00,1.503472802826534e-16,False
2021-08-04 06:50:00,1.0766483981713287e-16,False
2021-08-04 07:00:00,1.1137002103344148e-16,False
2021-08-04 07:10:00,1.2650214390940043e-16,False
2021-08-04 07:20:00,1.425990463587273e-16,False
2021-08-04 07:30:00,1.172926296065562e-16,False
2021-08-04 07:40:00,1.1491663041159012e-16,False
2021-08-04 07:50:00,1.1693959438322472e-16,False
2021-08-04 08:00:00,1.205107074551143e-16,False
2021-08-04 08:10:00,1.238034686057881e-16,False
2021-08-04 08:20:00,1.2967637102858864e-16,False
2021-08-04 08:30:00,1.334193416665322e-16,False
2021-08-04 08:40:00,1.451176570776111e-16,False
2021-08-04 08:50:00,1.1942121608406918e-16,False
2021-08-04 09:00:00,1.2423252809003508e-16,False
2021-08-04 09:10:00,1.509543824192503e-16,False
2021-08-04 09:20:00,1.2001629341066917e-16,False
2021-08-04 09:30:00,1.3159510655408941e-16,False
2021-08-04 09:40:00,1.4188644184709303e-16,False
2021-08-04 09:50:00,1.3331320354306084e-16,False
2021-08-04 10:00:00,1.2040807495816226e-16,False
2021-08-04 10:10:00,1.0690509787903464e-16,False
2021-08-04 10:20:00,1.2703314991405404e-16,False
2021-08-04 10:30:00,1.1041898637827133e-16,False
2021-08-04 10:40:00,1.1123350704961226e-16,False
2021-08-04 10:50:00,1.2876668552895158e-16,False
2021-08-04 11:00:00,1.283847943883509e-16,False
2021-08-04 11:10:00,1.2864947374138401e-16,False
2021-08-04 11:20:00,1.16682465272187e-16,False
2021-08-04 11:30:00,1.3772443433141444e-16,False
2021-08-04 11:40:00,1.18094606772721e-16,False
2021-08-04 11:50:00,1.2193996065970085e-16,False
2021-08-04 12:00:00,1.2124521808071258e-16,False
2021-08-04 12:10:00,1.2955831162737157e-16,False
2021-08-04 12:20:00,8.375318573355098e-17,False
2021-08-04 12:30:00,1.1163659195595078e-16,False
2021-08-04 12:40:00,1.0601725865899937e-16,False
2021-08-04 12:50:00,1.2192562354467614e-16,False
2021-08-04 13:00:00,1.3148899592293657e-16,False
2021-08-04 13:10:00,1.344394575705677e-16,False
2021-08-04 13:20:00,1.1754158468792378e-16,False
2021-08-04 13:30:00,1.366526386007838e-16,False
2021-08-04 13:40:00,1.4401908951665927e-16,False
2021-08-04 13:50:00,1.3628803774036824e-16,False
2021-08-04 14:00:00,1.2569609770955477e-16,False
2021-08-04 14:10:00,1.2868777660199633e-16,False
2021-08-04 14:20:00,1.168282061164098e-16,False
2021-08-04 14:30:00,1.2308437687282272e-16,False
2021-08-04 14:40:00,1.335587160421083e-16,False
2021-08-04 14:50:00,1.3529349185685809e-16,False
2021-08-04 15:00:00,1.0035375971508721e-16,False
2021-08-04 15:10:00,1.2610631076297369e-16,False
2021-08-04 15:20:00,1.3621966790515433e-16,False
2021-08-04 15:30:00,1.3085569133014278e-16,False
2021-08-04 15:40:00,1.272162102923115e-16,False
2021-08-04 15:50:00,1.3079017533920498e-16,False
2021-08-04 16:00:00,1.3471492281760383e-16,False
2021-08-04 16:10:00,1.1415700347055013e-16,False
2021-08-04 16:20:00,1.3284525497627173e-16,False
2021-08-04 16:30:00,1.2702465235077726e-16,False
2021-08-04 16:40:00,1.1778213958097279e-16,False
2021-08-04 16:50:00,1.383713458354888e-16,False
2021-08-04 17:00:00,1.2210099067895069e-16,False
2021-08-04 17:10:00,1.3324214500540565e-16,False
2021-08-04 17:20:00,1.2988882292156097e-16,False
2021-08-04 17:30:00,1.1501226010657654e-16,False
2021-08-04 17:40:00,1.2707151994086668e-16,False
2021-08-04 17:50:00,1.180582471250447e-16,False
2021-08-04 18:00:00,1.1361495541710925e-16,False
2021-08-04 18:10:00,1.1520683452461117e-16,False
2021-08-04 18:20:00,1.3667350110788387e-16,False
2021-08-04 18:30:00,1.207357643119912e-16,False
2021-08-04 18:40:00,1.0859853318102485e-16,False
2021-08-04 18:50:00,1.1108594041422456e-16,False
2021-08-04 19:00:00,1.449392355740642e-16,False
2021-08-04 19:10:00,1.0195774532866713e-16,False
2021-08-04 19:20:00,1.3493198548461975e-16,False
2021-08-04 19:30:00,1.381044259439179e-16,False
2021-08-04 19:40:00,1.2041240766122296e-16,False
2021-08-04 19:50:00,1.3386171184388556e-16,False
2021-08-04 20:00:00,1.4477956630710338e-16,False
2021-08-04 20:10:00,1.3213411624291392e-16,False
2021-08-04 20:20:00,1.5887152021052287e-16,False
2021-08-04 20:30:00,1.2287970710572359e-16,False
2021-08-04 20:40:00,,False
2021-08-04 20:50:00,1.0547745138640606e-16,False
2021-08-04 21:00:00,1.1671350864854303e-16,False
2021-08-04 21:10:00,,False
2021-08-04 21:20:00,1.127997601550641e-16,False
2021-08-04 21:30:00,1.2754134176413011e-16,False
2021-08-04 21:40:00,1.292772627705399e-16,False
2021-08-04 21:50:00,1.40678121863579e-16,False
2021-08-04 22:00:00,1.0710177011230089e-16,False
2021-08-04 22:10:00,1.4063277958089023e-16,False
2021-08-04 22:20:00,1.169577944801657e-16,False
2021-08-04 22:30:00,1.0732756051363636e-16,False
2021-08-04 22:40:00,,False
2021-08-04 22:50:00,1.3952756284502783e-16,False
2021-08-04 23:00:00,1.1722155533620367e-16,False
2021-08-04 23:10:00,1.308893602491593e-16,False
2021-08-04 23:20:00,1.2605999730026907e-16,False
2021-08-04 23:30:00,1.39886082717795e-16,False
2021-08-04 23:40:00,1.3593734318803103e-16,False
2021-08-04 23:50:00,1.263166251892149e-16,False
2021-08-05 00:00:00,1.143434471389853e-16,False
2021-08-05 00:10:00,1.375791351182268e-16,False
2021-08-05 00:20:00,1.3406608131972447e-16,False
2021-08-05 00:30:00,1.2841010196945592e-16,False
2021-08-05 00:40:00,1.311558031096487e-16,False
2021-08-05 00:50:00,1.241374351474044e-16,False
2021-08-05 01:00:00,,False
2021-08-05 01:10:00,1.354558065521072e-16,False
2021-08-05 01:20:00,1.1256617599437038e-16,False
2021-08-05 01:30:00,1.3481868983748955e-16,False
2021-08-05 01:40:00,1.2949586887422943e-16,False
2021-08-05 01:50:00,1.2062394095214617e-16,False
2021-08-05 02:00:00,1.245883431346449e-16,False
2021-08-05 02:10:00,1.4096200447098856e-16,False
2021-08-05 02:20:00,1.1988606237276902e-16,False
2021-08-05 02:30:00,1.2418623227791353e-16,False
2021-08-05 02:40:00,1.077097734314916e-16,False
2021-08-05 02:50:00,1.1554924416169355e-16,False
2021-08-05 03:00:00,1.1353421088899405e-16,False
2021-08-05 03:10:00,1.1976799603607568e-16,False
2021-08-05 03:20:00,1.2671527656699227e-16,False
2021-08-05 03:30:00,1.3583478819842807e-16,False
2021-08-05 03:40:00,1.208663331464562e-16,False
2021-08-05 03:50:00,1.0351292443456089e-16,False
2021-08-05 04:00:00,1.0799733176157196e-16,False
2021-08-05 04:10:00,1.3085964531756482e-16,False
2021-08-05 04:20:00,1.419655182865795e-16,False
2021-08-05 04:30:00,1.0969250312216777e-16,False
2021-08-05 04:40:00,1.2067034195653793e-16,False
2021-08-05 04:50:00,1.2270838686758128e-16,False
2021-08-05 05:00:00,,False
2021-08-05 05:10:00,1.2354235158004365e-16,False
2021-08-05 05:20:00,1.1203016477761608e-16,False
2021-08-05 05:30:00,1.3428421149472407e-16,False
2021-08-05 05:40:00,,False
2021-08-05 05:50:00,1.2675221765080026e-16,False
2021-08-05 06:00:00,1.180403714286153e-16,False
2021-08-05 06:10:00,1.2296799190604061e-16,False
2021-08-05 06:20:00,1.142376562521513e-16,False
2021-08-05 06:30:00,1.2156346314329363e-16,False
2021-08-05 06:40:00,1.3581012846667652e-16,False
2021-08-05 06:50:00,1.1160133630816304e-16,False
2021-08-05 07:00:00,1.1304893580136894e-16,False
2021-08-05 07:10:00,1.2279305491695236e-16,False
2021-08-05 07:20:00,1.2657252962317743e-16,False
2021-08-05 07:30:00,1.22726437343542e-16,False
2021-08-05 07:40:00,1.3387815969303278e-16,False
2021-08-05 07:50:00,1.0085016819287811e-16,False
2021-08-05 08:00:00,1.3321639729916457e-16,False
2021-08-05 08:10:00,1.360926095734326e-16,False
2021-08-05 08:20:00,1.4507642164877615e-16,False
2021-08-05 08:30:00,1.4046750386985748e-16,False
2021-08-05 08:40:00,1.2758200536798182e-16,False
2021-08-05 08:50:00,1.174125752921726e-16,False
2021-08-05 09:00:00,1.6204034921557144e-16,False
2021-08-05 09:10:00,1.4505102113412545e-16,False
2021-08-05 09:20:00,1.468176206353098e-16,False
2021-08-05 09:30:00,1.1430089783408939e-16,False
2021-08-05 09:40:00,1.316198986664013e-16,False
2021-08-05 09:50:00,1.2963246771907732e-16,False
2021-08-05 10:00:00,1.384939030578155e-16,False
2021-08-05 10:10:00,1.196424538352478e-16,False
2021-08-05 10:20:00,1.1894305706583503e-16,False
2021-08-05 10:30:00,1.2772348359748794e-16,False
2021-08-05 10:40:00,1.191614663178062e-16,False
2021-08-05 10:50:00,1.210531185129655e-16,False
2021-08-05 11:00:00,1.4852099160322138e-16,False
2021-08-05 11:10:00,1.2656559476214144e-16,False
2021-08-05 11:20:00,1.2171474574880713e-16,False
2021-08-05 11:30:00,,False
2021-08-05 11:40:00,9.282288961823086e-17,False
2021-08-05 11:50:00,1.3223471665305504e-16,False
2021-08-05 12:00:00,1.2399672769477283e-16,False
2021-08-05 12:10:00,1.090398172775179e-16,False
2021-08-05 12:20:00,1.2390888585481459e-16,False
2021-08-05 12:30:00,1.2069348540085029e-16,False
2021-08-05 12:40:00,1.2721530433268484e-16,False
2021-08-05 12:50:00,1.0123919837425154e-16,False
2021-08-05 13:00:00,1.2700630362795695e-16,False
2021-08-05 13:10:00,1.049294436449301e-16,False
2021-08-05 13:20:00,1.3221039034421126e-16,False
2021-08-05 13:30:00,1.1145439270075414e-16,False
2021-08-05 13:40:00,1.0562262721677031e-16,False
2021-08-05 13:50:00,1.3031023355190201e-16,False
2021-08-05 14:00:00,1.1362423853507047e-16,False
2021-08-05 14:10:00,1.28175274128531e-16,False
2021-08-05 14:20:00,1.2414900951949638e-16,False
2021-08-05 14:30:00,1.1686112865746413e-16,False
2021-08-05 14:40:00,9.975103007272273e-17,False
2021-08-05 14:50:00,1.1133212576375687e-16,False
2021-08-05 15:00:00,1.2861418364114705e-16,False
2021-08-05 15:10:00,1.3707661823744548e-16,False
2021-08-05 15:20:00,1.195522852964827e-16,False
2021-08-05 15:30:00,1.3129403298563295e-16,False
2021-08-05 15:40:00,1.2848293642248186e-16,False
2021-08-05 15:50:00,1.3401074211506255e-16,False
2021-08-05 16:00:00,1.4466923266645254e-16,False
2021-08-05 16:10:00,1.348643314015228e-16,False
2021-08-05 16:20:00,1.1050124575450027e-16,False
2021-08-05 16:30:00,1.3250903677368429e-16,False
2021-08-05 16:40:00,1.4522034318278555e-16,False
2021-08-05 16:50:00,1.2633715289250868e-16,False
2021-08-05 17:00:00,1.1712855803459531e-16,False
2021-08-05 17:10:00,1.2215317962871681e-16,False
2021-08-05 17:20:00,1.2502410546885128e-16,False
2021-08-05 17:30:00,1.1728653477114707e-16,False
2021-08-05 17:40:00,1.1166912648845784e-16,False
2021-08-05 17:50:00,1.335966048182947e-16,False
2021-08-05 18:00:00,1.1843505215029395e-16,False
2021-08-05 18:10:00,1.221280808176703e-16,False
2021-08-05 18:20:00,1.1927056506188137e-16,False
2021-08-05 18:30:00,1.288359003583286e-16,False
2021-08-05 18:40:00,1.3225878205807596e-16,False
2021-08-05 18:50:00,1.2263548782833646e-16,False
2021-08-05 19:00:00,1.2975335568429135e-16,False
2021-08-05 19:10:00,1.2841631277597985e-16,False
2021-08-05 19:20:00,1.0737923160819788e-16,False
2021-08-05 19:30:00,1.150509335074351e-16,False
2021-08-05 19:40:00,1.365958185575466e-16,False
2021-08-05 19:50:00,1.1516819074455035e-16,False
2021-08-05 20:00:00,1.1836767734134157e-16,False
2021-08-05 20:10:00,1.0996470836233657e-16,False
2021-08-05 20:20:00,1.3488689553247312e-16,False
2021-08-05 20:30:00,1.0967531662265402e-16,False
2021-08-05 20:40:00,1.222597703469419e-16,False
2021-08-05 20:50:00,1.2526750475910352e-16,False
2021-08-05 21:00:00,1.4952810063472075e-16,False
2021-08-05 21:10:00,1.1282795749103183e-16,False
2021-08-05 21:20:00,1.2417380217314797e-16,False
2021-08-05 21:30:00,1.1379853707679726e-16,False
2021-08-05 21:40:00,1.3921351974599025e-16,False
2021-08-05 21:50:00,1.270273681561229e-16,False
2021-08-05 22:00:00,1.4736627943321766e-16,False
2021-08-05 22:10:00,1.1880273808093953e-16,False
2021-08-05 22:20:00,1.228506795249565e-16,False
2021-08-05 22:30:00,,False
2021-08-05 22:40:00,1.3057221842880955e-16,False
2021-08-05 22:50:00,9.493403460952104e-17,False
2021-08-05 23:00:00,1.2678011678221705e-16,False
2021-08-05 23:10:00,1.3574954039056703e-16,False
2021-08-05 23:20:00,1.032522940396153e-16,False
2021-08-05 23:30:00,1.178059416416761e-16,False
2021-08-05 23:40:00,1.1948908413533278e-16,False
2021-08-05 23:50:00,1.050345052850003e-16,False
2021-08-06 00:00:00,1.2752821989209302e-16,False
2021-08-06 00:10:00,1.2400419265508266e-16,False
2021-08-06 00:20:00,1.0842972565993824e-16,False
2021-08-06 00:30:00,1.3059631726240556e-16,False
2021-08-06 00:40:00,9.030266874019865e-17,False
2021-08-06 00:50:00,1.168914281568509e-16,False
2021-08-06 01:00:00,1.0975611997807324e-16,False
2021-08-06 01:10:00,1.1222712594925923e-16,False
2021-08-06 01:20:00,1.324107059829303e-16,False
2021-08-06 01:30:00,1.2140315580481425e-16,False
2021-08-06 01:40:00,1.1886183582985883e-16,False
2021-08-06 01:50:00,1.4349309530533515e-16,False
2021-08-06 02:00:00,1.369619521915744e-16,False
2021-08-06 02:10:00,1.1219681365638216e-16,False
2021-08-06 02:20:00,1.0552037500845268e-16,False
2021-08-06 02:30:00,1.3505638828844976e-16,False
2021-08-06 02:40:00,1.2110071082768625e-16,False
2021-08-06 02:50:00,1.3585404856994375e-16,False
2021-08-06 03:00:00,1.2702142633546428e-16,False
2021-08-06 03:10:00,1.140173768820563e-16,False
2021-08-06 03:20:00,1.3284862661974818e-16,False
2021-08-06 03:30:00,1.2710814284475425e-16,False
2021-08-06 03:40:00,1.2639173124206182e-16,False
2021-08-06 03:50:00,1.1417276745664796e-16,False
2021-08-06 04:00:00,1.1936712174627186e-16,False
2021-08-06 04:10:00,1.2092719427299618e-16,False
2021-08-06 04:20:00,,False
2021-08-06 04:30:00,1.137244504100087e-16,False
2021-08-06 04:40:00,1.4522959113990906e-16,False
2021-08-06 04:50:00,1.2850363779976853e-16,False
2021-08-06 05:00:00,1.3909043740372345e-16,False
2021-08-06 05:10:00,1.3921693103126079e-16,False
2021-08-06 05:20:00,1.3454591860304092e-16,False
2021-08-06 05:30:00,1.1609756624672595e-16,False
2021-08-06 05:40:00,1.378857220710594e-16,False
2021-08-06 05:50:00,1.3039319536859671e-16,False
2021-08-06 06:00:00,1.2739885107218522e-16,False
2021-08-06 06:10:00,1.344559836117067e-16,False
2021-08-06 06:20:00,1.3061191425005633e-16,False
2021-08-06 06:30:00,1.156212926968947e-16,False
2021-08-06 06:40:00,1.2566814066821914e-16,False
2021-08-06 06:50:00,1.1752961424115388e-16,False
2021-08-06 07:00:00,1.1120886590212183e-16,False
2021-08-06 07:10:00,1.2631337708413948e-16,False
2021-08-06 07:20:00,1.2523373463684819e-16,False
2021-08-06 07:30:00,1.1796832842307376e-16,False
2021-08-06 07:40:00,1.3449964526975158e-16,False
2021-08-06 07:50:00,1.1834050790330768e-16,False
2021-08-06 08:00:00,1.3038084256567406e-16,False
2021-08-06 08:10:00,1.1120236400752357e-16,False
2021-08-06 08:20:00,1.2143273757683859e-16,False
2021-08-06 08:30:00,1.198523123244854e-16,False
2021-08-06 08:40:00,1.2478316838541918e-16,False
2021-08-06 08:50:00,1.323919767380258e-16,False
2021-08-06 09:00:00,1.2193851700185816e-16,False
2021-08-06 09:10:00,1.2770411989729596e-16,False
2021-08-06 09:20:00,9.867610912032596e-17,False
2021-08-06 09:30:00,1.2990413708532966e-16,False
2021-08-06 09:40:00,1.0790854498233796e-16,False
2021-08-06 09:50:00,1.1909321345151975e-16,False
2021-08-06 10:00:00,1.2490261435421834e-16,False
2021-08-06 10:10:00,1.0232196103202034e-16,False
2021-08-06 10:20:00,,False
2021-08-06 10:30:00,8.952969758102861e-17,False
2021-08-06 10:40:00,1.4444062629605998e-16,False
2021-08-06 10:50:00,1.0378545097950019e-16,False
2021-08-06 11:00:00,9.738084591219261e-17,False
2021-08-06 11:10:00,1.2934936810816752e-16,False
2021-08-06 11:20:00,1.3081443417498347e-16,False
2021-08-06 11:30:00,1.3026444426286977e-16,False
2021-08-06 11:40:00,1.153187445112049e-16,False
2021-08-06 11:50:00,,False
2021-08-06 12:00:00,1.2527681663877628e-16,False
2021-08-06 12:10:00,1.2724711584987326e-16,False
2021-08-06 12:20:00,1.1380882795673092e-16,False
2021-08-06 12:30:00,1.1169726805455306e-16,False
2021-08-06 12:40:00,1.2991488125812629e-16,False
2021-08-06 12:50:00,1.3049101923666815e-16,False
2021-08-06 13:00:00,1.436589731348064e-16,False
2021-08-06 13:10:00,1.2792762155584827e-16,False
2021-08-06 13:20:00,,False
2021-08-06 13:30:00,1.2022939844317745e-16,False
2021-08-06 13:40:00,1.0956877967474449e-16,False
2021-08-06 13:50:00,1.3614171532330154e-16,False
2021-08-06 14:00:00,9.847304582212357e-17,False
2021-08-06 14:10:00,1.2276543327212468e-16,False
2021-08-06 14:20:00,1.596287460833181e-16,False
2021-08-06 14:30:00,1.3600424384060897e-16,False
2021-08-06 14:40:00,1.3655376082022077e-16,False
2021-08-06 14:50:00,1.2756896176968185e-16,False
2021-08-06 15:00:00,1.301236038811698e-16,False
2021-08-06 15:10:00,1.3900615511170962e-16,False
2021-08-06 15:20:00,1.2957395301009268e-16,False
2021-08-06 15:30:00,1.3178444706745761e-16,False
2021-08-06 15:40:00,1.1113791327291672e-16,False
2021-08-06 15:50:00,1.199562444832165e-16,False
2021-08-06 16:00:00,1.2573158223844973e-16,False
2021-08-06 16:10:00,1.093396076393073e-16,False
2021-08-06 16:20:00,1.3774589542906642e-16,False
2021-08-06 16:30:00,1.0900617689004721e-16,False
2021-08-06 16:40:00,1.2247571006140627e-16,False
2021-08-06 16:50:00,1.1814476132992876e-16,False
2021-08-06 17:00:00,1.2421658424429546e-16,False
2021-08-06 17:10:00,1.3726230448367657e-16,False
2021-08-06 17:20:00,1.0849730376524273e-16,False
2021-08-06 17:30:00,1.3270229760494741e-16,False
2021-08-06 17:40:00,1.337799235098669e-16,False
2021-08-06 17:50:00,,False
2021-08-06 18:00:00,8.746493424808739e-17,False
2021-08-06 18:10:00,1.2672305013864466e-16,False
2021-08-06 18:20:00,1.4320338487660448e-16,False
2021-08-06 18:30:00,1.4174445915968823e-16,False
2021-08-06 18:40:00,1.3582845983252378e-16,False
2021-08-06 18:50:00,8.885612379718123e-17,False
2021-08-06 19:00:00,1.207198716878637e-16,False
2021-08-06 19:10:00,1.4034432029173917e-16,False
2021-08-06 19:20:00,1.133262431079684e-16,False
2021-08-06 19:30:00,1.1142280780867223e-16,False
2021-08-06 19:40:00,1.404573186018089e-16,False
2021-08-06 19:50:00,1.084621366694404e-16,False
2021-08-06 20:00:00,1.0992257961586686e-16,False
2021-08-06 20:10:00,1.2557650961178205e-16,False
2021-08-06 20:20:00,1.204448960050792e-16,False
2021-08-06 20:30:00,1.1690308430937533e-16,False
2021-08-06 20:40:00,1.1674288155852572e-16,False
2021-08-06 20:50:00,1.0744610191572137e-16,False
2021-08-06 21:00:00,1.3153992735698265e-16,False
2021-08-06 21:10:00,1.1355876521007345e-16,False
2021-08-06 21:20:00,1.4988950899205575e-16,False
2021-08-06 21:30:00,1.1899158775969594e-16,False
2021-08-06 21:40:00,1.2509585549240935e-16,False
2021-08-06 21:50:00,1.1662101634188595e-16,False
2021-08-06 22:00:00,1.2831428702855244e-16,False
2021-08-06 22:10:00,1.4056665950797833e-16,False
2021-08-06 22:20:00,1.195323803125996e-16,False
2021-08-06 22:30:00,1.178059656057453e-16,False
2021-08-06 22:40:00,9.673489567883563e-17,False
2021-08-06 22:50:00,1.267172001262298e-16,False
2021-08-06 23:00:00,1.260279131326883e-16,False
2021-08-06 23:10:00,1.2079172972891985e-16,False
2021-08-06 23:20:00,1.3638220846615232e-16,False
2021-08-06 23:30:00,1.162405605647614e-16,False
2021-08-06 23:40:00,1.2772910394035714e-16,False
2021-08-06 23:50:00,1.1821585413122513e-16,False
2021-08-07 00:00:00,1.3693858719845402e-16,False
2021-08-07 00:10:00,1.2504638086851438e-16,False
2021-08-07 00:20:00,1.1946606839845907e-16,False
2021-08-07 00:30:00,1.1606658729595516e-16,False
2021-08-07 00:40:00,1.1159649859089614e-16,False
2021-08-07 00:50:00,1.3133610285584856e-16,False
2021-08-07 01:00:00,,False
2021-08-07 01:10:00,1.0636432754736568e-16,False
2021-08-07 01:20:00,1.2686586278458883e-16,False
2021-08-07 01:30:00,1.2737453414104696e-16,False
2021-08-07 01:40:00,1.1081868998351898e-16,False
2021-08-07 01:50:00,1.240982741441849e-16,False
2021-08-07 02:00:00,1.0948221385826153e-16,False
2021-08-07 02:10:00,1.2049995852069916e-16,False
2021-08-07 02:20:00,1.2006200691214135e-16,False
2021-08-07 02:30:00,1.1794968669485706e-16,False
2021-08-07 02:40:00,1.3352288129512592e-16,False
2021-08-07 02:50:00,1.2382882264765573e-16,False
2021-08-07 03:00:00,1.347213578798534e-16,False
2021-08-07 03:10:00,1.2825868178973568e-16,False
2021-08-07 03:20:00,1.2038112744394457e-16,False
2021-08-07 03:30:00,1.409302152828407e-16,False
2021-08-07 03:40:00,1.3046352961091875e-16,False
2021-08-07 03:50:00,1.25845205234052e-16,False
2021-08-07 04:00:00,1.1440348954053527e-16,False
2021-08-07 04:10:00,1.2834317066436145e-16,False
2021-08-07 04:20:00,1.1814278019580346e-16,False
2021-08-07 04:30:00,1.377337474997082e-16,False
2021-08-07 04:40:00,1.391719545790898e-16,False
2021-08-07 04:50:00,1.172577541980753e-16,False
2021-08-07 05:00:00,1.0206968184376321e-16,False
2021-08-07 05:10:00,1.2000222356998817e-16,False
2021-08-07 05:20:00,1.0776540839950253e-16,False
2021-08-07 05:30:00,1.2386052238757323e-16,False
2021-08-07 05:40:00,1.3330745581224122e-16,False
2021-08-07 05:50:00,1.2544404948395548e-16,False
2021-08-07 06:00:00,1.0494465924806646e-16,False
2021-08-07 06:10:00,1.4130003640444335e-16,False
2021-08-07 06:20:00,1.299070995201532e-16,False
2021-08-07 06:30:00,1.2610904895515106e-16,False
2021-08-07 06:40:00,1.2813083901108283e-16,False
2021-08-07 06:50:00,9.99077502045048e-17,False
2021-08-07 07:00:00,1.3291657501789832e-16,False
2021-08-07 07:10:00,1.2567817797065023e-16,False
2021-08-07 07:20:00,1.208078138386798e-16,False
2021-08-07 07:30:00,1.1249381463499025e-16,False
2021-08-07 07:40:00,1.0801843114046192e-16,False
2021-08-07 07:50:00,1.045726067042648e-16,False
2021-08-07 08:00:00,1.0848568010038425e-16,False
2021-08-07 08:10:00,1.1372800124540327e-16,False
2021-08-07 08:20:00,1.2707930727332643e-16,False
2021-08-07 08:30:00,1.149998049107438e-16,False
2021-08-07 08:40:00,1.3036068427860363e-16,False
2021-08-07 08:50:00,1.2846698512807262e-16,False
2021-08-07 09:00:00,1.24940818486692e-16,False
2021-08-07 09:10:00,1.4019285356404226e-16,False
2021-08-07 09:20:00,,False
2021-08-07 09:30:00,,False
2021-08-07 09:40:00,1.226962122831702e-16,False
2021-08-07 09:50:00,,False
2021-08-07 10:00:00,1.1644555194440855e-16,False
2021-08-07 10:10:00,,False
2021-08-07 10:20:00,1.245116109345602e-16,False
2021-08-07 10:30:00,1.428264743029534e-16,False
2021-08-07 10:40:00,1.096053622163447e-16,False
2021-08-07 10:50:00,1.0743135692923626e-16,False
2021-08-07 11:00:00,1.2752420560146528e-16,False
2021-08-07 11:10:00,1.5036022677502707e-16,False
2021-08-07 11:20:00,1.1684074036777327e-16,False
2021-08-07 11:30:00,,False
2021-08-07 11:40:00,1.208144504892276e-16,False
2021-08-07 11:50:00,1.1575548868299732e-16,False
2021-08-07 12:00:00,1.265356773766358e-16,False
2021-08-07 12:10:00,1.4025874161085702e-16,False
2021-08-07 12:20:00,1.2791622246232312e-16,False
2021-08-07 12:30:00,1.2665814299732023e-16,False
2021-08-07 12:40:00,1.2854511292860404e-16,False
2021-08-07 12:50:00,1.4160557522825178e-16,False
2021-08-07 13:00:00,1.1602072066638197e-16,False
2021-08-07 13:10:00,1.2616154313332185e-16,False
2021-08-07 13:20:00,1.2535150596341322e-16,False
2021-08-07 13:30:00,1.267192021909648e-16,False
2021-08-07 13:40:00,1.1104821534471296e-16,False
2021-08-07 13:50:00,9.728557485915826e-17,False
2021-08-07 14:00:00,1.0854119765116809e-16,False
2021-08-07 14:10:00,9.663154657697255e-17,False
2021-08-07 14:20:00,1.306253238161081e-16,False
2021-08-07 14:30:00,1.270234082220371e-16,False
2021-08-07 14:40:00,1.214611774007122e-16,False
2021-08-07 14:50:00,1.2352136183626652e-16,False
2021-08-07 15:00:00,1.2922571489807645e-16,False
2021-08-07 15:10:00,1.09579039583753e-16,False
2021-08-07 15:20:00,1.3625335155755415e-16,False
2021-08-07 15:30:00,1.1227431817912312e-16,False
2021-08-07 15:40:00,1.0882811267241614e-16,False
2021-08-07 15:50:00,1.3246030239671886e-16,False
2021-08-07 16:00:00,1.177033861166798e-16,False
2021-08-07 16:10:00,9.353989185148283e-17,False
2021-08-07 16:20:00,1.2164422487364087e-16,False
2021-08-07 16:30:00,1.194207922469666e-16,False
2021-08-07 16:40:00,1.15876775126588e-16,False
2021-08-07 16:50:00,1.2294652741756363e-16,False
2021-08-07 17:00:00,1.2248553100472925e-16,False
2021-08-07 17:10:00,,False
2021-08-07 17:20:00,1.1560808289675295e-16,False
2021-08-07 17:30:00,1.3162020232419795e-16,False
2021-08-07 17:40:00,1.253545200984612e-16,False
2021-08-07 17:50:00,1.2294601870455785e-16,False
2021-08-07 18:00:00,1.223168463290622e-16,False
2021-08-07 18:10:00,1.1447742135193072e-16,False
2021-08-07 18:20:00,,False
2021-08-07 18:30:00,1.2519569224261355e-16,False
2021-08-07 18:40:00,9.626125335748386e-17,False
2021-08-07 18:50:00,1.2414974663907328e-16,False
2021-08-07 19:00:00,1.1141638356827475e-16,False
2021-08-07 19:10:00,1.3849835395792205e-16,False
2021-08-07 19:20:00,1.3208315515034522e-16,False
2021-08-07 19:30:00,1.2368826616614908e-16,False
2021-08-07 19:40:00,1.348688109369754e-16,False
2021-08-07 19:50:00,1.0667944911550021e-16,False
2021-08-07 20:00:00,1.2038650647499492e-16,False
2021-08-07 20:10:00,1.282784397473159e-16,False
2021-08-07 20:20:00,1.3896869991466653e-16,False
2021-08-07 20:30:00,1.2979480791294655e-16,False
2021-08-07 20:40:00,1.171319239958578e-16,False
2021-08-07 20:50:00,1.0916443005661963e-16,False
2021-08-07 21:00:00,1.2383665712078856e-16,False
2021-08-07 21:10:00,1.2058654110074075e-16,False
2021-08-07 21:20:00,1.3243393922341238e-16,False
2021-08-07 21:30:00,1.246311738163325e-16,False
2021-08-07 21:40:00,1.4530579978656183e-16,False
2021-08-07 21:50:00,1.034299126935737e-16,False
2021-08-07 22:00:00,1.1793860903035441e-16,False
2021-08-07 22:10:00,1.1603912700837495e-16,False
2021-08-07 22:20:00,1.2122310242523093e-16,False
2021-08-07 22:30:00,1.320511016474418e-16,False
2021-08-07 22:40:00,,False
2021-08-07 22:50:00,1.1088832236065488e-16,False
2021-08-07 23:00:00,1.3219088317779165e-16,False
2021-08-07 23:10:00,1.400245967386112e-16,False
2021-08-07 23:20:00,1.3696987769390954e-16,False
2021-08-07 23:30:00,1.2818717119274084e-16,False
2021-08-07 23:40:00,1.3528943458106539e-16,False
2021-08-07 23:50:00,1.2585308234246371e-16,False
2021-08-08 00:00:00,1.2086646880248218e-16,False
2021-08-08 00:10:00,1.1850517179173732e-16,False
2021-08-08 00:20:00,1.2487566263251807e-16,False
2021-08-08 00:30:00,1.0446780415859199e-16,False
2021-08-08 00:40:00,1.3624451754018654e-16,False
2021-08-08 00:50:00,8.849312014042853e-17,False
2021-08-08 01:00:00,1.304686237338875e-16,False
2021-08-08 01:10:00,1.2429258396654434e-16,False
2021-08-08 01:20:00,1.0326529862826091e-16,False
2021-08-08 01:30:00,1.2786482028491313e-16,False
2021-08-08 01:40:00,1.173970713161619e-16,False
2021-08-08 01:50:00,1.0026964710611067e-16,False
2021-08-08 02:00:00,1.2677910559329906e-16,False
2021-08-08 02:10:00,1.3125607125716915e-16,False
2021-08-08 02:20:00,1.1469530384125164e-16,False
2021-08-08 02:30:00,1.3408116652089938e-16,False
2021-08-08 02:40:00,1.2804773803212868e-16,False
2021-08-08 02:50:00,1.343438543974672e-16,False
2021-08-08 03:00:00,1.258617428628879e-16,False
2021-08-08 03:10:00,9.415703036648222e-17,False
2021-08-08 03:20:00,1.4359516145066658e-16,False
2021-08-08 03:30:00,1.5874236821903373e-16,False
2021-08-08 03:40:00,1.1023173919468374e-16,False
2021-08-08 03:50:00,1.260977623440505e-16,False
2021-08-08 04:00:00,1.2012701117302693e-16,False
2021-08-08 04:10:00,1.3013011363096006e-16,False
2021-08-08 04:20:00,1.17493078051116e-16,False
2021-08-08 04:30:00,1.1872127654890228e-16,False
2021-08-08 04:40:00,,False
2021-08-08 04:50:00,1.4142308066980496e-16,False
2021-08-08 05:00:00,1.2291923357157315e-16,False
2021-08-08 05:10:00,1.3127718040364516e-16,False
2021-08-08 05:20:00,,False
2021-08-08 05:30:00,1.3230525323918886e-16,False
2021-08-08 05:40:00,1.3917175420305254e-16,False
2021-08-08 05:50:00,1.3990376686344265e-16,False
2021-08-08 06:00:00,1.1862469626072208e-16,False
2021-08-08 06:10:00,1.3437311779772494e-16,False
2021-08-08 06:20:00,1.3196769291333565e-16,False
2021-08-08 06:30:00,1.1383433957406377e-16,False
2021-08-08 06:40:00,1.2287091271450072e-16,False
2021-08-08 06:50:00,1.0703396244004327e-16,False
2021-08-08 07:00:00,1.1429583816884892e-16,False
2021-08-08 07:10:00,1.0057533608560462e-16,False
2021-08-08 07:20:00,,False
2021-08-08 07:30:00,1.0570564957951022e-16,False
2021-08-08 07:40:00,1.1582989852679138e-16,False
2021-08-08 07:50:00,1.3441596146334125e-16,False
2021-08-08 08:00:00,1.2258802845476402e-16,False
2021-08-08 08:10:00,9.530079447014323e-17,False
2021-08-08 08:20:00,1.2494265710685278e-16,False
2021-08-08 08:30:00,1.256051205184096e-16,False
2021-08-08 08:40:00,1.2206843321788474e-16,False
2021-08-08 08:50:00,1.3316376457958074e-16,False
2021-08-08 09:00:00,1.1427531595897983e-16,False
2021-08-08 09:10:00,1.3515602180820058e-16,False
2021-08-08 09:20:00,1.499993868325752e-16,False
2021-08-08 09:30:00,1.1446781499082554e-16,False
2021-08-08 09:40:00,1.119872379341488e-16,False
2021-08-08 09:50:00,1.3788051104250546e-16,False
2021-08-08 10:00:00,1.1495375827397304e-16,False
2021-08-08 10:10:00,1.115338455155581e-16,False
2021-08-08 10:20:00,1.3512347082271764e-16,False
2021-08-08 10:30:00,,False
2021-08-08 10:40:00,1.4555367047579448e-16,False
2021-08-08 10:50:00,,False
2021-08-08 11:00:00,1.294438236962109e-16,False
2021-08-08 11:10:00,1.3202303067389428e-16,False
2021-08-08 11:20:00,1.139254952640667e-16,False
2021-08-08 11:30:00,1.2359374294213634e-16,False
2021-08-08 11:40:00,1.0734342128618056e-16,False
2021-08-08 11:50:00,1.3628016331832652e-16,False
2021-08-08 12:00:00,1.119965699213747e-16,False
2021-08-08 12:10:00,1.0834407330254576e-16,False
2021-08-08 12:20:00,1.1697168094015479e-16,False
2021-08-08 12:30:00,1.129265229886306e-16,False
2021-08-08 12:40:00,1.1865217679901117e-16,False
2021-08-08 12:50:00,1.382078881253718e-16,False
2021-08-08 13:00:00,1.249059163150908e-16,False
2021-08-08 13:10:00,9.633468604385393e-17,False
2021-08-08 13:20:00,1.0993331204576782e-16,False
2021-08-08 13:30:00,1.1626284236249067e-16,False
2021-08-08 13:40:00,1.1735598273084888e-16,False
2021-08-08 13:50:00,1.4317222478062127e-16,False
2021-08-08 14:00:00,1.2517341768553582e-16,False
2021-08-08 14:10:00,1.0316867858636878e-16,False
2021-08-08 14:20:00,1.3467113806520878e-16,False
2021-08-08 14:30:00,1.2973941824428575e-16,False
2021-08-08 14:40:00,1.2105943688250766e-16,False
2021-08-08 14:50:00,1.105695246579402e-16,False
2021-08-08 15:00:00,1.2674732227398216e-16,False
2021-08-08 15:10:00,1.17658589928144e-16,False
2021-08-08 15:20:00,1.2684640930694099e-16,False
2021-08-08 15:30:00,1.229108729875085e-16,False
2021-08-08 15:40:00,1.1729780596215671e-16,False
2021-08-08 15:50:00,1.232662609972969e-16,False
2021-08-08 16:00:00,1.1233576142108023e-16,False
2021-08-08 16:10:00,1.3845830286776946e-16,False
2021-08-08 16:20:00,1.320199827728026e-16,False
2021-08-08 16:30:00,1.1326941705621542e-16,False
2021-08-08 16:40:00,1.1285547944320464e-16,False
2021-08-08 16:50:00,1.2768626551111705e-16,False
2021-08-08 17:00:00,1.0152161848052772e-16,False
2021-08-08 17:10:00,1.0460345535546929e-16,False
2021-08-08 17:20:00,1.0309189200189616e-16,False
2021-08-08 17:30:00,1.1036792555979103e-16,False
2021-08-08 17:40:00,1.122095177414394e-16,False
2021-08-08 17:50:00,1.2721677172598907e-16,False
2021-08-08 18:00:00,,False
2021-08-08 18:10:00,1.3001499285282088e-16,False
2021-08-08 18:20:00,1.0353528929930856e-16,False
2021-08-08 18:30:00,1.2463484397267786e-16,False
2021-08-08 18:40:00,1.0876618850590961e-16,False
2021-08-08 18:50:00,1.3684447655049334e-16,False
2021-08-08 19:00:00,1.202333598218638e-16,False
2021-08-08 19:10:00,1.2052807304169184e-16,False
2021-08-08 19:20:00,1.1228702907900328e-16,False
2021-08-08 19:30:00,1.301898832207983e-16,False
2021-08-08 19:40:00,1.2037828685118353e-16,False
2021-08-08 19:50:00,1.261517503449505e-16,False
2021-08-08 20:00:00,1.4526822548071068e-16,False
2021-08-08 20:10:00,9.735890126948688e-17,False
2021-08-08 20:20:00,1.0770825484289288e-16,False
2021-08-08 20:30:00,1.410230858211229e-16,False
2021-08-08 20:40:00,1.3899080462357073e-16,False
2021-08-08 20:50:00,1.1728905655397207e-16,False
2021-08-08 21:00:00,1.2901131184764798e-16,False
2021-08-08 21:10:00,1.337439621316887e-16,False
2021-08-08 21:20:00,1.0422821084726237e-16,False
2021-08-08 21:30:00,1.1123269754090549e-16,False
2021-08-08 21:40:00,1.3713586945788384e-16,False
2021-08-08 21:50:00,,False
2021-08-08 22:00:00,1.13453373628993e-16,False
2021-08-08 22:10:00,1.0166637848703997e-16,False
2021-08-08 22:20:00,1.0706262463667089e-16,False
2021-08-08 22:30:00,1.0222446958925139e-16,False
2021-08-08 22:40:00,1.1916644224850626e-16,False
2021-08-08 22:50:00,1.3600864409251703e-16,False
2021-08-08 23:00:00,1.121276286220429e-16,False
2021-08-08 23:10:00,1.094602383953953e-16,False
2021-08-08 23:20:00,1.2481523313334787e-16,False
2021-08-08 23:30:00,1.0992784855928224e-16,False
2021-08-08 23:40:00,1.233806038848944e-16,False
2021-08-08 23:50:00,1.164977236766003e-16,False
2021-08-09 00:00:00,1.1953812650562257e-16,False
2021-08-09 00:10:00,1.1126416696728588e-16,False
2021-08-09 00:20:00,1.0949676699560019e-16,False
2021-08-09 00:30:00,1.0694974465959823e-16,False
2021-08-09 00:40:00,1.2559292779517615e-16,False
2021-08-09 00:50:00,1.1063658442094968e-16,False
2021-08-09 01:00:00,1.3448386280650013e-16,False
2021-08-09 01:10:00,1.0793583242464898e-16,False
2021-08-09 01:20:00,1.2453354140823433e-16,False
2021-08-09 01:30:00,9.736446173033916e-17,False
2021-08-09 01:40:00,1.2078834619783326e-16,False
2021-08-09 01:50:00,1.3894261984504873e-16,False
2021-08-09 02:00:00,1.1814334253924851e-16,False
2021-08-09 02:10:00,1.2995198550451847e-16,False
2021-08-09 02:20:00,1.2499709226377313e-16,False
2021-08-09 02:30:00,1.2804077398308142e-16,False
2021-08-09 02:40:00,1.3490995109815457e-16,False
2021-08-09 02:50:00,1.1069307088330954e-16,False
2021-08-09 03:00:00,1.1176611974634345e-16,False
2021-08-09 03:10:00,1.4373252869971022e-16,False
2021-08-09 03:20:00,1.139875243514547e-16,False
2021-08-09 03:30:00,1.0323497456235436e-16,False
2021-08-09 03:40:00,1.1269031375310637e-16,False
2021-08-09 03:50:00,1.2612356994168093e-16,False
2021-08-09 04:00:00,1.394989807448704e-16,False
2021-08-09 04:10:00,1.2493370958348545e-16,False
2021-08-09 04:20:00,1.1832572229697913e-16,False
2021-08-09 04:30:00,1.2051591682587012e-16,False
2021-08-09 04:40:00,1.3457715124262356e-16,False
2021-08-09 04:50:00,,False
2021-08-09 05:00:00,1.3491574390737078e-16,False
2021-08-09 05:10:00,9.312350852598567e-17,False
2021-08-09 05:20:00,9.523002168697147e-17,False
2021-08-09 05:30:00,1.3640711450937433e-16,False
2021-08-09 05:40:00,1.3218967879468756e-16,False
2021-08-09 05:50:00,1.3201853927503253e-16,False
2021-08-09 06:00:00,9.867331170652203e-17,False
2021-08-09 06:10:00,1.5815313113050381e-16,False
2021-08-09 06:20:00,1.208848255776836e-16,False
2021-08-09 06:30:00,1.0328531917509624e-16,False
2021-08-09 06:40:00,1.1765928041722812e-16,False
2021-08-09 06:50:00,1.0699153602849202e-16,False
2021-08-09 07:00:00,1.2516071874268262e-16,False
2021-08-09 07:10:00,1.310243758880745e-16,False
2021-08-09 07:20:00,1.2834482170631997e-16,False
2021-08-09 07:30:00,1.1119796827278684e-16,False
2021-08-09 07:40:00,1.192463682497357e-16,False
2021-08-09 07:50:00,1.1748667534666327e-16,False
2021-08-09 08:00:00,1.441201647848867e-16,False
2021-08-09 08:10:00,1.309737051507236e-16,False
2021-08-09 08:20:00,1.2211079236405652e-16,False
2021-08-09 08:30:00,1.228330265056882e-16,False
2021-08-09 08:40:00,1.2787607860284782e-16,False
2021-08-09 08:50:00,1.264569408333431e-16,False
2021-08-09 09:00:00,1.3296802802608286e-16,False
2021-08-09 09:10:00,1.2465499182369742e-16,False
2021-08-09 09:20:00,1.3509533371420713e-16,False
2021-08-09 09:30:00,1.2705096310939077e-16,False
2021-08-09 09:40:00,1.319509328617577e-16,False
2021-08-09 09:50:00,1.1117134158632995e-16,False
2021-08-09 10:00:00,1.13917525535546e-16,False
2021-08-09 10:10:00,1.1069770619363838e-16,False
2021-08-09 10:20:00,1.1990781453482135e-16,False
2021-08-09 10:30:00,1.1449776275960887e-16,False
2021-08-09 10:40:00,1.1417668795997488e-16,False
2021-08-09 10:50:00,1.2103089566808978e-16,False
2021-08-09 11:00:00,1.2505217284348637e-16,False
2021-08-09 11:10:00,1.2054081885217645e-16,False
2021-08-09 11:20:00,1.2954101867459069e-16,False
2021-08-09 11:30:00,1.2712353249520924e-16,False
2021-08-09 11:40:00,1.133150372698133e-16,False
2021-08-09 11:50:00,1.1311196960213067e-16,False
2021-08-09 12:00:00,1.2331000906609523e-16,False
2021-08-09 12:10:00,1.2787274046033756e-16,False
2021-08-09 12:20:00,1.4277535151047822e-16,False
2021-08-09 12:30:00,1.3051831425040155e-16,False
2021-08-09 12:40:00,1.2560546501834583e-16,False
2021-08-09 12:50:00,1.3681372426341722e-16,False
2021-08-09 13:00:00,1.3448802024774779e-16,False
2021-08-09 13:10:00,1.2006110960907065e-16,False
2021-08-09 13:20:00,1.2070442626848485e-16,False
2021-08-09 13:30:00,1.0840701617560294e-16,False
2021-08-09 13:40:00,1.2335794971136294e-16,False
2021-08-09 13:50:00,1.3370922519834717e-16,False
2021-08-09 14:00:00,1.136986874602037e-16,False
2021-08-09 14:10:00,1.126105020356273e-16,False
2021-08-09 14:20:00,1.160263902915397e-16,False
2021-08-09 14:30:00,1.2739895886273941e-16,False
2021-08-09 14:40:00,1.1968735860984046e-16,False
2021-08-09 14:50:00,1.2570009337189035e-16,False
2021-08-09 15:00:00,1.146868771137424e-16,False
2021-08-09 15:10:00,1.2537657401921032e-16,False
2021-08-09 15:20:00,1.14980659614303e-16,False
2021-08-09 15:30:00,1.3176342554552596e-16,False
2021-08-09 15:40:00,1.3879544499978004e-16,False
2021-08-09 15:50:00,1.1301274154205074e-16,False
2021-08-09 16:00:00,1.156676807791613e-16,False
2021-08-09 16:10:00,1.2212736644215277e-16,False
2021-08-09 16:20:00,1.272940460203786e-16,False
2021-08-09 16:30:00,1.336707250072021e-16,False
2021-08-09 16:40:00,1.2557551665013994e-16,False
2021-08-09 16:50:00,1.303458027503681e-16,False
2021-08-09 17:00:00,1.211406489862571e-16,False
2021-08-09 17:10:00,1.4837458108656217e-16,False
2021-08-09 17:20:00,1.4556696754298673e-16,False
2021-08-09 17:30:00,1.2456329890455695e-16,False
2021-08-09 17:40:00,1.1448659551644853e-16,False
2021-08-09 17:50:00,1.279040787181031e-16,False
2021-08-09 18:00:00,1.3238287267528918e-16,False
2021-08-09 18:10:00,1.329627675194978e-16,False
2021-08-09 18:20:00,1.3435530082174264e-16,False
2021-08-09 18:30:00,1.1299174937385193e-16,False
2021-08-09 18:40:00,1.0775546024383807e-16,False
2021-08-09 18:50:00,1.1581966784393646e-16,False
2021-08-09 19:00:00,1.1522016822656589e-16,False
2021-08-09 19:10:00,1.2420744754268e-16,False
2021-08-09 19:20:00,1.1961570033838227e-16,False
2021-08-09 19:30:00,1.1744042002645794e-16,False
2021-08-09 19:40:00,1.2167438501461023e-16,False
2021-08-09 19:50:00,1.0333012981159664e-16,False
2021-08-09 20:00:00,1.285325760996237e-16,False
2021-08-09 20:10:00,1.3556204064917332e-16,False
2021-08-09 20:20:00,1.3161849145340954e-16,False
2021-08-09 20:30:00,1.4647261052550168e-16,False
2021-08-09 20:40:00,1.145923683952811e-16,False
2021-08-09 20:50:00,1.2696925323600457e-16,False
2021-08-09 21:00:00,1.2457376307758392e-16,False
2021-08-09 21:10:00,1.0086850417406643e-16,False
2021-08-09 21:20:00,1.1571437471555e-16,False
2021-08-09 21:30:00,1.305416157156642e-16,False
2021-08-09 21:40:00,1.2115327345913775e-16,False
2021-08-09 21:50:00,1.145014700040915e-16,False
2021-08-09 22:00:00,1.485826927517106e-16,False
2021-08-09 22:10:00,1.2560837018962834e-16,False
2021-08-09 22:20:00,1.2415476831764315e-16,False
2021-08-09 22:30:00,1.278602020497894e-16,False
2021-08-09 22:40:00,1.2441096894678945e-16,False
2021-08-09 22:50:00,1.2277070832274896e-16,False
2021-08-09 23:00:00,1.0743358867563675e-16,False
2021-08-09 23:10:00,1.1949229678058844e-16,False
2021-08-09 23:20:00,1.4273659034517331e-16,False
2021-08-09 23:30:00,1.066795774745606e-16,False
2021-08-09 23:40:00,1.2531026060765533e-16,False
2021-08-09 23:50:00,,False
2021-08-10 00:00:00,8.192216602866539e-17,False
2021-08-10 00:10:00,1.2291777410694192e-16,False
2021-08-10 00:20:00,1.2708723273292335e-16,False
2021-08-10 00:30:00,1.417479851884208e-16,False
2021-08-10 00:40:00,1.3489741124738441e-16,False
2021-08-10 00:50:00,1.2610590428864275e-16,False
2021-08-10 01:00:00,1.192198684142989e-16,False
2021-08-10 01:10:00,1.0633749593788217e-16,False
2021-08-10 01:20:00,1.2603828834020777e-16,False
2021-08-10 01:30:00,1.2682903201274382e-16,False
2021-08-10 01:40:00,1.4296283616924282e-16,False
2021-08-10 01:50:00,1.1864379395047697e-16,False
2021-08-10 02:00:00,1.1403783262105617e-16,False
2021-08-10 02:10:00,1.0105451986487255e-16,False
2021-08-10 02:20:00,1.1400677053974962e-16,False
2021-08-10 02:30:00,1.4949924494733927e-16,False
2021-08-10 02:40:00,1.316998776966027e-16,False
2021-08-10 02:50:00,1.3799091017819688e-16,False
2021-08-10 03:00:00,1.0237325463932607e-16,False
2021-08-10 03:10:00,1.1779330528557545e-16,False
2021-08-10 03:20:00,9.789146940094491e-17,False
2021-08-10 03:30:00,1.255234946396394e-16,False
2021-08-10 03:40:00,1.40923388868903e-16,False
2021-08-10 03:50:00,1.1465794769348288e-16,False
2021-08-10 04:00:00,,False
2021-08-10 04:10:00,1.4099532891703265e-16,False
2021-08-10 04:20:00,1.3003359911952928e-16,False
2021-08-10 04:30:00,1.3589337015773428e-16,False
2021-08-10 04:40:00,1.1218931879361699e-16,False
2021-08-10 04:50:00,1.1972042045242452e-16,False
2021-08-10 05:00:00,1.2633427975767329e-16,False
2021-08-10 05:10:00,1.1268848020702515e-16,False
2021-08-10 05:20:00,1.0586697105307321e-16,False
2021-08-10 05:30:00,1.1835582355704524e-16,False
2021-08-10 05:40:00,,False
2021-08-10 05:50:00,1.1506689826396005e-16,False
2021-08-10 06:00:00,1.3142685627880402e-16,False
2021-08-10 06:10:00,,False
2021-08-10 06:20:00,8.851731488175788e-17,False
2021-08-10 06:30:00,1.306303335162785e-16,False
2021-08-10 06:40:00,1.5099921963986545e-16,False
2021-08-10 06:50:00,1.3739466882565294e-16,False
2021-08-10 07:00:00,1.248466942198748e-16,False
2021-08-10 07:10:00,1.452797769804024e-16,False
2021-08-10 07:20:00,1.1713116915899238e-16,False
2021-08-10 07:30:00,1.1172255603846005e-16,False
2021-08-10 07:40:00,1.3115722435827248e-16,False
2021-08-10 07:50:00,1.135835428828024e-16,False
2021-08-10 08:00:00,1.3096781882195288e-16,False
2021-08-10 08:10:00,1.2084204114297116e-16,False
2021-08-10 08:20:00,1.0878390664326745e-16,False
2021-08-10 08:30:00,1.0352445130297222e-16,False
2021-08-10 08:40:00,1.0866121439218341e-16,False
2021-08-10 08:50:00,1.2009662009247122e-16,False
2021-08-10 09:00:00,1.4577822874869347e-16,False
2021-08-10 09:10:00,1.150062070730745e-16,False
2021-08-10 09:20:00,1.0771243434639011e-16,False
2021-08-10 09:30:00,1.0187496968826096e-16,False
2021-08-10 09:40:00,1.2586449953677877e-16,False
2021-08-10 09:50:00,1.5644868096248049e-16,False
2021-08-10 10:00:00,1.159156932354617e-16,False
2021-08-10 10:10:00,1.1769870332403987e-16,False
2021-08-10 10:20:00,1.2093483792782295e-16,False
2021-08-10 10:30:00,1.2627305045505892e-16,False
2021-08-10 10:40:00,1.2517470394705076e-16,False
2021-08-10 10:50:00,1.1771552145994062e-16,False
2021-08-10 11:00:00,1.430082316016524e-16,False
2021-08-10 11:10:00,1.2348327639875985e-16,False
2021-08-10 11:20:00,1.0716973457798058e-16,False
2021-08-10 11:30:00,1.3310014703835424e-16,False
2021-08-10 11:40:00,1.436374236858513e-16,False
2021-08-10 11:50:00,1.422632279096059e-16,False
2021-08-10 12:00:00,1.0018942337725845e-16,False
2021-08-10 12:10:00,,False
2021-08-10 12:20:00,1.2091129586206038e-16,False
2021-08-10 12:30:00,1.1746402864751534e-16,False
2021-08-10 12:40:00,1.363901240678127e-16,False
2021-08-10 12:50:00,1.4388565312027714e-16,False
2021-08-10 13:00:00,1.246156502845738e-16,False
2021-08-10 13:10:00,1.1109166383318116e-16,False
2021-08-10 13:20:00,1.2123634483039606e-16,False
2021-08-10 13:30:00,1.112364602653916e-16,False
2021-08-10 13:40:00,1.2565448324346685e-16,False
2021-08-10 13:50:00,1.2596749442143547e-16,False
2021-08-10 14:00:00,1.4535561857183696e-16,False
2021-08-10 14:10:00,1.1323724734758014e-16,False
2021-08-10 14:20:00,1.36567166580143e-16,False
2021-08-10 14:30:00,1.3782532189887068e-16,False
2021-08-10 14:40:00,1.1758588301328727e-16,False
2021-08-10 14:50:00,1.2496015649240987e-16,False
2021-08-10 15:00:00,1.1906981887879613e-16,False
2021-08-10 15:10:00,1.1033932998489624e-16,False
2021-08-10 15:20:00,1.2478290094664208e-16,False
2021-08-10 15:30:00,1.2745053253441443e-16,False
2021-08-10 15:40:00,1.2117615637743538e-16,False
2021-08-10 15:50:00,1.2828052279277063e-16,False
2021-08-10 16:00:00,1.2446877769805352e-16,False
2021-08-10 16:10:00,1.0693299819607871e-16,False
2021-08-10 16:20:00,1.192545569404395e-16,False
2021-08-10 16:30:00,1.1605753647499886e-16,False
2021-08-10 16:40:00,9.806672600135888e-17,False
2021-08-10 16:50:00,1.135563170143362e-16,False
2021-08-10 17:00:00,1.3081004618805447e-16,False
2021-08-10 17:10:00,1.2550661715527102e-16,False
2021-08-10 17:20:00,1.1792984512501084e-16,False
2021-08-10 17:30:00,1.0213400364767964e-16,False
2021-08-10 17:40:00,1.1786100355027292e-16,False
2021-08-10 17:50:00,1.3457969874859555e-16,False
2021-08-10 18:00:00,1.1541416384224133e-16,False
2021-08-10 18:10:00,1.3885529491153335e-16,False
2021-08-10 18:20:00,1.497454200852377e-16,False
2021-08-10 18:30:00,1.3620604985225843e-16,False
2021-08-10 18:40:00,,False
2021-08-10 18:50:00,1.2535056383808184e-16,False
2021-08-10 19:00:00,,False
2021-08-10 19:10:00,1.341433967047212e-16,False
2021-08-10 19:20:00,1.3156462027536104e-16,False
2021-08-10 19:30:00,1.2216849445030796e-16,False
2021-08-10 19:40:00,1.403916494101149e-16,False
2021-08-10 19:50:00,1.1045170301438654e-16,False
2021-08-10 20:00:00,1.400658231265293e-16,False
2021-08-10 20:10:00,1.3881584217106903e-16,False
2021-08-10 20:20:00,1.3312617795267013e-16,False
2021-08-10 20:30:00,1.2013253727408281e-16,False
2021-08-10 20:40:00,1.2710514836761227e-16,False
2021-08-10 20:50:00,1.1666642388492518e-16,False
2021-08-10 21:00:00,1.173022195807267e-16,False
2021-08-10 21:10:00,1.0111785213717415e-16,False
2021-08-10 21:20:00,1.2204999803298407e-16,False
2021-08-10 21:30:00,1.2429863516645443e-16,False
2021-08-10 21:40:00,1.2899551564124705e-16,False
2021-08-10 21:50:00,1.170329743989427e-16,False
2021-08-10 22:00:00,9.57048657814369e-17,False
2021-08-10 22:10:00,1.0669346743127287e-16,False
2021-08-10 22:20:00,1.113436346681584e-16,False
2021-08-10 22:30:00,1.1652484845753407e-16,False
2021-08-10 22:40:00,1.3247193559565418e-16,False
2021-08-10 22:50:00,1.106018857781146e-16,False
2021-08-10 23:00:00,1.0951656143039564e-16,False
2021-08-10 23:10:00,,False
2021-08-10 23:20:00,1.193582173566751e-16,False
2021-08-10 23:30:00,1.0764196853741827e-16,False
2021-08-10 23:40:00,1.2536515755606618e-16,False
2021-08-10 23:50:00,1.172580997114415e-16,False
2021-08-11 00:00:00,1.2121588629365892e-16,False
2021-08-11 00:10:00,1.4805595381259037e-16,False
2021-08-11 00:20:00,1.3135786119048256e-16,False
2021-08-11 00:30:00,1.4358376977658137e-16,False
2021-08-11 00:40:00,1.4083713349240093e-16,False
2021-08-11 00:50:00,1.2534010594697847e-16,False
2021-08-11 01:00:00,1.3035700913599608e-16,False
2021-08-11 01:10:00,1.165815301841004e-16,False
2021-08-11 01:20:00,1.0864886064695848e-16,False
2021-08-11 01:30:00,1.24492016314225e-16,False
2021-08-11 01:40:00,1.220910342067841e-16,False
2021-08-11 01:50:00,1.2812241577449977e-16,False
2021-08-11 02:00:00,1.133171185202499e-16,False
2021-08-11 02:10:00,1.1377874957092238e-16,False
2021-08-11 02:20:00,1.3909004528907335e-16,False
2021-08-11 02:30:00,1.2108710549542754e-16,False
2021-08-11 02:40:00,1.2524967007648739e-16,False
2021-08-11 02:50:00,,False
2021-08-11 03:00:00,1.1771111156332684e-16,False
2021-08-11 03:10:00,1.2030396843704986e-16,False
2021-08-11 03:20:00,1.08469719210079e-16,False
2021-08-11 03:30:00,1.434261351763305e-16,False
2021-08-11 03:40:00,1.2069182522356078e-16,False
2021-08-11 03:50:00,1.1870297702588317e-16,False
2021-08-11 04:00:00,1.136145283003777e-16,False
2021-08-11 04:10:00,1.1486065037090846e-16,False
2021-08-11 04:20:00,1.1760532071671443e-16,False
2021-08-11 04:30:00,1.2984489674330498e-16,False
2021-08-11 04:40:00,1.328476661668373e-16,False
2021-08-11 04:50:00,,False
2021-08-11 05:00:00,1.28174806710267e-16,False
2021-08-11 05:10:00,1.3487989375873903e-16,False
2021-08-11 05:20:00,1.2544008976246282e-16,False
2021-08-11 05:30:00,1.2598542729719935e-16,False
2021-08-11 05:40:00,1.2248880909523123e-16,False
2021-08-11 05:50:00,1.363559545337461e-16,False
2021-08-11 06:00:00,1.1690749102782245e-16,False
2021-08-11 06:10:00,1.1836487250226733e-16,False
2021-08-11 06:20:00,8.91310308984783e-17,False
2021-08-11 06:30:00,1.1955802044661382e-16,False
2021-08-11 06:40:00,1.1472257690137322e-16,False
2021-08-11 06:50:00,9.461948141488387e-17,False
2021-08-11 07:00:00,1.4667056039563302e-16,False
2021-08-11 07:10:00,1.2206034643906882e-16,False
2021-08-11 07:20:00,1.4335944013239544e-16,False
2021-08-11 07:30:00,1.190194770624829e-16,False
2021-08-11 07:40:00,1.1328535522996115e-16,False
2021-08-11 07:50:00,1.25122334922633e-16,False
2021-08-11 08:00:00,1.4406447632511334e-16,False
2021-08-11 08:10:00,1.2147266106356317e-16,False
2021-08-11 08:20:00,1.1215249202117733e-16,False
2021-08-11 08:30:00,1.1981082294744434e-16,False
2021-08-11 08:40:00,1.1316078089839834e-16,False
2021-08-11 08:50:00,1.0970065945775426e-16,False
2021-08-11 09:00:00,1.2407999549900724e-16,False
2021-08-11 09:10:00,1.0804945539516509e-16,False
2021-08-11 09:20:00,1.2751705760059903e-16,False
2021-08-11 09:30:00,1.093188939021315e-16,False
2021-08-11 09:40:00,1.2449989219705532e-16,False
2021-08-11 09:50:00,1.226117784182348e-16,False
2021-08-11 10:00:00,1.2689642009565055e-16,False
2021-08-11 10:10:00,1.1461103340279334e-16,False
2021-08-11 10:20:00,,False
2021-08-11 10:30:00,1.2337707840148296e-16,False
2021-08-11 10:40:00,1.1889778459054956e-16,False
2021-08-11 10:50:00,1.0901023131011286e-16,False
2021-08-11 11:00:00,,False
2021-08-11 11:10:00,1.244002488407633e-16,False
2021-08-11 11:20:00,1.2739776465179127e-16,False
2021-08-11 11:30:00,1.1757857224251264e-16,False
2021-08-11 11:40:00,1.40735461880228e-16,False
2021-08-11 11:50:00,1.1007047425555433e-16,False
2021-08-11 12:00:00,1.1144552328354278e-16,False
2021-08-11 12:10:00,1.2127102580986774e-16,False
2021-08-11 12:20:00,1.3352069412634707e-16,False
2021-08-11 12:30:00,1.3297874539600438e-16,False
2021-08-11 12:40:00,1.1228540406729163e-16,False
2021-08-11 12:50:00,1.2105183342541125e-16,False
2021-08-11 13:00:00,1.1091773839600513e-16,False
2021-08-11 13:10:00,1.3301711318424456e-16,False
2021-08-11 13:20:00,1.3604708767116292e-16,False
2021-08-11 13:30:00,1.2638441186747088e-16,False
2021-08-11 13:40:00,,False
2021-08-11 13:50:00,1.0295131420047074e-16,False
2021-08-11 14:00:00,1.3397928354461197e-16,False
2021-08-11 14:10:00,1.2979413591027301e-16,False
2021-08-11 14:20:00,1.1434904461022087e-16,False
2021-08-11 14:30:00,1.2883075903995002e-16,False
2021-08-11 14:40:00,,False
2021-08-11 14:50:00,1.2039874926967856e-16,False
2021-08-11 15:00:00,1.091001572367771e-16,False
2021-08-11 15:10:00,1.5179074669608983e-16,False
2021-08-11 15:20:00,1.1314681785087422e-16,False
2021-08-11 15:30:00,1.2815878134908775e-16,False
2021-08-11 15:40:00,1.1229258800263771e-16,False
2021-08-11 15:50:00,1.150725438166765e-16,False
2021-08-11 16:00:00,1.2287237447888944e-16,False
2021-08-11 16:10:00,1.3828130483316345e-16,False
2021-08-11 16:20:00,1.2090961945366365e-16,False
2021-08-11 16:30:00,1.3162084000326818e-16,False
2021-08-11 16:40:00,1.130834985719042e-16,False
2021-08-11 16:50:00,1.0959804426114494e-16,False
2021-08-11 17:00:00,1.186049382784941e-16,False
2021-08-11 17:10:00,1.1462859717645147e-16,False
2021-08-11 17:20:00,1.3946172362068922e-16,False
2021-08-11 17:30:00,1.3923933489807586e-16,False
2021-08-11 17:40:00,1.4180541099229075e-16,False
2021-08-11 17:50:00,1.2793021461154766e-16,False
2021-08-11 18:00:00,1.2686722201876446e-16,False
2021-08-11 18:10:00,1.215448714013342e-16,False
2021-08-11 18:20:00,1.2643786609658507e-16,False
2021-08-11 18:30:00,1.3426334317532637e-16,False
2021-08-11 18:40:00,1.2496805986247568e-16,False
2021-08-11 18:50:00,1.2046879504598002e-16,False
2021-08-11 19:00:00,1.0561579263152535e-16,False
2021-08-11 19:10:00,1.179703873669331e-16,False
2021-08-11 19:20:00,1.3170750558735892e-16,False
2021-08-11 19:30:00,1.3100128561878143e-16,False
2021-08-11 19:40:00,1.37162404647595e-16,False
2021-08-11 19:50:00,1.0479082185765969e-16,False
2021-08-11 20:00:00,1.2205800279778875e-16,False
2021-08-11 20:10:00,1.2809384963829956e-16,False
2021-08-11 20:20:00,1.1516093347908015e-16,False
2021-08-11 20:30:00,1.1819655084625806e-16,False
2021-08-11 20:40:00,1.5230861844856304e-16,False
2021-08-11 20:50:00,1.2678780146996244e-16,False
2021-08-11 21:00:00,1.3266165219085492e-16,False
2021-08-11 21:10:00,1.4003448228295331e-16,False
2021-08-11 21:20:00,1.5185640012333362e-16,False
2021-08-11 21:30:00,1.3750889082929884e-16,False
2021-08-11 21:40:00,1.303302845878686e-16,False
2021-08-11 21:50:00,1.0569587163600046e-16,False
2021-08-11 22:00:00,1.1428671686207252e-16,False
2021-08-11 22:10:00,1.2183574633127565e-16,False
2021-08-11 22:20:00,1.1988640517463854e-16,False
2021-08-11 22:30:00,1.5761695648234305e-16,False
2021-08-11 22:40:00,1.0725467374314055e-16,False
2021-08-11 22:50:00,1.16581145805831e-16,False
2021-08-11 23:00:00,1.0166011414511087e-16,False
2021-08-11 23:10:00,1.221717355667694e-16,False
2021-08-11 23:20:00,1.1904021042233948e-16,False
2021-08-11 23:30:00,1.241797731435667e-16,False
2021-08-11 23:40:00,1.0669723384513593e-16,False
2021-08-11 23:50:00,1.0317582218426875e-16,False
2021-08-12 00:00:00,,False
2021-08-12 00:10:00,1.0547446375086295e-16,False
2021-08-12 00:20:00,1.160998640415046e-16,False
2021-08-12 00:30:00,1.26294608820745e-16,False
2021-08-12 00:40:00,1.408640571248587e-16,False
2021-08-12 00:50:00,1.308845507222487e-16,False
2021-08-12 01:00:00,1.1215899330458302e-16,False
2021-08-12 01:10:00,1.2944866090190715e-16,False
2021-08-12 01:20:00,1.1485654195197864e-16,False
2021-08-12 01:30:00,1.2777823368660595e-16,False
2021-08-12 01:40:00,1.181454830778118e-16,False
2021-08-12 01:50:00,1.1340522642013393e-16,False
2021-08-12 02:00:00,1.1726832595979541e-16,False
2021-08-12 02:10:00,1.1165788512871857e-16,False
2021-08-12 02:20:00,1.2176411483298632e-16,False
2021-08-12 02:30:00,1.2859605286203317e-16,False
2021-08-12 02:40:00,,False
2021-08-12 02:50:00,1.2176850766659554e-16,False
2021-08-12 03:00:00,,False
2021-08-12 03:10:00,1.2170924494966789e-16,False
2021-08-12 03:20:00,1.1815241246645403e-16,False
2021-08-12 03:30:00,1.1580908332728129e-16,False
2021-08-12 03:40:00,1.361264208931792e-16,False
2021-08-12 03:50:00,1.1418858233607078e-16,False
2021-08-12 04:00:00,1.3473122702845913e-16,False
2021-08-12 04:10:00,,False
2021-08-12 04:20:00,1.1051549842734978e-16,False
2021-08-12 04:30:00,1.087188082921717e-16,False
2021-08-12 04:40:00,9.870583176599683e-17,False
2021-08-12 04:50:00,,False
2021-08-12 05:00:00,1.14015649489308e-16,False
2021-08-12 05:10:00,1.2122031972769455e-16,False
2021-08-12 05:20:00,1.1243240305569398e-16,False
2021-08-12 05:30:00,1.1227959014239277e-16,False
2021-08-12 05:40:00,1.2681038819848258e-16,False
2021-08-12 05:50:00,1.1192345276215243e-16,False
2021-08-12 06:00:00,1.0889998650147503e-16,False
2021-08-12 06:10:00,1.0307546163721877e-16,False
2021-08-12 06:20:00,1.4265497619031126e-16,False
2021-08-12 06:30:00,1.1438562585082583e-16,False
2021-08-12 06:40:00,1.2738466218174712e-16,False
2021-08-12 06:50:00,1.3112477232469763e-16,False
2021-08-12 07:00:00,1.3283263091146093e-16,False
2021-08-12 07:10:00,1.1645582754472206e-16,False
2021-08-12 07:20:00,1.2085931223092623e-16,False
2021-08-12 07:30:00,1.3530480512861408e-16,False
2021-08-12 07:40:00,1.1109115984859906e-16,False
2021-08-12 07:50:00,1.1853892942891159e-16,False
2021-08-12 08:00:00,1.1769670549580578e-16,False
2021-08-12 08:10:00,1.0832225164695616e-16,False
2021-08-12 08:20:00,1.3167053494940367e-16,False
2021-08-12 08:30:00,1.1778026690441817e-16,False
2021-08-12 08:40:00,1.0453871988988647e-16,False
2021-08-12 08:50:00,1.275646141114078e-16,False
2021-08-12 09:00:00,1.172218578818907e-16,False
2021-08-12 09:10:00,1.0467898780517263e-16,False
2021-08-12 09:20:00,1.1747303968056153e-16,False
2021-08-12 09:30:00,1.322752457034294e-16,False
2021-08-12 09:40:00,1.1638422543073066e-16,False
2021-08-12 09:50:00,1.279628895163347e-16,False
2021-08-12 10:00:00,1.0701194983942265e-16,False
2021-08-12 10:10:00,9.574040205055349e-17,False
2021-08-12 10:20:00,1.1208159201494382e-16,False
2021-08-12 10:30:00,1.1774713021588008e-16,False
2021-08-12 10:40:00,1.401186414993316e-16,False
2021-08-12 10:50:00,1.2667351795164646e-16,False
2021-08-12 11:00:00,1.1166303353681324e-16,False
2021-08-12 11:10:00,1.234998510945957e-16,False
2021-08-12 11:20:00,1.216358658201492e-16,False
2021-08-12 11:30:00,1.170415399613734e-16,False
2021-08-12 11:40:00,9.856397282498008e-17,False
2021-08-12 11:50:00,1.3786284845100398e-16,False
2021-08-12 12:00:00,1.3219973904218339e-16,False
2021-08-12 12:10:00,1.2088009105042074e-16,False
2021-08-12 12:20:00,1.3312402143240355e-16,False
2021-08-12 12:30:00,1.14301145251284e-16,False
2021-08-12 12:40:00,1.3073998082280806e-16,False
2021-08-12 12:50:00,1.3226614437022666e-16,False
2021-08-12 13:00:00,1.1092554311038018e-16,False
2021-08-12 13:10:00,1.078041040826694e-16,False
2021-08-12 13:20:00,1.185643429213644e-16,False
2021-08-12 13:30:00,1.4214223368245339e-16,False
2021-08-12 13:40:00,1.2677731560336083e-16,False
2021-08-12 13:50:00,1.2192045398698218e-16,False
2021-08-12 14:00:00,,False
2021-08-12 14:10:00,1.1570199109592018e-16,False
2021-08-12 14:20:00,1.225332970925603e-16,False
2021-08-12 14:30:00,1.490129139639925e-16,False
2021-08-12 14:40:00,1.26796466422792e-16,False
2021-08-12 14:50:00,8.777871481527481e-17,False
2021-08-12 15:00:00,1.4116976767812886e-16,False
2021-08-12 15:10:00,1.136724967459652e-16,False
2021-08-12 15:20:00,1.2026211762821173e-16,False
2021-08-12 15:30:00,1.376649776074257e-16,False
2021-08-12 15:40:00,1.1436336866825583e-16,False
2021-08-12 15:50:00,1.319555029758752e-16,False
2021-08-12 16:00:00,1.3005673865975592e-16,False
2021-08-12 16:10:00,1.1350369261187186e-16,False
2021-08-12 16:20:00,1.033734304761336e-16,False
2021-08-12 16:30:00,1.2130360046851355e-16,False
2021-08-12 16:40:00,1.1489576819065362e-16,False
2021-08-12 16:50:00,1.1409048469214423e-16,False
2021-08-12 17:00:00,1.1456550856464426e-16,False
2021-08-12 17:10:00,1.3729491486935668e-16,False
2021-08-12 17:20:00,1.2398784139699315e-16,False
2021-08-12 17:30:00,1.2773174360761148e-16,False
2021-08-12 17:40:00,,False
2021-08-12 17:50:00,1.3340609701525202e-16,False
2021-08-12 18:00:00,1.0781888208510351e-16,False
2021-08-12 18:10:00,1.0584841895192848e-16,False
2021-08-12 18:20:00,1.1832688186941078e-16,False
2021-08-12 18:30:00,1.2045736202887212e-16,False
2021-08-12 18:40:00,1.180419832742462e-16,False
2021-08-12 18:50:00,1.203926525626358e-16,False
2021-08-12 19:00:00,1.2925106550647785e-16,False
2021-08-12 19:10:00,1.1438615026577848e-16,False
2021-08-12 19:20:00,,False
2021-08-12 19:30:00,1.2246194362184204e-16,False
2021-08-12 19:40:00,,False
2021-08-12 19:50:00,1.1426411186688775e-16,False
2021-08-12 20:00:00,1.274788354763383e-16,False
2021-08-12 20:10:00,1.3432351463296337e-16,False
2021-08-12 20:20:00,1.080838406691646e-16,False
2021-08-12 20:30:00,1.4545573759395573e-16,False
2021-08-12 20:40:00,9.992472089461431e-17,False
2021-08-12 20:50:00,1.2823080958382683e-16,False
2021-08-12 21:00:00,1.3343563619847565e-16,False
2021-08-12 21:10:00,1.2916808055804776e-16,False
2021-08-12 21:20:00,1.1106427656068127e-16,False
2021-08-12 21:30:00,1.305859042990781e-16,False
2021-08-12 21:40:00,1.6381309394485207e-16,False
2021-08-12 21:50:00,1.1405902337252616e-16,False
2021-08-12 22:00:00,1.1401364835221125e-16,False
2021-08-12 22:10:00,1.4272110343165977e-16,False
2021-08-12 22:20:00,1.2257171428505413e-16,False
2021-08-12 22:30:00,1.2532452316195706e-16,False
2021-08-12 22:40:00,1.0752926631576467e-16,False
2021-08-12 22:50:00,1.2467860396875765e-16,False
2021-08-12 23:00:00,1.2208261223196195e-16,False
2021-08-12 23:10:00,1.1682112294339432e-16,False
2021-08-12 23:20:00,,False
2021-08-12 23:30:00,1.2653372244712712e-16,False
2021-08-12 23:40:00,1.129385609802516e-16,False
2021-08-12 23:50:00,1.1865605131777428e-16,False
2021-08-13 00:00:00,1.2416067156664658e-16,False
2021-08-13 00:10:00,1.3140493058135723e-16,False
2021-08-13 00:20:00,1.1445602543240428e-16,False
2021-08-13 00:30:00,1.3927697804297835e-16,False
2021-08-13 00:40:00,1.3491721911272832e-16,False
2021-08-13 00:50:00,1.2642888269836817e-16,False
2021-08-13 01:00:00,1.1805857114434069e-16,False
2021-08-13 01:10:00,1.141407991871104e-16,False
2021-08-13 01:20:00,,False
2021-08-13 01:30:00,9.865023192136367e-17,False
2021-08-13 01:40:00,1.205408886062053e-16,False
2021-08-13 01:50:00,1.4496678961004427e-16,False
2021-08-13 02:00:00,1.128459875468599e-16,False
2021-08-13 02:10:00,1.2052199045111735e-16,False
2021-08-13 02:20:00,1.1799534897717152e-16,False
2021-08-13 02:30:00,1.11711483279885e-16,False
2021-08-13 02:40:00,1.3012042733973002e-16,False
2021-08-13 02:50:00,1.2399532631261068e-16,False
2021-08-13 03:00:00,1.4201649896121194e-16,False
2021-08-13 03:10:00,1.1339853681592393e-16,False
2021-08-13 03:20:00,1.1047939658580629e-16,False
2021-08-13 03:30:00,1.216445859779733e-16,False
2021-08-13 03:40:00,1.1804264981563145e-16,False
2021-08-13 03:50:00,1.136922366557772e-16,False
2021-08-13 04:00:00,1.2401425079956737e-16,False
2021-08-13 04:10:00,1.1663630226508919e-16,False
2021-08-13 04:20:00,1.32501406507471e-16,False
2021-08-13 04:30:00,1.2258933481618637e-16,False
2021-08-13 04:40:00,1.3791237410319578e-16,False
2021-08-13 04:50:00,1.2043765770529752e-16,False
2021-08-13 05:00:00,1.3198468438966216e-16,False
2021-08-13 05:10:00,1.2376171475885092e-16,False
2021-08-13 05:20:00,,False
2021-08-13 05:30:00,1.45352260856792e-16,False
2021-08-13 05:40:00,1.3999725034332645e-16,False
2021-08-13 05:50:00,1.1707735246609375e-16,False
2021-08-13 06:00:00,1.5272031514077998e-16,False
2021-08-13 06:10:00,1.2114151660155594e-16,False
2021-08-13 06:20:00,1.2003108932592048e-16,False
2021-08-13 06:30:00,1.28591889033368e-16,False
2021-08-13 06:40:00,1.1782340056923046e-16,False
2021-08-13 06:50:00,1.4031343102990086e-16,False
2021-08-13 07:00:00,1.2504168610679534e-16,False
2021-08-13 07:10:00,1.3357495494938386e-16,False
2021-08-13 07:20:00,1.45347305015179e-16,False
2021-08-13 07:30:00,1.2079344482111315e-16,False
2021-08-13 07:40:00,1.342221489993252e-16,False
2021-08-13 07:50:00,1.122233519641935e-16,False
2021-08-13 08:00:00,1.1561248016345702e-16,False
2021-08-13 08:10:00,1.1827505572908268e-16,False
2021-08-13 08:20:00,1.1159420599204464e-16,False
2021-08-13 08:30:00,1.2050163279796905e-16,False
2021-08-13 08:40:00,1.0614487786396434e-16,False
2021-08-13 08:50:00,1.2984779001388749e-16,False
2021-08-13 09:00:00,1.0974108876803442e-16,False
2021-08-13 09:10:00,1.2129125556335078e-16,False
2021-08-13 09:20:00,1.3389777181105195e-16,False
2021-08-13 09:30:00,1.263248809665803e-16,False
2021-08-13 09:40:00,1.07173238223354e-16,False
2021-08-13 09:50:00,1.2794676678288262e-16,False
2021-08-13 10:00:00,9.574573403746235e-17,False
2021-08-13 10:10:00,1.2311530956909045e-16,False
2021-08-13 10:20:00,1.1438796225604863e-16,False
2021-08-13 10:30:00,1.186841638515726e-16,False
2021-08-13 10:40:00,1.3235289567686023e-16,False
2021-08-13 10:50:00,1.229243713263471e-16,False
2021-08-13 11:00:00,1.3779170420881788e-16,False
2021-08-13 11:10:00,1.1544732084621526e-16,False
2021-08-13 11:20:00,1.1430310056899537e-16,False
2021-08-13 11:30:00,1.1622745312812466e-16,False
2021-08-13 11:40:00,1.3294186130268704e-16,False
2021-08-13 11:50:00,1.3041068200472316e-16,False
2021-08-13 12:00:00,1.0742203067161091e-16,False
2021-08-13 12:10:00,1.2174522520555369e-16,False
2021-08-13 12:20:00,1.3549553424142245e-16,False
2021-08-13 12:30:00,1.1839194718120347e-16,False
2021-08-13 12:40:00,1.1242094609022602e-16,False
2021-08-13 12:50:00,,False
2021-08-13 13:00:00,1.2943472953955072e-16,False
2021-08-13 13:10:00,1.115599528517962e-16,False
2021-08-13 13:20:00,1.0218858695357096e-16,False
2021-08-13 13:30:00,1.1128429865835435e-16,False
2021-08-13 13:40:00,1.3423474525215936e-16,False
2021-08-13 13:50:00,1.154601758497897e-16,False
2021-08-13 14:00:00,1.4247988580573828e-16,False
2021-08-13 14:10:00,1.155326912896388e-16,False
2021-08-13 14:20:00,1.0829424151639433e-16,False
2021-08-13 14:30:00,,False
2021-08-13 14:40:00,1.2281846065291857e-16,False
2021-08-13 14:50:00,,False
2021-08-13 15:00:00,1.1466475148730847e-16,False
2021-08-13 15:10:00,1.3429364102968946e-16,False
2021-08-13 15:20:00,,False
2021-08-13 15:30:00,1.205139289897403e-16,False
2021-08-13 15:40:00,1.4390065013287362e-16,False
2021-08-13 15:50:00,,False
2021-08-13 16:00:00,1.0406907090864415e-16,False
2021-08-13 16:10:00,1.3022798963053045e-16,False
2021-08-13 16:20:00,1.2234474198785118e-16,False
2021-08-13 16:30:00,1.248817574128928e-16,False
2021-08-13 16:40:00,1.3104317774027912e-16,False
2021-08-13 16:50:00,9.327224004793467e-17,False
2021-08-13 17:00:00,1.3042257734426196e-16,False
2021-08-13 17:10:00,1.0886858368353678e-16,False
2021-08-13 17:20:00,1.1127375613578334e-16,False
2021-08-13 17:30:00,1.291885519717323e-16,False
2021-08-13 17:40:00,1.0550428366069099e-16,False
2021-08-13 17:50:00,1.444327873862008e-16,False
2021-08-13 18:00:00,1.2170213989789415e-16,False
2021-08-13 18:10:00,9.954232776164506e-17,False
2021-08-13 18:20:00,,False
2021-08-13 18:30:00,1.2921024461857544e-16,False
2021-08-13 18:40:00,9.843457077673211e-17,False
2021-08-13 18:50:00,1.3466030278959517e-16,False
2021-08-13 19:00:00,1.1248712575035875e-16,False
2021-08-13 19:10:00,1.3915494009359004e-16,False
2021-08-13 19:20:00,1.1792861768938702e-16,False
2021-08-13 19:30:00,1.27368000564234e-16,False
2021-08-13 19:40:00,1.2526116538053982e-16,False
2021-08-13 19:50:00,1.341440847581487e-16,False
2021-08-13 20:00:00,1.3993645582762293e-16,False
2021-08-13 20:10:00,1.2457030182133968e-16,False
2021-08-13 20:20:00,1.327220255501588e-16,False
2021-08-13 20:30:00,1.217982570232412e-16,False
2021-08-13 20:40:00,9.854051638681248e-17,False
2021-08-13 20:50:00,1.260472245059725e-16,False
2021-08-13 21:00:00,1.312734352662491e-16,False
2021-08-13 21:10:00,1.2889992497889582e-16,False
2021-08-13 21:20:00,1.1064809877226934e-16,False
2021-08-13 21:30:00,1.1561846659343826e-16,False
2021-08-13 21:40:00,1.2396020365240783e-16,False
2021-08-13 21:50:00,1.117229753915039e-16,False
2021-08-13 22:00:00,9.757162032545722e-17,False
2021-08-13 22:10:00,1.1486870965386163e-16,False
2021-08-13 22:20:00,,False
2021-08-13 22:30:00,1.2705146919144934e-16,False
2021-08-13 22:40:00,1.2795857062372956e-16,False
2021-08-13 22:50:00,1.3039563916587613e-16,False
2021-08-13 23:00:00,1.0238620849090245e-16,False
2021-08-13 23:10:00,1.237293864155999e-16,False
2021-08-13 23:20:00,1.1747389778077303e-16,False
2021-08-13 23:30:00,,False
2021-08-13 23:40:00,1.2822392900892155e-16,False
2021-08-13 23:50:00,1.521355544988345e-16,False
2021-08-14 00:00:00,1.4188598457970394e-16,False
2021-08-14 00:10:00,1.2500539875418072e-16,False
2021-08-14 00:20:00,1.4037052356693776e-16,False
2021-08-14 00:30:00,1.1766445761006708e-16,False
2021-08-14 00:40:00,1.0940465889499611e-16,False
2021-08-14 00:50:00,1.1898500145131306e-16,False
2021-08-14 01:00:00,1.1956351658872716e-16,False
2021-08-14 01:10:00,1.3302777008998925e-16,False
2021-08-14 01:20:00,1.3416002439763236e-16,False
2021-08-14 01:30:00,1.2548633514251094e-16,False
2021-08-14 01:40:00,1.123651360903993e-16,False
2021-08-14 01:50:00,1.3432066003486949e-16,False
2021-08-14 02:00:00,1.1243137492922804e-16,False
2021-08-14 02:10:00,1.2558065874306341e-16,False
2021-08-14 02:20:00,1.2114324946188735e-16,False
2021-08-14 02:30:00,1.2151196564257993e-16,False
2021-08-14 02:40:00,1.3563635307324376e-16,False
2021-08-14 02:50:00,1.32748901155855e-16,False
2021-08-14 03:00:00,1.1835617250649098e-16,False
2021-08-14 03:10:00,,False
2021-08-14 03:20:00,1.2076395059375235e-16,False
2021-08-14 03:30:00,1.2826642359450705e-16,False
2021-08-14 03:40:00,1.119637196607815e-16,False
2021-08-14 03:50:00,1.3578875408274876e-16,False
2021-08-14 04:00:00,1.433028935829775e-16,False
2021-08-14 04:10:00,1.366044914505115e-16,False
2021-08-14 04:20:00,1.3133602225423599e-16,False
2021-08-14 04:30:00,1.1935393458719443e-16,False
2021-08-14 04:40:00,,False
2021-08-14 04:50:00,,False
2021-08-14 05:00:00,1.2967399514981025e-16,False
2021-08-14 05:10:00,,False
2021-08-14 05:20:00,1.1909487480677393e-16,False
2021-08-14 05:30:00,1.4173575832579203e-16,False
2021-08-14 05:40:00,1.405522459183531e-16,False
2021-08-14 05:50:00,1.0218717797096217e-16,False
2021-08-14 06:00:00,1.2940165888523547e-16,False
2021-08-14 06:10:00,1.1897917447896707e-16,False
2021-08-14 06:20:00,1.1797313150750804e-16,False
2021-08-14 06:30:00,1.2065245601474955e-16,False
2021-08-14 06:40:00,1.0896341487539565e-16,False
2021-08-14 06:50:00,1.0432885259989525e-16,False
2021-08-14 07:00:00,1.2574239636547717e-16,False
2021-08-14 07:10:00,1.1378011452559012e-16,False
2021-08-14 07:20:00,1.245060073869092e-16,False
2021-08-14 07:30:00,1.4657746894696715e-16,False
2021-08-14 07:40:00,9.787375322523211e-17,False
2021-08-14 07:50:00,9.349755723546278e-17,False
2021-08-14 08:00:00,1.063907478136924e-16,False
2021-08-14 08:10:00,1.1738612877868197e-16,False
2021-08-14 08:20:00,1.304130762290657e-16,False
2021-08-14 08:30:00,9.6901795373277e-17,False
2021-08-14 08:40:00,1.2440085499519071e-16,False
2021-08-14 08:50:00,1.1595540606725493e-16,False
2021-08-14 09:00:00,1.2544532789370685e-16,False
2021-08-14 09:10:00,1.1926759023356483e-16,False
2021-08-14 09:20:00,1.2988561980507324e-16,False
2021-08-14 09:30:00,1.0614775387961931e-16,False
2021-08-14 09:40:00,1.2045234374572047e-16,False
2021-08-14 09:50:00,1.2495144419720902e-16,False
2021-08-14 10:00:00,1.2545953486250123e-16,False
2021-08-14 10:10:00,1.1004178821759815e-16,False
2021-08-14 10:20:00,1.285734015035892e-16,False
2021-08-14 10:30:00,1.3432858609109027e-16,False
2021-08-14 10:40:00,1.33135793916773e-16,False
2021-08-14 10:50:00,1.217784687745549e-16,False
2021-08-14 11:00:00,1.1944934431342713e-16,False
2021-08-14 11:10:00,1.1760736442512847e-16,False
2021-08-14 11:20:00,1.465151846103471e-16,False
2021-08-14 11:30:00,1.1337567849013442e-16,False
2021-08-14 11:40:00,1.145169255917019e-16,False
2021-08-14 11:50:00,1.2624602157403781e-16,False
2021-08-14 12:00:00,1.215191220172116e-16,False
2021-08-14 12:10:00,1.0179904704187145e-16,False
2021-08-14 12:20:00,1.178133680759432e-16,False
2021-08-14 12:30:00,1.610720077543467e-16,False
2021-08-14 12:40:00,1.2625222423580162e-16,False
2021-08-14 12:50:00,1.1706065663531223e-16,False
2021-08-14 13:00:00,1.1987587578436678e-16,False
2021-08-14 13:10:00,1.2192868093812158e-16,False
2021-08-14 13:20:00,1.1979792384014814e-16,False
2021-08-14 13:30:00,1.251179342533642e-16,False
2021-08-14 13:40:00,1.2106229764046457e-16,False
2021-08-14 13:50:00,1.0416284686774654e-16,False
2021-08-14 14:00:00,1.2672275881926082e-16,False
2021-08-14 14:10:00,1.117981025811377e-16,False
2021-08-14 14:20:00,1.0652462262877387e-16,False
2021-08-14 14:30:00,1.229373693068159e-16,False
2021-08-14 14:40:00,1.343188256564066e-16,False
2021-08-14 14:50:00,1.1934368829080025e-16,False
2021-08-14 15:00:00,1.0260519980339945e-16,False
2021-08-14 15:10:00,1.1719104019639375e-16,False
2021-08-14 15:20:00,1.1451322331938043e-16,False
2021-08-14 15:30:00,1.212667295248867e-16,False
2021-08-14 15:40:00,1.219983439338707e-16,False
2021-08-14 15:50:00,1.27199652857044e-16,False
2021-08-14 16:00:00,1.2229794550333668e-16,False
2021-08-14 16:10:00,1.0681876114041229e-16,False
2021-08-14 16:20:00,1.0174849104363229e-16,False
2021-08-14 16:30:00,1.1682735493748253e-16,False
2021-08-14 16:40:00,1.3502983019573846e-16,False
2021-08-14 16:50:00,9.9053897597623e-17,False
2021-08-14 17:00:00,1.1058184269255853e-16,False
2021-08-14 17:10:00,1.295784053628802e-16,False
2021-08-14 17:20:00,1.3023067321180423e-16,False
2021-08-14 17:30:00,1.1231737100453387e-16,False
2021-08-14 17:40:00,1.3465438637795847e-16,False
2021-08-14 17:50:00,1.3799743346665812e-16,False
2021-08-14 18:00:00,1.2008438263253533e-16,False
2021-08-14 18:10:00,1.0551036128212508e-16,False
2021-08-14 18:20:00,1.5583061302476117e-16,False
2021-08-14 18:30:00,1.3090524109366124e-16,False
2021-08-14 18:40:00,1.183156165619152e-16,False
2021-08-14 18:50:00,1.1699380884344228e-16,False
2021-08-14 19:00:00,1.109893233511736e-16,False
2021-08-14 19:10:00,1.1455472933658858e-16,False
2021-08-14 19:20:00,1.3004038568612133e-16,False
2021-08-14 19:30:00,1.219208726197903e-16,False
2021-08-14 19:40:00,1.1667016780360924e-16,False
2021-08-14 19:50:00,1.0601333899091443e-16,False
2021-08-14 20:00:00,1.3050398423649762e-16,False
2021-08-14 20:10:00,1.006421913944621e-16,False
2021-08-14 20:20:00,1.0455177063287657e-16,False
2021-08-14 20:30:00,1.1770447836738844e-16,False
2021-08-14 20:40:00,1.2742431134792537e-16,False
2021-08-14 20:50:00,1.134737859777817e-16,False
2021-08-14 21:00:00,1.1465727760330316e-16,False
2021-08-14 21:10:00,1.1849877010686083e-16,False
2021-08-14 21:20:00,1.325404223399652e-16,False
2021-08-14 21:30:00,1.3534871295475445e-16,False
2021-08-14 21:40:00,1.2045888053032613e-16,False
2021-08-14 21:50:00,1.3086623444317164e-16,False
2021-08-14 22:00:00,1.1516258118920462e-16,False
2021-08-14 22:10:00,1.3111046396169816e-16,False
2021-08-14 22:20:00,1.2126118415690494e-16,False
2021-08-14 22:30:00,1.5451660627288255e-16,False
2021-08-14 22:40:00,1.0551904833818989e-16,False
2021-08-14 22:50:00,1.2065810249478737e-16,False
2021-08-14 23:00:00,1.2441977126383884e-16,False
2021-08-14 23:10:00,1.3267582060371558e-16,False
2021-08-14 23:20:00,,False
2021-08-14 23:30:00,1.1693793859409173e-16,False
2021-08-14 23:40:00,1.2284371862629876e-16,False
2021-08-14 23:50:00,1.309102633818944e-16,False
2021-08-15 00:00:00,1.4394984980840953e-16,False
2021-08-15 00:10:00,1.3493814784842183e-16,False
2021-08-15 00:20:00,1.1412895477190497e-16,False
2021-08-15 00:30:00,1.1442146655015275e-16,False
2021-08-15 00:40:00,1.162911731808275e-16,False
2021-08-15 00:50:00,1.1120710981112463e-16,False
2021-08-15 01:00:00,1.0591221956301331e-16,False
2021-08-15 01:10:00,1.2537169984884697e-16,False
2021-08-15 01:20:00,1.1174301711127266e-16,False
2021-08-15 01:30:00,1.2427842211765525e-16,False
2021-08-15 01:40:00,1.326398460154879e-16,False
2021-08-15 01:50:00,1.3386934987459433e-16,False
2021-08-15 02:00:00,1.1180646411420289e-16,False
2021-08-15 02:10:00,1.2415298279559916e-16,False
2021-08-15 02:20:00,1.2559190634710366e-16,False
2021-08-15 02:30:00,1.3526491767419213e-16,False
2021-08-15 02:40:00,1.2941397238871124e-16,False
2021-08-15 02:50:00,1.253423020782063e-16,False
2021-08-15 03:00:00,1.2753812432306817e-16,False
2021-08-15 03:10:00,,False
2021-08-15 03:20:00,1.2445323520422854e-16,False
2021-08-15 03:30:00,1.211410675618658e-16,False
2021-08-15 03:40:00,1.2310099627901688e-16,False
2021-08-15 03:50:00,1.3110339343106628e-16,False
2021-08-15 04:00:00,9.658746872331983e-17,False
2021-08-15 04:10:00,1.130587060069803e-16,False
2021-08-15 04:20:00,1.2000264479447104e-16,False
2021-08-15 04:30:00,1.0829482764950439e-16,False
2021-08-15 04:40:00,1.2103918836153744e-16,False
2021-08-15 04:50:00,1.0517817173881232e-16,False
2021-08-15 05:00:00,1.0393789992830726e-16,False
2021-08-15 05:10:00,1.39627784609315e-16,False
2021-08-15 05:20:00,1.4096588499930701e-16,False
2021-08-15 05:30:00,1.5261811216396852e-16,False
2021-08-15 05:40:00,1.3858138554150992e-16,False
2021-08-15 05:50:00,1.2221487311275057e-16,False
2021-08-15 06:00:00,1.1215142872811882e-16,False
2021-08-15 06:10:00,1.2535392305687275e-16,False
2021-08-15 06:20:00,1.320784629052723e-16,False
2021-08-15 06:30:00,1.3501898266517927e-16,False
2021-08-15 06:40:00,1.3954892921604913e-16,False
2021-08-15 06:50:00,1.0710210539133279e-16,False
2021-08-15 07:00:00,9.773908292845595e-17,False
2021-08-15 07:10:00,1.1785706602993637e-16,False
2021-08-15 07:20:00,1.1592115027422756e-16,False
2021-08-15 07:30:00,1.2784366966641683e-16,False
2021-08-15 07:40:00,1.0217918649846389e-16,False
2021-08-15 07:50:00,1.0947780691673034e-16,False
2021-08-15 08:00:00,1.2796907606285915e-16,False
2021-08-15 08:10:00,1.2578106685801242e-16,False
2021-08-15 08:20:00,1.198835257601103e-16,False
2021-08-15 08:30:00,1.5036791218355177e-16,False
2021-08-15 08:40:00,1.2124164617537893e-16,False
2021-08-15 08:50:00,,False
2021-08-15 09:00:00,1.4060284140503596e-16,False
2021-08-15 09:10:00,1.2943351791932717e-16,False
2021-08-15 09:20:00,1.1294006695215058e-16,False
2021-08-15 09:30:00,1.1522583169829744e-16,False
2021-08-15 09:40:00,1.2843766099262309e-16,False
2021-08-15 09:50:00,9.897830261372307e-17,False
2021-08-15 10:00:00,1.4362241944253215e-16,False
2021-08-15 10:10:00,1.2067318016536686e-16,False
2021-08-15 10:20:00,1.1952395679013557e-16,False
2021-08-15 10:30:00,1.242952444868651e-16,False
2021-08-15 10:40:00,1.1228030699739156e-16,False
2021-08-15 10:50:00,1.1175612950190025e-16,False
2021-08-15 11:00:00,1.1334567786317627e-16,False
2021-08-15 11:10:00,1.1246368719057514e-16,False
2021-08-15 11:20:00,1.2825753535416597e-16,False
2021-08-15 11:30:00,1.1263538725225417e-16,False
2021-08-15 11:40:00,1.000256366010058e-16,False
2021-08-15 11:50:00,1.5203259030394888e-16,False
2021-08-15 12:00:00,,False
2021-08-15 12:10:00,1.1860018010171078e-16,False
2021-08-15 12:20:00,1.213457916232444e-16,False
2021-08-15 12:30:00,1.325365046246719e-16,False
2021-08-15 12:40:00,1.2147893819759344e-16,False
2021-08-15 12:50:00,1.1823665908742003e-16,False
2021-08-15 13:00:00,1.1545671739021847e-16,False
2021-08-15 13:10:00,1.2910874962084302e-16,False
2021-08-15 13:20:00,1.2300707824350077e-16,False
2021-08-15 13:30:00,1.0449053434802239e-16,False
2021-08-15 13:40:00,1.4645079088573988e-16,False
2021-08-15 13:50:00,1.2022789412902845e-16,False
2021-08-15 14:00:00,1.4854121765604023e-16,False
2021-08-15 14:10:00,9.710407550559675e-17,False
2021-08-15 14:20:00,1.1854818297994357e-16,False
2021-08-15 14:30:00,1.3241149732713387e-16,False
2021-08-15 14:40:00,1.224793730401264e-16,False
2021-08-15 14:50:00,1.2329615027573196e-16,False
2021-08-15 15:00:00,1.1186269396138126e-16,False
2021-08-15 15:10:00,1.253729166501368e-16,False
2021-08-15 15:20:00,1.308384751596284e-16,False
2021-08-15 15:30:00,1.1694330948285667e-16,False
2021-08-15 15:40:00,,False
2021-08-15 15:50:00,1.095461130185952e-16,False
2021-08-15 16:00:00,1.2728023891940542e-16,False
2021-08-15 16:10:00,1.1759715029850492e-16,False
2021-08-15 16:20:00,1.3118540927869113e-16,False
2021-08-15 16:30:00,1.3277823503198888e-16,False
2021-08-15 16:40:00,1.3559970803299407e-16,False
2021-08-15 16:50:00,1.3646778775218437e-16,False
2021-08-15 17:00:00,1.229737257994346e-16,False
2021-08-15 17:10:00,1.379342261985503e-16,False
2021-08-15 17:20:00,,False
2021-08-15 17:30:00,1.2223173959737755e-16,False
2021-08-15 17:40:00,1.403365174828034e-16,False
2021-08-15 17:50:00,1.4377816243983227e-16,False
2021-08-15 18:00:00,1.2640198441596883e-16,False
2021-08-15 18:10:00,1.3289578365721373e-16,False
2021-08-15 18:20:00,1.2224090101398682e-16,False
2021-08-15 18:30:00,1.3016222541855298e-16,False
2021-08-15 18:40:00,,False
2021-08-15 18:50:00,1.1912224015727176e-16,False
2021-08-15 19:00:00,1.0873495144548968e-16,False
2021-08-15 19:10:00,1.3084920544832498e-16,False
2021-08-15 19:20:00,,False
2021-08-15 19:30:00,1.0927615583145587e-16,False
2021-08-15 19:40:00,1.3040956345500664e-16,False
2021-08-15 19:50:00,1.3883234382607713e-16,False
2021-08-15 20:00:00,1.3809048839493198e-16,False
2021-08-15 20:10:00,1.0900550490579928e-16,False
2021-08-15 20:20:00,1.210116378782736e-16,False
2021-08-15 20:30:00,1.1862757578153146e-16,False
2021-08-15 20:40:00,1.0607950215185073e-16,False
2021-08-15 20:50:00,1.400518126004277e-16,False
2021-08-15 21:00:00,,False
2021-08-15 21:10:00,1.340245088019465e-16,False
2021-08-15 21:20:00,,False
2021-08-15 21:30:00,1.2467526098148045e-16,False
2021-08-15 21:40:00,1.1215083938445014e-16,False
2021-08-15 21:50:00,1.1758870354028985e-16,False
2021-08-15 22:00:00,1.325553331599539e-16,False
2021-08-15 22:10:00,1.2201434814904716e-16,False
2021-08-15 22:20:00,1.4174816719608823e-16,False
2021-08-15 22:30:00,1.0976917973053835e-16,False
2021-08-15 22:40:00,1.527365028013879e-16,False
2021-08-15 22:50:00,1.5234001315245327e-16,False
2021-08-15 23:00:00,1.2242221765096902e-16,False
2021-08-15 23:10:00,1.1717024988329438e-16,False
2021-08-15 23:20:00,,False
2021-08-15 23:30:00,9.972864209765544e-17,False
2021-08-15 23:40:00,,False
2021-08-15 23:50:00,1.1913024627988543e-16,False
2021-08-16 00:00:00,1.3832575016719808e-16,False
2021-08-16 00:10:00,1.36351328454725e-16,False
2021-08-16 00:20:00,1.1909299588291554e-16,False
2021-08-16 00:30:00,1.0873806069520531e-16,False
2021-08-16 00:40:00,1.0991573709460137e-16,False
2021-08-16 00:50:00,1.1422850238965316e-16,False
2021-08-16 01:00:00,1.3736648727844045e-16,False
2021-08-16 01:10:00,1.1146758604835865e-16,False
2021-08-16 01:20:00,1.066099299981544e-16,False
2021-08-16 01:30:00,,False
2021-08-16 01:40:00,1.0769571291003262e-16,False
2021-08-16 01:50:00,1.1912927999446632e-16,False
2021-08-16 02:00:00,1.2347555336409023e-16,False
2021-08-16 02:10:00,1.342612721865431e-16,False
2021-08-16 02:20:00,1.230277753268966e-16,False
2021-08-16 02:30:00,1.0005477410921606e-16,False
2021-08-16 02:40:00,1.1182823391771802e-16,False
2021-08-16 02:50:00,1.1547107119281842e-16,False
2021-08-16 03:00:00,1.355233558187997e-16,False
2021-08-16 03:10:00,1.2762242310988375e-16,False
2021-08-16 03:20:00,1.322496641227182e-16,False
2021-08-16 03:30:00,1.0733845249484135e-16,False
2021-08-16 03:40:00,1.1118756655123968e-16,False
2021-08-16 03:50:00,1.2561419569060135e-16,False
2021-08-16 04:00:00,1.210204424105104e-16,False
2021-08-16 04:10:00,1.0440439046476419e-16,False
2021-08-16 04:20:00,1.122174897732728e-16,False
2021-08-16 04:30:00,1.128368838126532e-16,False
2021-08-16 04:40:00,1.0955183822431228e-16,False
2021-08-16 04:50:00,1.178798128610843e-16,False
2021-08-16 05:00:00,1.1978912918846322e-16,False
2021-08-16 05:10:00,1.2317966203710995e-16,False
2021-08-16 05:20:00,1.154338797665751e-16,False
2021-08-16 05:30:00,1.3039431849882373e-16,False
2021-08-16 05:40:00,1.1207864328997245e-16,False
2021-08-16 05:50:00,1.176323539885967e-16,False
2021-08-16 06:00:00,1.2615887215255139e-16,False
2021-08-16 06:10:00,1.325335409551535e-16,False
2021-08-16 06:20:00,1.2973229387298632e-16,False
2021-08-16 06:30:00,1.1919447882031541e-16,False
2021-08-16 06:40:00,1.1117979934702625e-16,False
2021-08-16 06:50:00,1.0356127115657908e-16,False
2021-08-16 07:00:00,1.2355952126768278e-16,False
2021-08-16 07:10:00,1.0715873691054799e-16,False
2021-08-16 07:20:00,9.404815805027074e-17,False
2021-08-16 07:30:00,1.147356369232576e-16,False
2021-08-16 07:40:00,1.2403818852311911e-16,False
2021-08-16 07:50:00,,False
2021-08-16 08:00:00,1.2600387996043115e-16,False
2021-08-16 08:10:00,1.159706438561224e-16,False
2021-08-16 08:20:00,1.303281285349053e-16,False
2021-08-16 08:30:00,1.160020515466159e-16,False
2021-08-16 08:40:00,1.416123360483442e-16,False
2021-08-16 08:50:00,1.288249124204311e-16,False
2021-08-16 09:00:00,1.2325228227896185e-16,False
2021-08-16 09:10:00,1.1127179620806507e-16,False
2021-08-16 09:20:00,1.2697637810180752e-16,False
2021-08-16 09:30:00,1.2554486053794718e-16,False
2021-08-16 09:40:00,1.2685773174719849e-16,False
2021-08-16 09:50:00,1.236438261815479e-16,False
2021-08-16 10:00:00,1.0773179317885239e-16,False
2021-08-16 10:10:00,,False
2021-08-16 10:20:00,1.195384479458182e-16,False
2021-08-16 10:30:00,1.2435678300196775e-16,False
2021-08-16 10:40:00,1.0783229370464655e-16,False
2021-08-16 10:50:00,1.3460862699014698e-16,False
2021-08-16 11:00:00,,False
2021-08-16 11:10:00,1.1372287652277804e-16,False
2021-08-16 11:20:00,1.2022073819577455e-16,False
2021-08-16 11:30:00,1.1742290307025085e-16,False
2021-08-16 11:40:00,1.2657644787046185e-16,False
2021-08-16 11:50:00,1.3629537639293034e-16,False
2021-08-16 12:00:00,1.291768631011692e-16,False
2021-08-16 12:10:00,1.0047863748138415e-16,False
2021-08-16 12:20:00,1.1603583864856597e-16,False
2021-08-16 12:30:00,1.3245920370892676e-16,False
2021-08-16 12:40:00,1.176284387602362e-16,False
2021-08-16 12:50:00,1.4077464885749311e-16,False
2021-08-16 13:00:00,1.361960047518823e-16,False
2021-08-16 13:10:00,1.233586538035255e-16,False
2021-08-16 13:20:00,1.2424161952587806e-16,False
2021-08-16 13:30:00,1.3302122978752368e-16,False
2021-08-16 13:40:00,1.306117345747938e-16,False
2021-08-16 13:50:00,1.2580895278587583e-16,False
2021-08-16 14:00:00,1.2332784875589663e-16,False
2021-08-16 14:10:00,1.0853797979147403e-16,False
2021-08-16 14:20:00,1.0034748342070555e-16,False
2021-08-16 14:30:00,1.2792286282178927e-16,False
2021-08-16 14:40:00,1.0593010741494931e-16,False
2021-08-16 14:50:00,1.1398562730592683e-16,False
2021-08-16 15:00:00,1.0761295750157236e-16,False
2021-08-16 15:10:00,1.2846352231390914e-16,False
2021-08-16 15:20:00,1.2631270179887165e-16,False
2021-08-16 15:30:00,,False
2021-08-16 15:40:00,1.19881787932904e-16,False
2021-08-16 15:50:00,1.510934133071113e-16,False
2021-08-16 16:00:00,1.3499369408002637e-16,False
2021-08-16 16:10:00,1.209659480681438e-16,False
2021-08-16 16:20:00,1.0615310709765473e-16,False
2021-08-16 16:30:00,1.3149359658271563e-16,False
2021-08-16 16:40:00,1.395301904777942e-16,False
2021-08-16 16:50:00,1.1178406217383944e-16,False
2021-08-16 17:00:00,1.4053198850712203e-16,False
2021-08-16 17:10:00,1.2550053451548126e-16,False
2021-08-16 17:20:00,1.142642842863786e-16,False
2021-08-16 17:30:00,1.2411087202411118e-16,False
2021-08-16 17:40:00,1.4486994865020856e-16,False
2021-08-16 17:50:00,1.1272434137302487e-16,False
2021-08-16 18:00:00,1.133417665102959e-16,False
2021-08-16 18:10:00,,False
2021-08-16 18:20:00,1.1433814153658569e-16,False
2021-08-16 18:30:00,1.0730262544294674e-16,False
2021-08-16 18:40:00,1.2780614713048925e-16,False
2021-08-16 18:50:00,1.351633389602183e-16,False
2021-08-16 19:00:00,1.3614558202508634e-16,False
2021-08-16 19:10:00,1.3409988654881895e-16,False
2021-08-16 19:20:00,1.1642211649712583e-16,False
2021-08-16 19:30:00,1.1752086310547261e-16,False
2021-08-16 19:40:00,1.0504023161361911e-16,False
2021-08-16 19:50:00,1.2479368224134822e-16,False
2021-08-16 20:00:00,1.2459238813888125e-16,False
2021-08-16 20:10:00,,False
2021-08-16 20:20:00,1.1678730052607087e-16,False
2021-08-16 20:30:00,1.267968144491251e-16,False
2021-08-16 20:40:00,1.1399307596933494e-16,False
2021-08-16 20:50:00,1.183089596841045e-16,False
2021-08-16 21:00:00,1.229156116334717e-16,False
2021-08-16 21:10:00,9.16299123739026e-17,False
2021-08-16 21:20:00,1.24799975100369e-16,False
2021-08-16 21:30:00,1.2514627296123936e-16,False
2021-08-16 21:40:00,1.293642368572621e-16,False
2021-08-16 21:50:00,1.3395609816292745e-16,False
2021-08-16 22:00:00,1.3043495440293443e-16,False
2021-08-16 22:10:00,1.2876291488352495e-16,False
2021-08-16 22:20:00,1.3047989577048737e-16,False
2021-08-16 22:30:00,1.2770896323173276e-16,False
2021-08-16 22:40:00,1.2637420934283595e-16,False
2021-08-16 22:50:00,1.0960196392142041e-16,False
2021-08-16 23:00:00,,False
2021-08-16 23:10:00,1.444053182562149e-16,False
2021-08-16 23:20:00,9.375271669634024e-17,False
2021-08-16 23:30:00,,False
2021-08-16 23:40:00,1.168483043652982e-16,False
2021-08-16 23:50:00,1.2653983706242365e-16,False
2021-08-17 00:00:00,1.1774064505860285e-16,False
2021-08-17 00:10:00,1.1899810507588325e-16,False
2021-08-17 00:20:00,1.1747084797304518e-16,False
2021-08-17 00:30:00,1.1875242117744468e-16,False
2021-08-17 00:40:00,1.3468034349032157e-16,False
2021-08-17 00:50:00,1.0347375991304154e-16,False
2021-08-17 01:00:00,1.1663805098880127e-16,False
2021-08-17 01:10:00,1.1932349788980006e-16,False
2021-08-17 01:20:00,1.0756301312126125e-16,False
2021-08-17 01:30:00,1.272589948263065e-16,False
2021-08-17 01:40:00,1.2322829351256233e-16,False
2021-08-17 01:50:00,1.4007261198641985e-16,False
2021-08-17 02:00:00,,False
2021-08-17 02:10:00,1.2621421851660491e-16,False
2021-08-17 02:20:00,1.0900698556859187e-16,False
2021-08-17 02:30:00,1.3090471025038051e-16,False
2021-08-17 02:40:00,1.5904102643165096e-16,False
2021-08-17 02:50:00,1.1390854667407957e-16,False
2021-08-17 03:00:00,1.2942480116818067e-16,False
2021-08-17 03:10:00,1.2303848034833938e-16,False
2021-08-17 03:20:00,1.2756916442639833e-16,False
2021-08-17 03:30:00,1.4577492213870254e-16,False
2021-08-17 03:40:00,1.136238277552442e-16,False
2021-08-17 03:50:00,1.081624818373888e-16,False
2021-08-17 04:00:00,1.2895371342997254e-16,False
2021-08-17 04:10:00,1.2070075208458036e-16,False
2021-08-17 04:20:00,1.2509421906721537e-16,False
2021-08-17 04:30:00,1.3326331675474041e-16,False
2021-08-17 04:40:00,1.173046291733175e-16,False
2021-08-17 04:50:00,1.2140265183175492e-16,False
2021-08-17 05:00:00,1.341969247914761e-16,False
2021-08-17 05:10:00,1.2728636334541876e-16,False
2021-08-17 05:20:00,1.2831082781671336e-16,False
2021-08-17 05:30:00,1.3714312602549637e-16,False
2021-08-17 05:40:00,1.2091013442595428e-16,False
2021-08-17 05:50:00,1.2334233673572843e-16,False
2021-08-17 06:00:00,1.1395651112579722e-16,False
2021-08-17 06:10:00,1.2867251210662013e-16,False
2021-08-17 06:20:00,1.1907661446959016e-16,False
2021-08-17 06:30:00,9.753564869068461e-17,False
2021-08-17 06:40:00,1.2645205844648292e-16,False
2021-08-17 06:50:00,1.443538914101807e-16,False
2021-08-17 07:00:00,1.1921425920270905e-16,False
2021-08-17 07:10:00,1.2374095774060952e-16,False
2021-08-17 07:20:00,8.804667891621001e-17,False
2021-08-17 07:30:00,,False
2021-08-17 07:40:00,1.0823323731111128e-16,False
2021-08-17 07:50:00,1.0491203618722463e-16,False
2021-08-17 08:00:00,1.234077577321401e-16,False
2021-08-17 08:10:00,1.3138104394488768e-16,False
2021-08-17 08:20:00,1.240166223393539e-16,False
2021-08-17 08:30:00,1.355169294675556e-16,False
2021-08-17 08:40:00,1.1158385403102465e-16,False
2021-08-17 08:50:00,1.17832163486836e-16,False
2021-08-17 09:00:00,1.3079741132782884e-16,False
2021-08-17 09:10:00,1.0840353355347265e-16,False
2021-08-17 09:20:00,1.1325459558459376e-16,False
2021-08-17 09:30:00,1.258274333998873e-16,False
2021-08-17 09:40:00,1.2851023034274843e-16,False
2021-08-17 09:50:00,1.3126242511039159e-16,False
2021-08-17 10:00:00,1.1544170498655034e-16,False
2021-08-17 10:10:00,1.479378039020977e-16,False
2021-08-17 10:20:00,7.581902918162423e-17,False
2021-08-17 10:30:00,1.104555079857015e-16,False
2021-08-17 10:40:00,1.312573370919303e-16,False
2021-08-17 10:50:00,1.3293337251791514e-16,False
2021-08-17 11:00:00,1.355092684476105e-16,False
2021-08-17 11:10:00,9.885028424342053e-17,False
2021-08-17 11:20:00,1.303173032285917e-16,False
2021-08-17 11:30:00,1.2676854136678694e-16,False
2021-08-17 11:40:00,1.242884324071767e-16,False
2021-08-17 11:50:00,1.288123346550897e-16,False
2021-08-17 12:00:00,1.332948526049344e-16,False
2021-08-17 12:10:00,1.3053024603314138e-16,False
2021-08-17 12:20:00,1.2106361603645183e-16,False
2021-08-17 12:30:00,1.132022082054737e-16,False
2021-08-17 12:40:00,1.2663342446051666e-16,False
2021-08-17 12:50:00,1.2754478410270558e-16,False
2021-08-17 13:00:00,1.3079199390325816e-16,False
2021-08-17 13:10:00,1.1416231739329536e-16,False
2021-08-17 13:20:00,1.3674793772901616e-16,False
2021-08-17 13:30:00,1.126461498343997e-16,False
2021-08-17 13:40:00,1.2633682666609706e-16,False
2021-08-17 13:50:00,1.1901758475388873e-16,False
2021-08-17 14:00:00,1.0019101711538936e-16,False
2021-08-17 14:10:00,1.2168972644631517e-16,False
2021-08-17 14:20:00,1.3126707868895385e-16,False
2021-08-17 14:30:00,1.1901968736629541e-16,False
2021-08-17 14:40:00,1.1777953197478033e-16,False
2021-08-17 14:50:00,1.2552653902484744e-16,False
2021-08-17 15:00:00,1.4845499996455807e-16,False
2021-08-17 15:10:00,1.1656501174411383e-16,False
2021-08-17 15:20:00,1.3890633816363204e-16,False
2021-08-17 15:30:00,1.3383168297313551e-16,False
2021-08-17 15:40:00,1.1904558126575477e-16,False
2021-08-17 15:50:00,1.2816255577976505e-16,False
2021-08-17 16:00:00,1.3589382551327933e-16,False
2021-08-17 16:10:00,1.048556931784742e-16,False
2021-08-17 16:20:00,1.1729956986504612e-16,False
2021-08-17 16:30:00,1.243391105400113e-16,False
2021-08-17 16:40:00,1.2059535270829638e-16,False
2021-08-17 16:50:00,1.0908948508409418e-16,False
2021-08-17 17:00:00,9.188472508010457e-17,False
2021-08-17 17:10:00,1.0905135247670975e-16,False
2021-08-17 17:20:00,1.072786116972491e-16,False
2021-08-17 17:30:00,1.114433887416628e-16,False
2021-08-17 17:40:00,1.120549585163178e-16,False
2021-08-17 17:50:00,1.2953112915974693e-16,False
2021-08-17 18:00:00,1.2125102171533045e-16,False
2021-08-17 18:10:00,1.2329392592622566e-16,False
2021-08-17 18:20:00,1.189040157064937e-16,False
2021-08-17 18:30:00,1.260404996762906e-16,False
2021-08-17 18:40:00,1.2988509116932115e-16,False
2021-08-17 18:50:00,9.650964676532932e-17,False
2021-08-17 19:00:00,1.1460061216147813e-16,False
2021-08-17 19:10:00,1.2281597885688755e-16,False
2021-08-17 19:20:00,1.3603594840125966e-16,False
2021-08-17 19:30:00,1.3273282682607282e-16,False
2021-08-17 19:40:00,1.4524499443290587e-16,False
2021-08-17 19:50:00,1.2150599614313194e-16,False
2021-08-17 20:00:00,1.126410941086064e-16,False
2021-08-17 20:10:00,1.3300448862895664e-16,False
2021-08-17 20:20:00,1.2940097564923205e-16,False
2021-08-17 20:30:00,1.2495851518580234e-16,False
2021-08-17 20:40:00,1.2304421496454184e-16,False
2021-08-17 20:50:00,1.0855387424246516e-16,False
2021-08-17 21:00:00,1.3205173096759337e-16,False
2021-08-17 21:10:00,1.375315273227704e-16,False
2021-08-17 21:20:00,1.4234217381820998e-16,False
2021-08-17 21:30:00,1.115530502470383e-16,False
2021-08-17 21:40:00,1.2695272796862447e-16,False
2021-08-17 21:50:00,1.3469310005631144e-16,False
2021-08-17 22:00:00,1.1171251408051796e-16,False
2021-08-17 22:10:00,1.2588494209777657e-16,False
2021-08-17 22:20:00,1.223374916999176e-16,False
2021-08-17 22:30:00,1.318628605212829e-16,False
2021-08-17 22:40:00,1.2505773981414118e-16,False
2021-08-17 22:50:00,1.2777257633532954e-16,False
2021-08-17 23:00:00,1.2771101930568535e-16,False
2021-08-17 23:10:00,1.1086813230131554e-16,False
2021-08-17 23:20:00,1.1962576983962646e-16,False
2021-08-17 23:30:00,,False
2021-08-17 23:40:00,1.2438198293471763e-16,False
2021-08-17 23:50:00,1.2235745779132894e-16,False
2021-08-18 00:00:00,1.0791774099509788e-16,False
2021-08-18 00:10:00,1.2602499158714773e-16,False
2021-08-18 00:20:00,9.78459638841517e-17,False
2021-08-18 00:30:00,1.1206170488518906e-16,False
2021-08-18 00:40:00,1.237942314393444e-16,False
2021-08-18 00:50:00,,False
2021-08-18 01:00:00,9.705597922513635e-17,False
2021-08-18 01:10:00,1.1789011526724693e-16,False
2021-08-18 01:20:00,1.257972006524063e-16,False
2021-08-18 01:30:00,1.124142699863174e-16,False
2021-08-18 01:40:00,1.1814424875681968e-16,False
2021-08-18 01:50:00,1.0914887636707146e-16,False
2021-08-18 02:00:00,1.0581097156480661e-16,False
2021-08-18 02:10:00,1.2471841378980925e-16,False
2021-08-18 02:20:00,1.2091395458045077e-16,False
2021-08-18 02:30:00,9.826945043626404e-17,False
2021-08-18 02:40:00,1.427229296107788e-16,False
2021-08-18 02:50:00,1.2191155832486497e-16,False
2021-08-18 03:00:00,1.3096773517285116e-16,False
2021-08-18 03:10:00,1.1238081766601197e-16,False
2021-08-18 03:20:00,1.491513534925037e-16,False
2021-08-18 03:30:00,1.459251461602233e-16,False
2021-08-18 03:40:00,1.3008461293674973e-16,False
2021-08-18 03:50:00,1.3370803396906346e-16,False
2021-08-18 04:00:00,1.3897529207308228e-16,False
2021-08-18 04:10:00,1.237535233262526e-16,False
2021-08-18 04:20:00,1.1871859712049868e-16,False
2021-08-18 04:30:00,1.1601409195025628e-16,False
2021-08-18 04:40:00,1.189296533855981e-16,False
2021-08-18 04:50:00,1.007189546002679e-16,False
2021-08-18 05:00:00,1.1863374143864843e-16,False
2021-08-18 05:10:00,1.3448446995812238e-16,False
2021-08-18 05:20:00,1.4042754674594501e-16,False
2021-08-18 05:30:00,1.330283247482571e-16,False
2021-08-18 05:40:00,,False
2021-08-18 05:50:00,1.2959830782544376e-16,False
2021-08-18 06:00:00,1.1109136602916536e-16,False
2021-08-18 06:10:00,1.0659339095827483e-16,False
2021-08-18 06:20:00,1.1349433512577932e-16,False
2021-08-18 06:30:00,1.2325617878893978e-16,False
2021-08-18 06:40:00,1.0010053374222335e-16,False
2021-08-18 06:50:00,1.121186776139405e-16,False
2021-08-18 07:00:00,1.3092323890468754e-16,False
2021-08-18 07:10:00,1.3354456125697049e-16,False
2021-08-18 07:20:00,1.0827409230322599e-16,False
2021-08-18 07:30:00,9.65806470055049e-17,False
2021-08-18 07:40:00,1.4387003622210376e-16,False
2021-08-18 07:50:00,1.3068108095247794e-16,False
2021-08-18 08:00:00,1.4224733983758585e-16,False
2021-08-18 08:10:00,,False
2021-08-18 08:20:00,1.233225336018066e-16,False
2021-08-18 08:30:00,1.0504069446706379e-16,False
2021-08-18 08:40:00,1.233643321036305e-16,False
2021-08-18 08:50:00,1.2829853866787687e-16,False
2021-08-18 09:00:00,1.1463686320714766e-16,False
2021-08-18 09:10:00,1.188572944951709e-16,False
2021-08-18 09:20:00,1.237562353757086e-16,False
2021-08-18 09:30:00,1.1418046892377373e-16,False
2021-08-18 09:40:00,1.3189310394635474e-16,False
2021-08-18 09:50:00,1.2728534257681565e-16,False
2021-08-18 10:00:00,1.0890659254951377e-16,False
2021-08-18 10:10:00,1.1510379097228284e-16,False
2021-08-18 10:20:00,1.0713590412948943e-16,False
2021-08-18 10:30:00,1.180051823097188e-16,False
2021-08-18 10:40:00,1.1593502636313298e-16,False
2021-08-18 10:50:00,1.4422720543640304e-16,False
2021-08-18 11:00:00,9.989378011751499e-17,False
2021-08-18 11:10:00,1.1250441455209663e-16,False
2021-08-18 11:20:00,1.135043809754743e-16,False
2021-08-18 11:30:00,1.2702953672273313e-16,False
2021-08-18 11:40:00,1.0892950053115989e-16,False
2021-08-18 11:50:00,1.24595027871344e-16,False
2021-08-18 12:00:00,1.3376813613997394e-16,False
2021-08-18 12:10:00,1.134691442971264e-16,False
2021-08-18 12:20:00,1.3046014320748214e-16,False
2021-08-18 12:30:00,1.0208896211813816e-16,False
2021-08-18 12:40:00,1.2327611980551807e-16,False
2021-08-18 12:50:00,1.2154379294734604e-16,False
2021-08-18 13:00:00,1.0545327869089555e-16,False
2021-08-18 13:10:00,1.4717087184326548e-16,False
2021-08-18 13:20:00,1.3687257153591376e-16,False
2021-08-18 13:30:00,1.115177648057997e-16,False
2021-08-18 13:40:00,1.2759171224196898e-16,False
2021-08-18 13:50:00,1.0859087563710121e-16,False
2021-08-18 14:00:00,1.1542351246592823e-16,False
2021-08-18 14:10:00,1.4046798602358076e-16,False
2021-08-18 14:20:00,1.534834463252852e-16,False
2021-08-18 14:30:00,1.3091266109580975e-16,False
2021-08-18 14:40:00,1.3555186684115418e-16,False
2021-08-18 14:50:00,1.171187065665334e-16,False
2021-08-18 15:00:00,1.0930181809610591e-16,False
2021-08-18 15:10:00,1.2112782217659257e-16,False
2021-08-18 15:20:00,,False
2021-08-18 15:30:00,1.2383889888382104e-16,False
2021-08-18 15:40:00,1.0706670004846962e-16,False
2021-08-18 15:50:00,1.1915827901671383e-16,False
2021-08-18 16:00:00,1.3399477840852266e-16,False
2021-08-18 16:10:00,1.3897193608513092e-16,False
2021-08-18 16:20:00,1.2280519965714835e-16,False
2021-08-18 16:30:00,1.0190649378495741e-16,False
2021-08-18 16:40:00,1.1617820875146767e-16,False
2021-08-18 16:50:00,1.3118657287261092e-16,False
2021-08-18 17:00:00,1.27086069161792e-16,False
2021-08-18 17:10:00,1.3197886902842035e-16,False
2021-08-18 17:20:00,1.1852153491854957e-16,False
2021-08-18 17:30:00,1.1814071592024932e-16,False
2021-08-18 17:40:00,1.0929137676761277e-16,False
2021-08-18 17:50:00,1.1472259853630559e-16,False
2021-08-18 18:00:00,1.1181800438061817e-16,False
2021-08-18 18:10:00,1.1535415510096005e-16,False
2021-08-18 18:20:00,1.1131272428276035e-16,False
2021-08-18 18:30:00,1.0178594458951497e-16,False
2021-08-18 18:40:00,1.2668634330472693e-16,False
2021-08-18 18:50:00,1.1600623732866025e-16,False
2021-08-18 19:00:00,1.0279704349240571e-16,False
2021-08-18 19:10:00,1.2894083464727037e-16,False
2021-08-18 19:20:00,1.1872833863159837e-16,False
2021-08-18 19:30:00,1.369162468551078e-16,False
2021-08-18 19:40:00,1.1621206692447392e-16,False
2021-08-18 19:50:00,1.2539121791937434e-16,False
2021-08-18 20:00:00,1.3816703779887539e-16,False
2021-08-18 20:10:00,1.2501837043680587e-16,False
2021-08-18 20:20:00,1.224361552039826e-16,False
2021-08-18 20:30:00,1.1714629992609906e-16,False
2021-08-18 20:40:00,9.495667120658589e-17,False
2021-08-18 20:50:00,1.0293121077426011e-16,False
2021-08-18 21:00:00,1.2452056835327916e-16,False
2021-08-18 21:10:00,1.2685026417865706e-16,False
2021-08-18 21:20:00,1.0082698675268623e-16,False
2021-08-18 21:30:00,,False
2021-08-18 21:40:00,1.4254579711643373e-16,False
2021-08-18 21:50:00,1.204533380612524e-16,False
2021-08-18 22:00:00,1.3193228363000946e-16,False
2021-08-18 22:10:00,,False
2021-08-18 22:20:00,1.2303794620550763e-16,False
2021-08-18 22:30:00,1.3949124227601803e-16,False
2021-08-18 22:40:00,1.113006091320922e-16,False
2021-08-18 22:50:00,1.567208799500924e-16,False
2021-08-18 23:00:00,1.091565533194992e-16,False
2021-08-18 23:10:00,1.4442164109768036e-16,False
2021-08-18 23:20:00,1.3688922113883795e-16,False
2021-08-18 23:30:00,1.1703503110739698e-16,False
2021-08-18 23:40:00,1.2382332872152826e-16,False
2021-08-18 23:50:00,1.256052686249526e-16,False
2021-08-19 00:00:00,1.2221936245233735e-16,False
2021-08-19 00:10:00,1.0271520014943937e-16,False
2021-08-19 00:20:00,1.1986224709815882e-16,False
2021-08-19 00:30:00,1.1672067238700002e-16,False
2021-08-19 00:40:00,1.0626530923677162e-16,False
2021-08-19 00:50:00,1.2613511867987232e-16,False
2021-08-19 01:00:00,1.1440339750369069e-16,False
2021-08-19 01:10:00,1.129770864183404e-16,False
2021-08-19 01:20:00,1.2114919489000957e-16,False
2021-08-19 01:30:00,1.2250872908761536e-16,False
2021-08-19 01:40:00,1.25426415480664e-16,False
2021-08-19 01:50:00,1.373505055442463e-16,False
2021-08-19 02:00:00,1.2423033329862702e-16,False
2021-08-19 02:10:00,1.110620705195945e-16,False
2021-08-19 02:20:00,1.1985980361975152e-16,False
2021-08-19 02:30:00,1.159720013140302e-16,False
2021-08-19 02:40:00,1.3710299800375368e-16,False
2021-08-19 02:50:00,1.2249765941383799e-16,False
2021-08-19 03:00:00,,False
2021-08-19 03:10:00,1.0522848619051195e-16,False
2021-08-19 03:20:00,1.364465767222979e-16,False
2021-08-19 03:30:00,1.3001296315877136e-16,False
2021-08-19 03:40:00,,False
2021-08-19 03:50:00,1.2993466893990122e-16,False
2021-08-19 04:00:00,1.3506470018029974e-16,False
2021-08-19 04:10:00,1.303669577962981e-16,False
2021-08-19 04:20:00,1.262183483848458e-16,False
2021-08-19 04:30:00,1.4224717009312516e-16,False
2021-08-19 04:40:00,1.1988255974749486e-16,False
2021-08-19 04:50:00,1.1359006656802955e-16,False
2021-08-19 05:00:00,1.419987510505312e-16,False
2021-08-19 05:10:00,1.2281324089985277e-16,False
2021-08-19 05:20:00,1.1052235607586172e-16,False
2021-08-19 05:30:00,1.1899929978788062e-16,False
2021-08-19 05:40:00,1.2020559414157334e-16,False
2021-08-19 05:50:00,1.1745442554378214e-16,False
2021-08-19 06:00:00,1.1653825165860324e-16,False
2021-08-19 06:10:00,1.2826188023697383e-16,False
2021-08-19 06:20:00,1.1358540600754804e-16,False
2021-08-19 06:30:00,1.3838159693558703e-16,False
2021-08-19 06:40:00,9.571083857067331e-17,False
2021-08-19 06:50:00,1.2164703335956114e-16,False
2021-08-19 07:00:00,1.2400563657532901e-16,False
2021-08-19 07:10:00,1.0917674486602134e-16,False
2021-08-19 07:20:00,1.1127449620172552e-16,False
2021-08-19 07:30:00,1.1776218362813548e-16,False
2021-08-19 07:40:00,1.2190122800967425e-16,False
2021-08-19 07:50:00,1.1616435994662557e-16,False
2021-08-19 08:00:00,1.3080172087592634e-16,False
2021-08-19 08:10:00,1.2998882325892428e-16,False
2021-08-19 08:20:00,1.2081742048981927e-16,False
2021-08-19 08:30:00,1.1610478495412183e-16,False
2021-08-19 08:40:00,1.3324677828848455e-16,False
2021-08-19 08:50:00,1.317988977916374e-16,False
2021-08-19 09:00:00,,False
2021-08-19 09:10:00,1.1544986228743064e-16,False
2021-08-19 09:20:00,9.640665226405331e-17,False
2021-08-19 09:30:00,1.2551978917557636e-16,False
2021-08-19 09:40:00,,False
2021-08-19 09:50:00,1.1736956359897492e-16,False
2021-08-19 10:00:00,1.315297545430827e-16,False
2021-08-19 10:10:00,1.2278758533220107e-16,False
2021-08-19 10:20:00,1.2199119131705263e-16,False
2021-08-19 10:30:00,1.21774075232677e-16,False
2021-08-19 10:40:00,1.0685645284169973e-16,False
2021-08-19 10:50:00,1.2094530519058394e-16,False
2021-08-19 11:00:00,1.5303719295263096e-16,False
2021-08-19 11:10:00,1.242398962679284e-16,False
2021-08-19 11:20:00,1.2035911657716032e-16,False
2021-08-19 11:30:00,1.004090371237306e-16,False
2021-08-19 11:40:00,1.2580384144600853e-16,False
2021-08-19 11:50:00,1.258521150996003e-16,False
2021-08-19 12:00:00,1.1822202033608e-16,False
2021-08-19 12:10:00,1.2206889522521163e-16,False
2021-08-19 12:20:00,1.5438144538300542e-16,False
2021-08-19 12:30:00,1.2923492360563277e-16,False
2021-08-19 12:40:00,1.1175523794968083e-16,False
2021-08-19 12:50:00,1.249225992691127e-16,False
2021-08-19 13:00:00,1.1752569271735e-16,False
2021-08-19 13:10:00,1.2032519903664504e-16,False
2021-08-19 13:20:00,,False
2021-08-19 13:30:00,1.4029976940203436e-16,False
2021-08-19 13:40:00,1.2518188403184395e-16,False
2021-08-19 13:50:00,1.3101470335037246e-16,False
2021-08-19 14:00:00,1.0157464257275681e-16,False
2021-08-19 14:10:00,1.4641512928654977e-16,False
2021-08-19 14:20:00,1.3106167725989142e-16,False
2021-08-19 14:30:00,1.291722700954654e-16,False
2021-08-19 14:40:00,1.2257108353561582e-16,False
2021-08-19 14:50:00,1.362623569295508e-16,False
2021-08-19 15:00:00,1.3149216880810946e-16,False
2021-08-19 15:10:00,1.2134194659613322e-16,False
2021-08-19 15:20:00,1.2751059665205796e-16,False
2021-08-19 15:30:00,1.3399090477627862e-16,False
2021-08-19 15:40:00,1.3051204112196694e-16,False
2021-08-19 15:50:00,1.4203315721373513e-16,False
2021-08-19 16:00:00,1.3250102466430505e-16,False
2021-08-19 16:10:00,1.3975426305795624e-16,False
2021-08-19 16:20:00,1.298936352108382e-16,False
2021-08-19 16:30:00,1.1223739857231187e-16,False
2021-08-19 16:40:00,1.1850589785113469e-16,False
2021-08-19 16:50:00,1.2178893490925854e-16,False
2021-08-19 17:00:00,1.199397235799192e-16,False
2021-08-19 17:10:00,1.1351762683839863e-16,False
2021-08-19 17:20:00,1.152560015922881e-16,False
2021-08-19 17:30:00,1.2079936099439406e-16,False
2021-08-19 17:40:00,1.092875929831849e-16,False
2021-08-19 17:50:00,1.2380715432277418e-16,False
2021-08-19 18:00:00,1.3021975194291436e-16,False
2021-08-19 18:10:00,1.148860567316407e-16,False
2021-08-19 18:20:00,1.49520560162137e-16,False
2021-08-19 18:30:00,1.2755425179651494e-16,False
2021-08-19 18:40:00,1.2979329429270567e-16,False
2021-08-19 18:50:00,1.081785200723587e-16,False
2021-08-19 19:00:00,1.4152490767983167e-16,False
2021-08-19 19:10:00,1.284955970798872e-16,False
2021-08-19 19:20:00,1.214631792522439e-16,False
2021-08-19 19:30:00,1.2083612997217852e-16,False
2021-08-19 19:40:00,1.1604326218314597e-16,False
2021-08-19 19:50:00,1.0611659602661919e-16,False
2021-08-19 20:00:00,1.1205198968576411e-16,False
2021-08-19 20:10:00,,False
2021-08-19 20:20:00,,False
2021-08-19 20:30:00,,False
2021-08-19 20:40:00,1.240466496762183e-16,False
2021-08-19 20:50:00,1.0678185534327336e-16,False
2021-08-19 21:00:00,1.1324367847111432e-16,False
2021-08-19 21:10:00,1.0149213197072097e-16,False
2021-08-19 21:20:00,1.3215121666576529e-16,False
2021-08-19 21:30:00,1.203670834809377e-16,False
2021-08-19 21:40:00,1.2830240793529532e-16,False
2021-08-19 21:50:00,1.231555126362315e-16,False
2021-08-19 22:00:00,1.2783231396495575e-16,False
2021-08-19 22:10:00,1.1119581982498598e-16,False
2021-08-19 22:20:00,9.513725366575633e-17,False
2021-08-19 22:30:00,1.2873562309167952e-16,False
2021-08-19 22:40:00,1.1384612297154935e-16,False
2021-08-19 22:50:00,1.2962946283878896e-16,False
2021-08-19 23:00:00,1.2332896452828417e-16,False
2021-08-19 23:10:00,1.0931740400823952e-16,False
2021-08-19 23:20:00,1.1357776368627769e-16,False
2021-08-19 23:30:00,1.1557077985162338e-16,False
2021-08-19 23:40:00,1.2186859986025075e-16,False
2021-08-19 23:50:00,1.2308463815336835e-16,False
2021-08-20 00:00:00,1.218865982241846e-16,False
2021-08-20 00:10:00,1.1107181519931628e-16,False
2021-08-20 00:20:00,1.1831121709252156e-16,False
2021-08-20 00:30:00,1.3414396965619955e-16,False
2021-08-20 00:40:00,9.03457942757588e-17,False
2021-08-20 00:50:00,1.0386010123138468e-16,False
2021-08-20 01:00:00,9.99433107313096e-17,False
2021-08-20 01:10:00,1.1294679811518953e-16,False
2021-08-20 01:20:00,1.364992047996706e-16,False
2021-08-20 01:30:00,1.0716799921265136e-16,False
2021-08-20 01:40:00,1.1728917435158237e-16,False
2021-08-20 01:50:00,1.2427713681590652e-16,False
2021-08-20 02:00:00,1.1259471100448535e-16,False
2021-08-20 02:10:00,1.341564686793519e-16,False
2021-08-20 02:20:00,1.203467178281721e-16,False
2021-08-20 02:30:00,1.203594098262139e-16,False
2021-08-20 02:40:00,1.0927377048289166e-16,False
2021-08-20 02:50:00,1.2733376834840943e-16,False
2021-08-20 03:00:00,1.0878808050973566e-16,False
2021-08-20 03:10:00,1.1520768569511593e-16,False
2021-08-20 03:20:00,1.3051400958572025e-16,False
2021-08-20 03:30:00,1.0917962267138454e-16,False
2021-08-20 03:40:00,1.0497447570133428e-16,False
2021-08-20 03:50:00,1.3680749619068523e-16,False
2021-08-20 04:00:00,1.2678447523493285e-16,False
2021-08-20 04:10:00,1.2606671493847417e-16,False
2021-08-20 04:20:00,1.2993778826611349e-16,False
2021-08-20 04:30:00,1.4944477540218241e-16,False
2021-08-20 04:40:00,1.1037961883811044e-16,False
2021-08-20 04:50:00,,False
2021-08-20 05:00:00,9.993064372665207e-17,False
2021-08-20 05:10:00,1.280753738336731e-16,False
2021-08-20 05:20:00,1.247797963477289e-16,False
2021-08-20 05:30:00,1.0869220259674677e-16,False
2021-08-20 05:40:00,1.1428831861337966e-16,False
2021-08-20 05:50:00,1.1429888064563242e-16,False
2021-08-20 06:00:00,1.0760851859901006e-16,False
2021-08-20 06:10:00,1.2553770176213507e-16,False
2021-08-20 06:20:00,1.1820062561212198e-16,False
2021-08-20 06:30:00,1.286800679765197e-16,False
2021-08-20 06:40:00,1.1095998029821571e-16,False
2021-08-20 06:50:00,9.798456422197684e-17,False
2021-08-20 07:00:00,1.3597022046329695e-16,False
2021-08-20 07:10:00,1.1776193869594388e-16,False
2021-08-20 07:20:00,1.1372394395105137e-16,False
2021-08-20 07:30:00,1.117156633388617e-16,False
2021-08-20 07:40:00,1.301272624424967e-16,False
2021-08-20 07:50:00,1.2883427515307477e-16,False
2021-08-20 08:00:00,1.103820446417036e-16,False
2021-08-20 08:10:00,1.3797402882396416e-16,False
2021-08-20 08:20:00,1.2299045643899223e-16,False
2021-08-20 08:30:00,1.353156272926867e-16,False
2021-08-20 08:40:00,1.2864324148922568e-16,False
2021-08-20 08:50:00,1.3272139219341822e-16,False
2021-08-20 09:00:00,1.2727713499554347e-16,False
2021-08-20 09:10:00,1.0346063652444884e-16,False
2021-08-20 09:20:00,1.3654710401068724e-16,False
2021-08-20 09:30:00,1.2658638740403634e-16,False
2021-08-20 09:40:00,1.224097742230425e-16,False
2021-08-20 09:50:00,1.2650340406821238e-16,False
2021-08-20 10:00:00,1.310143950858642e-16,False
2021-08-20 10:10:00,1.328032438334697e-16,False
2021-08-20 10:20:00,,False
2021-08-20 10:30:00,1.30415569483519e-16,False
2021-08-20 10:40:00,1.1097991689363962e-16,False
2021-08-20 10:50:00,1.1834935287340005e-16,False
2021-08-20 11:00:00,1.0993449043810692e-16,False
2021-08-20 11:10:00,1.2149336642469052e-16,False
2021-08-20 11:20:00,1.5405538268935245e-16,False
2021-08-20 11:30:00,8.53684083520915e-17,False
2021-08-20 11:40:00,1.0933652519470899e-16,False
2021-08-20 11:50:00,1.3117120033275807e-16,False
2021-08-20 12:00:00,1.2220637116121793e-16,False
2021-08-20 12:10:00,1.2156289801295904e-16,False
2021-08-20 12:20:00,1.0358533993213341e-16,False
2021-08-20 12:30:00,1.2440311361397197e-16,False
2021-08-20 12:40:00,1.2610190309447685e-16,False
2021-08-20 12:50:00,1.2013170933979396e-16,False
2021-08-20 13:00:00,1.113940157547903e-16,False
2021-08-20 13:10:00,1.1258240409934225e-16,False
2021-08-20 13:20:00,1.0740289631138397e-16,False
2021-08-20 13:30:00,1.0532533004215355e-16,False
2021-08-20 13:40:00,1.3246072569440268e-16,False
2021-08-20 13:50:00,1.1747270708961042e-16,False
2021-08-20 14:00:00,1.1435582350908026e-16,False
2021-08-20 14:10:00,1.3842232270049754e-16,False
2021-08-20 14:20:00,9.698845546032835e-17,False
2021-08-20 14:30:00,1.612406935741109e-16,False
2021-08-20 14:40:00,1.2419124771600688e-16,False
2021-08-20 14:50:00,1.0920405500426265e-16,False
2021-08-20 15:00:00,1.2938126821124704e-16,False
2021-08-20 15:10:00,1.0219739014484295e-16,False
2021-08-20 15:20:00,1.3952675381389753e-16,False
2021-08-20 15:30:00,1.2759181082058927e-16,False
2021-08-20 15:40:00,1.2231102196492072e-16,False
2021-08-20 15:50:00,1.1602741285480376e-16,False
2021-08-20 16:00:00,1.1279155516245902e-16,False
2021-08-20 16:10:00,1.1876320949362596e-16,False
2021-08-20 16:20:00,1.2385544533791346e-16,False
2021-08-20 16:30:00,1.244999680057565e-16,False
2021-08-20 16:40:00,1.3194350274034195e-16,False
2021-08-20 16:50:00,1.009026516279543e-16,False
2021-08-20 17:00:00,1.124271787663013e-16,False
2021-08-20 17:10:00,,False
2021-08-20 17:20:00,1.3110652093600448e-16,False
2021-08-20 17:30:00,1.304271307168539e-16,False
2021-08-20 17:40:00,1.2811777195330835e-16,False
2021-08-20 17:50:00,1.4950278098770033e-16,False
2021-08-20 18:00:00,1.1093292577532432e-16,False
2021-08-20 18:10:00,1.1505466794575257e-16,False
2021-08-20 18:20:00,1.1877783647989152e-16,False
2021-08-20 18:30:00,1.321399934127959e-16,False
2021-08-20 18:40:00,1.2306052229898247e-16,False
2021-08-20 18:50:00,1.1844665960818195e-16,False
2021-08-20 19:00:00,9.499148013056233e-17,False
2021-08-20 19:10:00,1.170960213023644e-16,False
2021-08-20 19:20:00,1.2007327221618084e-16,False
2021-08-20 19:30:00,1.1686284343974398e-16,False
2021-08-20 19:40:00,1.0190465510091073e-16,False
2021-08-20 19:50:00,1.3748569639520915e-16,False
2021-08-20 20:00:00,9.7917419737856e-17,False
2021-08-20 20:10:00,1.2196151963856088e-16,False
2021-08-20 20:20:00,1.2193190121981374e-16,False
2021-08-20 20:30:00,1.1218457072417455e-16,False
2021-08-20 20:40:00,1.3720527287829608e-16,False
2021-08-20 20:50:00,1.2078809354617055e-16,False
2021-08-20 21:00:00,,False
2021-08-20 21:10:00,1.0726125610604143e-16,False
2021-08-20 21:20:00,1.4560077901621353e-16,False
2021-08-20 21:30:00,1.336889238939051e-16,False
2021-08-20 21:40:00,1.2255928871129397e-16,False
2021-08-20 21:50:00,1.2203086722729618e-16,False
2021-08-20 22:00:00,1.0318292538546315e-16,False
2021-08-20 22:10:00,1.3612719321394655e-16,False
2021-08-20 22:20:00,1.418201951586571e-16,False
2021-08-20 22:30:00,1.4825186645751164e-16,False
2021-08-20 22:40:00,1.0895003752055153e-16,False
2021-08-20 22:50:00,1.4425080920090304e-16,False
2021-08-20 23:00:00,1.1895347850029563e-16,False
2021-08-20 23:10:00,1.3009631999013846e-16,False
2021-08-20 23:20:00,1.203340569903357e-16,False
2021-08-20 23:30:00,1.3665275293747074e-16,False
2021-08-20 23:40:00,1.278737091694314e-16,False
2021-08-20 23:50:00,1.175262373465284e-16,False
2021-08-21 00:00:00,1.2656638378158218e-16,False
2021-08-21 00:10:00,1.3495456883995425e-16,False
2021-08-21 00:20:00,1.1785536942393006e-16,False
2021-08-21 00:30:00,1.1745955635442962e-16,False
2021-08-21 00:40:00,1.1919556978939505e-16,False
2021-08-21 00:50:00,1.2445823403553698e-16,False
2021-08-21 01:00:00,1.2208358456955627e-16,False
2021-08-21 01:10:00,1.2144716517816473e-16,False
2021-08-21 01:20:00,1.0069939525909694e-16,False
2021-08-21 01:30:00,1.2460014201423187e-16,False
2021-08-21 01:40:00,1.3930801221523512e-16,False
2021-08-21 01:50:00,1.4126432695498173e-16,False
2021-08-21 02:00:00,1.0909000310727634e-16,False
2021-08-21 02:10:00,1.3974181010192635e-16,False
2021-08-21 02:20:00,1.1275736767783505e-16,False
2021-08-21 02:30:00,1.277082391996823e-16,False
2021-08-21 02:40:00,1.0948588678870511e-16,False
2021-08-21 02:50:00,1.2971013218584824e-16,False
2021-08-21 03:00:00,1.3460225571987218e-16,False
2021-08-21 03:10:00,1.2196663135941326e-16,False
2021-08-21 03:20:00,1.166809426844315e-16,False
2021-08-21 03:30:00,1.4310914383342167e-16,False
2021-08-21 03:40:00,1.1272952662297942e-16,False
2021-08-21 03:50:00,1.1224879245058087e-16,False
2021-08-21 04:00:00,1.2967343068549924e-16,False
2021-08-21 04:10:00,1.3228211903066267e-16,False
2021-08-21 04:20:00,1.1783738649773847e-16,False
2021-08-21 04:30:00,1.3237571814342708e-16,False
2021-08-21 04:40:00,1.3401425732794476e-16,False
2021-08-21 04:50:00,1.2042546142377215e-16,False
2021-08-21 05:00:00,1.2059472504154084e-16,False
2021-08-21 05:10:00,1.2678317569014367e-16,False
2021-08-21 05:20:00,,False
2021-08-21 05:30:00,1.3016342504892708e-16,False
2021-08-21 05:40:00,1.014303521116566e-16,False
2021-08-21 05:50:00,1.2487808235296537e-16,False
2021-08-21 06:00:00,1.0774279356398808e-16,False
2021-08-21 06:10:00,1.34738458991143e-16,False
2021-08-21 06:20:00,1.0140046583144604e-16,False
2021-08-21 06:30:00,1.3170607913410263e-16,False
2021-08-21 06:40:00,1.205533647838903e-16,False
2021-08-21 06:50:00,1.166743756678092e-16,False
2021-08-21 07:00:00,1.3010763432845244e-16,False
2021-08-21 07:10:00,1.113285669269503e-16,False
2021-08-21 07:20:00,1.321474082115072e-16,False
2021-08-21 07:30:00,9.337732470833161e-17,False
2021-08-21 07:40:00,9.951724493332458e-17,False
2021-08-21 07:50:00,1.5243911619393682e-16,False
2021-08-21 08:00:00,1.2723764215809825e-16,False
2021-08-21 08:10:00,1.2324349397386425e-16,False
2021-08-21 08:20:00,1.442413538532692e-16,False
2021-08-21 08:30:00,1.318769026086492e-16,False
2021-08-21 08:40:00,1.0226457374804907e-16,False
2021-08-21 08:50:00,1.1934253018665131e-16,False
2021-08-21 09:00:00,1.3872891188708297e-16,False
2021-08-21 09:10:00,1.4987228892719403e-16,False
2021-08-21 09:20:00,,False
2021-08-21 09:30:00,1.2331268724321763e-16,False
2021-08-21 09:40:00,1.11418931065684e-16,False
2021-08-21 09:50:00,1.145666370959381e-16,False
2021-08-21 10:00:00,1.351693170521518e-16,False
2021-08-21 10:10:00,1.3894187465352475e-16,False
2021-08-21 10:20:00,1.4225071934409109e-16,False
2021-08-21 10:30:00,1.2695260348964405e-16,False
2021-08-21 10:40:00,1.1569397456363361e-16,False
2021-08-21 10:50:00,1.15171395197324e-16,False
2021-08-21 11:00:00,1.2540685565814941e-16,False
2021-08-21 11:10:00,,False
2021-08-21 11:20:00,1.2044552645954469e-16,False
2021-08-21 11:30:00,1.1512802218087729e-16,False
2021-08-21 11:40:00,1.0654114080402909e-16,False
2021-08-21 11:50:00,1.2799496538298315e-16,False
2021-08-21 12:00:00,1.29093535309267e-16,False
2021-08-21 12:10:00,1.228676910610869e-16,False
2021-08-21 12:20:00,1.0477893702995357e-16,False
2021-08-21 12:30:00,1.2604719337036166e-16,False
2021-08-21 12:40:00,1.1427232359192007e-16,False
2021-08-21 12:50:00,1.0274859334577128e-16,False
2021-08-21 13:00:00,1.2246607286280513e-16,False
2021-08-21 13:10:00,1.2971442916856403e-16,False
2021-08-21 13:20:00,1.0553599800246689e-16,False
2021-08-21 13:30:00,1.2768723481810496e-16,False
2021-08-21 13:40:00,1.1880824522042778e-16,False
2021-08-21 13:50:00,1.0690258207465565e-16,False
2021-08-21 14:00:00,1.2205420965504736e-16,False
2021-08-21 14:10:00,1.2319649292460352e-16,False
2021-08-21 14:20:00,1.3328689364207896e-16,False
2021-08-21 14:30:00,1.1293446576039587e-16,False
2021-08-21 14:40:00,1.4157184009477625e-16,False
2021-08-21 14:50:00,1.2471110079759587e-16,False
2021-08-21 15:00:00,1.1824867073310127e-16,False
2021-08-21 15:10:00,1.5164190089312725e-16,False
2021-08-21 15:20:00,1.1989026765029922e-16,False
2021-08-21 15:30:00,1.1981489698919706e-16,False
2021-08-21 15:40:00,1.1428908264216479e-16,False
2021-08-21 15:50:00,1.1341415617661742e-16,False
2021-08-21 16:00:00,1.1893954105459481e-16,False
2021-08-21 16:10:00,,False
2021-08-21 16:20:00,1.2734802850660643e-16,False
2021-08-21 16:30:00,1.3458678788487737e-16,False
2021-08-21 16:40:00,1.2959080057236962e-16,False
2021-08-21 16:50:00,1.2073845655571155e-16,False
2021-08-21 17:00:00,1.1223947497151457e-16,False
2021-08-21 17:10:00,1.3505683915462916e-16,False
2021-08-21 17:20:00,1.1658342407874732e-16,False
2021-08-21 17:30:00,1.0925673070454969e-16,False
2021-08-21 17:40:00,1.2300931229960695e-16,False
2021-08-21 17:50:00,1.2286489924269456e-16,False
2021-08-21 18:00:00,1.119154099954496e-16,False
2021-08-21 18:10:00,1.0621947011337816e-16,False
2021-08-21 18:20:00,1.394735765783369e-16,False
2021-08-21 18:30:00,9.327993785278552e-17,False
2021-08-21 18:40:00,1.0989049018965041e-16,False
2021-08-21 18:50:00,1.2682431349875818e-16,False
2021-08-21 19:00:00,1.2917278134242455e-16,False
2021-08-21 19:10:00,1.0956565800150143e-16,False
2021-08-21 19:20:00,1.2181451944747835e-16,False
2021-08-21 19:30:00,1.1399304819558027e-16,False
2021-08-21 19:40:00,1.364485167464664e-16,False
2021-08-21 19:50:00,1.2490218329285897e-16,False
2021-08-21 20:00:00,1.142532303806861e-16,False
2021-08-21 20:10:00,1.4185509264498487e-16,False
2021-08-21 20:20:00,1.1607127770029092e-16,False
2021-08-21 20:30:00,1.2275932567401626e-16,False
2021-08-21 20:40:00,1.2296510143703044e-16,False
2021-08-21 20:50:00,1.3530906858385534e-16,False
2021-08-21 21:00:00,1.271255847852214e-16,False
2021-08-21 21:10:00,1.3918404323441504e-16,False
2021-08-21 21:20:00,1.263037275682807e-16,False
2021-08-21 21:30:00,1.2659106500989097e-16,False
2021-08-21 21:40:00,,False
2021-08-21 21:50:00,1.1913821564480448e-16,False
2021-08-21 22:00:00,1.0271636696422198e-16,False
2021-08-21 22:10:00,1.1265043304708143e-16,False
2021-08-21 22:20:00,1.1114007825548852e-16,False
2021-08-21 22:30:00,1.365566779811489e-16,False
2021-08-21 22:40:00,1.372018801192901e-16,False
2021-08-21 22:50:00,1.2427593222351487e-16,False
2021-08-21 23:00:00,,False
2021-08-21 23:10:00,1.3912854462873208e-16,False
2021-08-21 23:20:00,1.2657862804412887e-16,False
2021-08-21 23:30:00,1.1948602211316822e-16,False
2021-08-21 23:40:00,1.3521433836814805e-16,False
2021-08-21 23:50:00,1.2718918907388622e-16,False
2021-08-22 00:00:00,1.2509134850930033e-16,False
2021-08-22 00:10:00,1.2303313024167807e-16,False
2021-08-22 00:20:00,1.381232065100824e-16,False
2021-08-22 00:30:00,1.295060580317541e-16,False
2021-08-22 00:40:00,1.0324327217682657e-16,False
2021-08-22 00:50:00,1.1928458603887575e-16,False
2021-08-22 01:00:00,1.2207529114088576e-16,False
2021-08-22 01:10:00,1.31634297032988e-16,False
2021-08-22 01:20:00,1.2239813788685748e-16,False
2021-08-22 01:30:00,1.3297942372150255e-16,False
2021-08-22 01:40:00,1.2173115157598533e-16,False
2021-08-22 01:50:00,1.0812199208927171e-16,False
2021-08-22 02:00:00,1.385118456555111e-16,False
2021-08-22 02:10:00,1.2289830205342145e-16,False
2021-08-22 02:20:00,1.2207785035514286e-16,False
2021-08-22 02:30:00,9.613767468632244e-17,False
2021-08-22 02:40:00,1.196275297059069e-16,False
2021-08-22 02:50:00,1.3765503727502107e-16,False
2021-08-22 03:00:00,1.154900546644858e-16,False
2021-08-22 03:10:00,,False
2021-08-22 03:20:00,1.2867919216759009e-16,False
2021-08-22 03:30:00,1.180733028121887e-16,False
2021-08-22 03:40:00,1.236141911552557e-16,False
2021-08-22 03:50:00,1.1478671257600218e-16,False
2021-08-22 04:00:00,1.3602160219717446e-16,False
2021-08-22 04:10:00,1.0332570843850249e-16,False
2021-08-22 04:20:00,9.610203921616683e-17,False
2021-08-22 04:30:00,1.238055819004364e-16,False
2021-08-22 04:40:00,1.220961184670643e-16,False
2021-08-22 04:50:00,1.3488039771675478e-16,False
2021-08-22 05:00:00,1.3262162251331925e-16,False
2021-08-22 05:10:00,1.1333728615919807e-16,False
2021-08-22 05:20:00,1.2948061101247218e-16,False
2021-08-22 05:30:00,1.1255789886752448e-16,False
2021-08-22 05:40:00,1.3363505918735466e-16,False
2021-08-22 05:50:00,1.3452897352698012e-16,False
2021-08-22 06:00:00,1.2274504650431436e-16,False
2021-08-22 06:10:00,1.222952699262859e-16,False
2021-08-22 06:20:00,1.3447347409694054e-16,False
2021-08-22 06:30:00,1.1360920303994966e-16,False
2021-08-22 06:40:00,1.2185290038232022e-16,False
2021-08-22 06:50:00,1.0670125074781698e-16,False
2021-08-22 07:00:00,1.2221103942739462e-16,False
2021-08-22 07:10:00,1.1723985666576893e-16,False
2021-08-22 07:20:00,1.6547696671397163e-16,False
2021-08-22 07:30:00,1.157409310271187e-16,False
2021-08-22 07:40:00,,False
2021-08-22 07:50:00,1.3183472888073129e-16,False
2021-08-22 08:00:00,1.209224226119739e-16,False
2021-08-22 08:10:00,1.2658299997738383e-16,False
2021-08-22 08:20:00,,False
2021-08-22 08:30:00,1.2300092157087958e-16,False
2021-08-22 08:40:00,1.3053544128754557e-16,False
2021-08-22 08:50:00,1.137007885713675e-16,False
2021-08-22 09:00:00,1.2167535380157007e-16,False
2021-08-22 09:10:00,1.181353742473765e-16,False
2021-08-22 09:20:00,1.1039659380220968e-16,False
2021-08-22 09:30:00,1.3808913275370418e-16,False
2021-08-22 09:40:00,1.3264981119554486e-16,False
2021-08-22 09:50:00,1.4403832321605752e-16,False
2021-08-22 10:00:00,1.4085556194882217e-16,False
2021-08-22 10:10:00,1.181569788147553e-16,False
2021-08-22 10:20:00,1.4665127526977013e-16,False
2021-08-22 10:30:00,1.318977470912976e-16,False
2021-08-22 10:40:00,1.158526188959042e-16,False
2021-08-22 10:50:00,1.1902585771128894e-16,False
2021-08-22 11:00:00,1.2508827415909949e-16,False
2021-08-22 11:10:00,1.299175517282131e-16,False
2021-08-22 11:20:00,1.1019918087228627e-16,False
2021-08-22 11:30:00,,False
2021-08-22 11:40:00,1.195147169628804e-16,False
2021-08-22 11:50:00,1.1170495467023012e-16,False
2021-08-22 12:00:00,1.0455786309529816e-16,False
2021-08-22 12:10:00,1.3628796596658475e-16,False
2021-08-22 12:20:00,1.2862324654899107e-16,False
2021-08-22 12:30:00,,False
2021-08-22 12:40:00,1.2386771453940152e-16,False
2021-08-22 12:50:00,,False
2021-08-22 13:00:00,1.373987983247559e-16,False
2021-08-22 13:10:00,1.303999122361346e-16,False
2021-08-22 13:20:00,1.4343243376570824e-16,False
2021-08-22 13:30:00,,False
2021-08-22 13:40:00,1.1055203990830858e-16,False
2021-08-22 13:50:00,1.3679409873961795e-16,False
2021-08-22 14:00:00,1.2013183959761493e-16,False
2021-08-22 14:10:00,1.3769432110065659e-16,False
2021-08-22 14:20:00,1.2300129630149915e-16,False
2021-08-22 14:30:00,1.2842721411211265e-16,False
2021-08-22 14:40:00,1.1118658913094834e-16,False
2021-08-22 14:50:00,1.4206127068174018e-16,False
2021-08-22 15:00:00,1.1038289405347169e-16,False
2021-08-22 15:10:00,1.0816268767818158e-16,False
2021-08-22 15:20:00,1.231502575672569e-16,False
2021-08-22 15:30:00,1.0683600650477452e-16,False
2021-08-22 15:40:00,9.24125728625858e-17,False
2021-08-22 15:50:00,1.155939089259956e-16,False
2021-08-22 16:00:00,1.1022487631212105e-16,False
2021-08-22 16:10:00,1.23667085324291e-16,False
2021-08-22 16:20:00,1.3307660455231348e-16,False
2021-08-22 16:30:00,1.1533635356222962e-16,False
2021-08-22 16:40:00,1.156351766003296e-16,False
2021-08-22 16:50:00,1.1028769603833407e-16,False
2021-08-22 17:00:00,1.040194409946658e-16,False
2021-08-22 17:10:00,1.3854299951334816e-16,False
2021-08-22 17:20:00,1.3819935645418814e-16,False
2021-08-22 17:30:00,1.121253692173488e-16,False
2021-08-22 17:40:00,1.2029780265274093e-16,False
2021-08-22 17:50:00,1.3178057849189823e-16,False
2021-08-22 18:00:00,1.1604386521641702e-16,False
2021-08-22 18:10:00,1.0603765141838573e-16,False
2021-08-22 18:20:00,1.3631367733604733e-16,False
2021-08-22 18:30:00,1.1847212063010444e-16,False
2021-08-22 18:40:00,1.28207578298199e-16,False
2021-08-22 18:50:00,,False
2021-08-22 19:00:00,1.2309871094798086e-16,False
2021-08-22 19:10:00,9.645899455787015e-17,False
2021-08-22 19:20:00,1.0779967981089217e-16,False
2021-08-22 19:30:00,1.1343952904854117e-16,False
2021-08-22 19:40:00,1.3424540143793652e-16,False
2021-08-22 19:50:00,9.910688619913646e-17,False
2021-08-22 20:00:00,1.1154482609475974e-16,False
2021-08-22 20:10:00,1.0737812722834418e-16,False
2021-08-22 20:20:00,,False
2021-08-22 20:30:00,1.2853908289734187e-16,False
2021-08-22 20:40:00,1.135656006986924e-16,False
2021-08-22 20:50:00,1.2476457928123638e-16,False
2021-08-22 21:00:00,1.0528367993622334e-16,False
2021-08-22 21:10:00,1.1894968603036157e-16,False
2021-08-22 21:20:00,1.2344195884977642e-16,False
2021-08-22 21:30:00,1.1675237560292534e-16,False
2021-08-22 21:40:00,1.1458024639888732e-16,False
2021-08-22 21:50:00,1.0959552278727015e-16,False
2021-08-22 22:00:00,1.2919534286053863e-16,False
2021-08-22 22:10:00,1.1841269891530427e-16,False
2021-08-22 22:20:00,,False
2021-08-22 22:30:00,1.189229444443472e-16,False
2021-08-22 22:40:00,1.181894672363241e-16,False
2021-08-22 22:50:00,1.2950247177639488e-16,False
2021-08-22 23:00:00,1.157336918939105e-16,False
2021-08-22 23:10:00,1.1701232127217747e-16,False
2021-08-22 23:20:00,1.1129511483555777e-16,False
2021-08-22 23:30:00,,False
2021-08-22 23:40:00,1.2675564664740836e-16,False
2021-08-22 23:50:00,1.2734407079068524e-16,False
2021-08-23 00:00:00,1.27975822209913e-16,False
2021-08-23 00:10:00,1.3142502228938963e-16,False
2021-08-23 00:20:00,1.125234564207675e-16,False
2021-08-23 00:30:00,1.1953228238935486e-16,False
2021-08-23 00:40:00,1.01011282212951e-16,False
2021-08-23 00:50:00,1.2706129366358428e-16,False
2021-08-23 01:00:00,,False
2021-08-23 01:10:00,1.2638933373530682e-16,False
2021-08-23 01:20:00,1.3583466362888397e-16,False
2021-08-23 01:30:00,1.0549397199365213e-16,False
2021-08-23 01:40:00,1.4558006410349496e-16,False
2021-08-23 01:50:00,1.3932324392792097e-16,False
2021-08-23 02:00:00,1.1204734879526686e-16,False
2021-08-23 02:10:00,,False
2021-08-23 02:20:00,1.2726389330157748e-16,False
2021-08-23 02:30:00,1.3202783996733082e-16,False
2021-08-23 02:40:00,1.3351868449007354e-16,False
2021-08-23 02:50:00,9.973332301967737e-17,False
2021-08-23 03:00:00,1.3885278867500301e-16,False
2021-08-23 03:10:00,1.1778081435979386e-16,False
2021-08-23 03:20:00,1.421460657432091e-16,False
2021-08-23 03:30:00,1.1436938541575293e-16,False
2021-08-23 03:40:00,1.2492197192715444e-16,False
2021-08-23 03:50:00,1.2590854375338818e-16,False
2021-08-23 04:00:00,1.1181648172495336e-16,False
2021-08-23 04:10:00,1.205373225260632e-16,False
2021-08-23 04:20:00,1.1907389609875347e-16,False
2021-08-23 04:30:00,,False
2021-08-23 04:40:00,1.306469149262873e-16,False
2021-08-23 04:50:00,1.1117875066111508e-16,False
2021-08-23 05:00:00,1.1659945371018107e-16,False
2021-08-23 05:10:00,1.250383746272725e-16,False
2021-08-23 05:20:00,1.1836238319981582e-16,False
2021-08-23 05:30:00,1.5052334812371915e-16,False
2021-08-23 05:40:00,8.231911600427701e-17,False
2021-08-23 05:50:00,1.210889026273856e-16,False
2021-08-23 06:00:00,1.5421121004030598e-16,False
2021-08-23 06:10:00,1.291508721204139e-16,False
2021-08-23 06:20:00,1.2683042546503141e-16,False
2021-08-23 06:30:00,1.3325659911800023e-16,False
2021-08-23 06:40:00,1.3778567052068415e-16,False
2021-08-23 06:50:00,,False
2021-08-23 07:00:00,1.258870980646898e-16,False
2021-08-23 07:10:00,1.1882559941561404e-16,False
2021-08-23 07:20:00,1.0003941529609796e-16,False
2021-08-23 07:30:00,1.1331264666139055e-16,False
2021-08-23 07:40:00,1.2394733716551022e-16,False
2021-08-23 07:50:00,1.252283541340663e-16,False
2021-08-23 08:00:00,1.2621021370601235e-16,False
2021-08-23 08:10:00,1.2684100839251981e-16,False
2021-08-23 08:20:00,1.139687419142453e-16,False
2021-08-23 08:30:00,1.241036932893089e-16,False
2021-08-23 08:40:00,1.2843786145886612e-16,False
2021-08-23 08:50:00,1.2199754115060903e-16,False
2021-08-23 09:00:00,1.2788098311120054e-16,False
2021-08-23 09:10:00,1.2287112646075926e-16,False
2021-08-23 09:20:00,1.191293212028668e-16,False
2021-08-23 09:30:00,,False
2021-08-23 09:40:00,1.1221494562917433e-16,False
2021-08-23 09:50:00,1.3915275278045349e-16,False
2021-08-23 10:00:00,1.2462712434817593e-16,False
2021-08-23 10:10:00,9.412397697943293e-17,False
2021-08-23 10:20:00,1.0129124486104758e-16,False
2021-08-23 10:30:00,1.1374020109986635e-16,False
2021-08-23 10:40:00,1.1477732997661062e-16,False
2021-08-23 10:50:00,1.2515838720747055e-16,False
2021-08-23 11:00:00,,False
2021-08-23 11:10:00,1.3461319104165907e-16,False
2021-08-23 11:20:00,1.4417556087923968e-16,False
2021-08-23 11:30:00,1.1461706280724714e-16,False
2021-08-23 11:40:00,1.3688097686709555e-16,False
2021-08-23 11:50:00,1.117155691789749e-16,False
2021-08-23 12:00:00,1.1459550094137092e-16,False
2021-08-23 12:10:00,,False
2021-08-23 12:20:00,1.1049423826830514e-16,False
2021-08-23 12:30:00,1.0022757524924903e-16,False
2021-08-23 12:40:00,1.2506558792745154e-16,False
2021-08-23 12:50:00,1.1056835112497034e-16,False
2021-08-23 13:00:00,1.2348530405334763e-16,False
2021-08-23 13:10:00,1.189227884306676e-16,False
2021-08-23 13:20:00,1.237142271411535e-16,False
2021-08-23 13:30:00,1.0531333843290165e-16,False
2021-08-23 13:40:00,1.5442778789025886e-16,False
2021-08-23 13:50:00,1.3177651758171414e-16,False
2021-08-23 14:00:00,1.5160463974371346e-16,False
2021-08-23 14:10:00,1.146864013913559e-16,False
2021-08-23 14:20:00,1.1515750222586796e-16,False
2021-08-23 14:30:00,1.1991206770053225e-16,False
2021-08-23 14:40:00,1.3123499361282426e-16,False
2021-08-23 14:50:00,1.09951221391538e-16,False
2021-08-23 15:00:00,1.167951976644293e-16,False
2021-08-23 15:10:00,1.3531728185139067e-16,False
2021-08-23 15:20:00,8.851411067877389e-17,False
2021-08-23 15:30:00,1.0678576518762502e-16,False
2021-08-23 15:40:00,1.2234113837941994e-16,False
2021-08-23 15:50:00,1.2446789275681092e-16,False
2021-08-23 16:00:00,1.2184026009149248e-16,False
2021-08-23 16:10:00,1.4828303207363366e-16,False
2021-08-23 16:20:00,1.2637832142578084e-16,False
2021-08-23 16:30:00,1.2917787311985012e-16,False
2021-08-23 16:40:00,1.1529770397666253e-16,False
2021-08-23 16:50:00,1.4229933574387827e-16,False
2021-08-23 17:00:00,1.1572690144749345e-16,False
2021-08-23 17:10:00,1.2081773956907398e-16,False
2021-08-23 17:20:00,1.2411199694599272e-16,False
2021-08-23 17:30:00,1.1982754857487519e-16,False
2021-08-23 17:40:00,1.3492505485458154e-16,False
2021-08-23 17:50:00,1.2128086613777594e-16,False
2021-08-23 18:00:00,1.1612515386410356e-16,False
2021-08-23 18:10:00,1.193582127791877e-16,False
2021-08-23 18:20:00,1.2748790145189237e-16,False
2021-08-23 18:30:00,1.2418364443394303e-16,False
2021-08-23 18:40:00,1.3224045258161855e-16,False
2021-08-23 18:50:00,1.2974583573902777e-16,False
2021-08-23 19:00:00,1.2237883414046615e-16,False
2021-08-23 19:10:00,1.1806035387342858e-16,False
2021-08-23 19:20:00,1.352105960025385e-16,False
2021-08-23 19:30:00,1.3144067336010954e-16,False
2021-08-23 19:40:00,1.0633658855809917e-16,False
2021-08-23 19:50:00,1.1645261191871884e-16,False
2021-08-23 20:00:00,1.0783576407413608e-16,False
2021-08-23 20:10:00,1.2634286099326825e-16,False
2021-08-23 20:20:00,1.3095933466033388e-16,False
2021-08-23 20:30:00,,False
2021-08-23 20:40:00,1.1522929176503043e-16,False
2021-08-23 20:50:00,1.308725331955047e-16,False
2021-08-23 21:00:00,1.2014276296952216e-16,False
2021-08-23 21:10:00,1.1601365480236778e-16,False
2021-08-23 21:20:00,1.0945359823838924e-16,False
2021-08-23 21:30:00,1.3630351791512982e-16,False
2021-08-23 21:40:00,1.2274009507879355e-16,False
2021-08-23 21:50:00,1.353527910091997e-16,False
2021-08-23 22:00:00,1.122909000516319e-16,False
2021-08-23 22:10:00,1.1382016144297045e-16,False
2021-08-23 22:20:00,1.1955968842793713e-16,False
2021-08-23 22:30:00,1.038304132220701e-16,False
2021-08-23 22:40:00,9.170006294589012e-17,False
2021-08-23 22:50:00,1.3849815805893075e-16,False
2021-08-23 23:00:00,1.287192001201824e-16,False
2021-08-23 23:10:00,1.4039435588266793e-16,False
2021-08-23 23:20:00,1.2272113716766256e-16,False
2021-08-23 23:30:00,1.1083406080118893e-16,False
2021-08-23 23:40:00,1.246590503735404e-16,False
2021-08-23 23:50:00,1.319031903393108e-16,False
2021-08-24 00:00:00,1.294230235409238e-16,False
2021-08-24 00:10:00,1.3250311095340656e-16,False
2021-08-24 00:20:00,1.0920386634681373e-16,False
2021-08-24 00:30:00,1.0594477492631426e-16,False
2021-08-24 00:40:00,1.1102288908255948e-16,False
2021-08-24 00:50:00,1.3837159201195528e-16,False
2021-08-24 01:00:00,1.2502080074746759e-16,False
2021-08-24 01:10:00,1.3577993833254706e-16,False
2021-08-24 01:20:00,,False
2021-08-24 01:30:00,1.2956176116586636e-16,False
2021-08-24 01:40:00,1.1599443083212034e-16,False
2021-08-24 01:50:00,1.1862240763271703e-16,False
2021-08-24 02:00:00,9.03823988387887e-17,False
2021-08-24 02:10:00,1.0728931454852991e-16,False
2021-08-24 02:20:00,1.323690732027067e-16,False
2021-08-24 02:30:00,1.2785088430076793e-16,False
2021-08-24 02:40:00,1.2860155089707692e-16,False
2021-08-24 02:50:00,9.692683348070946e-17,False
2021-08-24 03:00:00,1.1732563413136341e-16,False
2021-08-24 03:10:00,1.2211196782690777e-16,False
2021-08-24 03:20:00,1.165738843882947e-16,False
2021-08-24 03:30:00,1.1809971262589085e-16,False
2021-08-24 03:40:00,1.112822256562732e-16,False
2021-08-24 03:50:00,1.0089831524971225e-16,False
2021-08-24 04:00:00,1.0768745938640691e-16,False
2021-08-24 04:10:00,1.20699907422371e-16,False
2021-08-24 04:20:00,1.3566965988961455e-16,False
2021-08-24 04:30:00,1.3157458364213643e-16,False
2021-08-24 04:40:00,1.1730248621153102e-16,False
2021-08-24 04:50:00,1.3496695398248627e-16,False
2021-08-24 05:00:00,1.2895378907649058e-16,False
2021-08-24 05:10:00,1.2966722897122512e-16,False
2021-08-24 05:20:00,1.1948809200682388e-16,False
2021-08-24 05:30:00,1.2516781551897462e-16,False
2021-08-24 05:40:00,1.0535726800262968e-16,False
2021-08-24 05:50:00,,False
2021-08-24 06:00:00,1.3068233864511176e-16,False
2021-08-24 06:10:00,1.1432733055886487e-16,False
2021-08-24 06:20:00,1.155810833607197e-16,False
2021-08-24 06:30:00,1.208335812519871e-16,False
2021-08-24 06:40:00,1.3393761186003472e-16,False
2021-08-24 06:50:00,1.3523303248007594e-16,False
2021-08-24 07:00:00,1.0715014679376194e-16,False
2021-08-24 07:10:00,1.242160569163586e-16,False
2021-08-24 07:20:00,1.2973144855755206e-16,False
2021-08-24 07:30:00,1.3684979808450664e-16,False
2021-08-24 07:40:00,1.372065405783165e-16,False
2021-08-24 07:50:00,1.1321757088046712e-16,False
2021-08-24 08:00:00,1.2808794008477662e-16,False
2021-08-24 08:10:00,1.1684656913874557e-16,False
2021-08-24 08:20:00,1.1002151133477072e-16,False
2021-08-24 08:30:00,1.0235097414143149e-16,False
2021-08-24 08:40:00,9.904883177027922e-17,False
2021-08-24 08:50:00,1.287512513845136e-16,False
2021-08-24 09:00:00,1.2890523869284363e-16,False
2021-08-24 09:10:00,1.283061887649655e-16,False
2021-08-24 09:20:00,1.3059567588981785e-16,False
2021-08-24 09:30:00,1.2052096056549293e-16,False
2021-08-24 09:40:00,1.299876030804951e-16,False
2021-08-24 09:50:00,1.4202181162189692e-16,False
2021-08-24 10:00:00,1.2344504895258956e-16,False
2021-08-24 10:10:00,1.10933795837663e-16,False
2021-08-24 10:20:00,1.2320045297930977e-16,False
2021-08-24 10:30:00,1.270728418530427e-16,False
2021-08-24 10:40:00,1.2452985962392185e-16,False
2021-08-24 10:50:00,1.0274724702291344e-16,False
2021-08-24 11:00:00,1.1359856869301064e-16,False
2021-08-24 11:10:00,1.111873650087676e-16,False
2021-08-24 11:20:00,1.2307922935332423e-16,False
2021-08-24 11:30:00,1.3910410663795468e-16,False
2021-08-24 11:40:00,1.3286752637562218e-16,False
2021-08-24 11:50:00,1.3476502617253603e-16,False
2021-08-24 12:00:00,1.0581288296980681e-16,False
2021-08-24 12:10:00,1.3678847470957196e-16,False
2021-08-24 12:20:00,1.1513182000405983e-16,False
2021-08-24 12:30:00,1.079567084760869e-16,False
2021-08-24 12:40:00,9.875746721760385e-17,False
2021-08-24 12:50:00,1.2805504295113539e-16,False
2021-08-24 13:00:00,1.218459645218472e-16,False
2021-08-24 13:10:00,1.308346534105356e-16,False
2021-08-24 13:20:00,1.178160695577841e-16,False
2021-08-24 13:30:00,1.1415748373014048e-16,False
2021-08-24 13:40:00,1.1018480847545116e-16,False
2021-08-24 13:50:00,1.2911340522912112e-16,False
2021-08-24 14:00:00,1.1422667664558398e-16,False
2021-08-24 14:10:00,1.247425017506821e-16,False
2021-08-24 14:20:00,1.3130274005191305e-16,False
2021-08-24 14:30:00,1.2953706924460427e-16,False
2021-08-24 14:40:00,1.2454611313907043e-16,False
2021-08-24 14:50:00,1.2262051940155928e-16,False
2021-08-24 15:00:00,1.091493849536872e-16,False
2021-08-24 15:10:00,1.227902789035606e-16,False
2021-08-24 15:20:00,1.1391457583983976e-16,False
2021-08-24 15:30:00,1.1274177687592966e-16,False
2021-08-24 15:40:00,9.765830587172773e-17,False
2021-08-24 15:50:00,1.0913501929986494e-16,False
2021-08-24 16:00:00,1.366937325260103e-16,False
2021-08-24 16:10:00,1.1255658611627708e-16,False
2021-08-24 16:20:00,1.096184278925998e-16,False
2021-08-24 16:30:00,1.3362959927372556e-16,False
2021-08-24 16:40:00,1.0414951057424103e-16,False
2021-08-24 16:50:00,1.2460035347141829e-16,False
2021-08-24 17:00:00,,False
2021-08-24 17:10:00,1.0926196873697129e-16,False
2021-08-24 17:20:00,1.3886882475503035e-16,False
2021-08-24 17:30:00,1.1460040118195863e-16,False
2021-08-24 17:40:00,1.1242615336069713e-16,False
2021-08-24 17:50:00,1.0068148096322473e-16,False
2021-08-24 18:00:00,1.247789509702243e-16,False
2021-08-24 18:10:00,1.2831255647892676e-16,False
2021-08-24 18:20:00,1.1284350276901637e-16,False
2021-08-24 18:30:00,1.205998464707411e-16,False
2021-08-24 18:40:00,1.1604780905862697e-16,False
2021-08-24 18:50:00,,False
2021-08-24 19:00:00,1.2376777684587266e-16,False
2021-08-24 19:10:00,,False
2021-08-24 19:20:00,1.5193583281881396e-16,False
2021-08-24 19:30:00,1.0531805445249492e-16,False
2021-08-24 19:40:00,1.3168999488982964e-16,False
2021-08-24 19:50:00,1.251623694070195e-16,False
2021-08-24 20:00:00,1.2526920457537307e-16,False
2021-08-24 20:10:00,1.2373224731172797e-16,False
2021-08-24 20:20:00,1.3468207878134176e-16,False
2021-08-24 20:30:00,1.1840459571906762e-16,False
2021-08-24 20:40:00,1.438077178365176e-16,False
2021-08-24 20:50:00,1.112132582554995e-16,False
2021-08-24 21:00:00,1.2087462968055537e-16,False
2021-08-24 21:10:00,1.249189431621571e-16,False
2021-08-24 21:20:00,1.0370785543349301e-16,False
2021-08-24 21:30:00,1.0502361312274956e-16,False
2021-08-24 21:40:00,1.2432842007072668e-16,False
2021-08-24 21:50:00,1.290298112198872e-16,False
2021-08-24 22:00:00,1.0518888538995898e-16,False
2021-08-24 22:10:00,1.1103427272089394e-16,False
2021-08-24 22:20:00,1.201319098322563e-16,False
2021-08-24 22:30:00,1.098156592921259e-16,False
2021-08-24 22:40:00,1.2296413080120463e-16,False
2021-08-24 22:50:00,1.1708455205603553e-16,False
2021-08-24 23:00:00,1.1640141901238553e-16,False
2021-08-24 23:10:00,,False
2021-08-24 23:20:00,1.2971975740323421e-16,False
2021-08-24 23:30:00,1.3966778855645945e-16,False
2021-08-24 23:40:00,1.1746878896461095e-16,False
2021-08-24 23:50:00,1.2380066127469853e-16,False
2021-08-25 00:00:00,1.4114075112068792e-16,False
2021-08-25 00:10:00,1.3338011932056385e-16,False
2021-08-25 00:20:00,1.1169929733010924e-16,False
2021-08-25 00:30:00,1.1983234253644652e-16,False
2021-08-25 00:40:00,1.309265344647679e-16,False
2021-08-25 00:50:00,1.3564924897386278e-16,False
2021-08-25 01:00:00,1.2929941844935742e-16,False
2021-08-25 01:10:00,1.2655995091810656e-16,False
2021-08-25 01:20:00,1.0159730103368498e-16,False
2021-08-25 01:30:00,1.042649690149662e-16,False
2021-08-25 01:40:00,1.2233517850302992e-16,False
2021-08-25 01:50:00,1.176575701176116e-16,False
2021-08-25 02:00:00,1.2528840634933872e-16,False
2021-08-25 02:10:00,1.2365642289578246e-16,False
2021-08-25 02:20:00,1.1970965841878776e-16,False
2021-08-25 02:30:00,,False
2021-08-25 02:40:00,1.2766639934413386e-16,False
2021-08-25 02:50:00,1.4965966605016269e-16,False
2021-08-25 03:00:00,1.1418581300732434e-16,False
2021-08-25 03:10:00,1.3337553097603083e-16,False
2021-08-25 03:20:00,1.3335125441014795e-16,False
2021-08-25 03:30:00,1.336750604058517e-16,False
2021-08-25 03:40:00,1.4533425996671358e-16,False
2021-08-25 03:50:00,1.3345682631014858e-16,False
2021-08-25 04:00:00,1.3351166096939805e-16,False
2021-08-25 04:10:00,1.0784120476489153e-16,False
2021-08-25 04:20:00,1.5224684267097974e-16,False
2021-08-25 04:30:00,1.3421094041992298e-16,False
2021-08-25 04:40:00,1.1972821983136254e-16,False
2021-08-25 04:50:00,1.1963021885724724e-16,False
2021-08-25 05:00:00,1.0102393512467086e-16,False
2021-08-25 05:10:00,1.0713498425762346e-16,False
2021-08-25 05:20:00,1.3857487169570253e-16,False
2021-08-25 05:30:00,1.0910720732224502e-16,False
2021-08-25 05:40:00,1.3261340797286643e-16,False
2021-08-25 05:50:00,1.1059175355839283e-16,False
2021-08-25 06:00:00,1.0825304359045541e-16,False
2021-08-25 06:10:00,1.233580558688234e-16,False
2021-08-25 06:20:00,,False
2021-08-25 06:30:00,1.4818344762856352e-16,False
2021-08-25 06:40:00,,False
2021-08-25 06:50:00,1.3436895104642956e-16,False
2021-08-25 07:00:00,1.2318184701555455e-16,False
2021-08-25 07:10:00,1.0706204540734844e-16,False
2021-08-25 07:20:00,1.269006398611601e-16,False
2021-08-25 07:30:00,1.5949440069347633e-16,False
2021-08-25 07:40:00,1.3075005634470294e-16,False
2021-08-25 07:50:00,1.3232326855901157e-16,False
2021-08-25 08:00:00,1.272277584440519e-16,False
2021-08-25 08:10:00,1.291147840479094e-16,False
2021-08-25 08:20:00,9.70699999131575e-17,False
2021-08-25 08:30:00,1.1451645185056521e-16,False
2021-08-25 08:40:00,1.150405527446395e-16,False
2021-08-25 08:50:00,1.3850870981096165e-16,False
2021-08-25 09:00:00,1.2229580156734134e-16,False
2021-08-25 09:10:00,1.2132391971023697e-16,False
2021-08-25 09:20:00,1.320757223084682e-16,False
2021-08-25 09:30:00,1.3841784439624122e-16,False
2021-08-25 09:40:00,1.141167479520569e-16,False
2021-08-25 09:50:00,1.2222328262880545e-16,False
2021-08-25 10:00:00,1.0449877388688127e-16,False
2021-08-25 10:10:00,1.0907772237089128e-16,False
2021-08-25 10:20:00,9.156095140225958e-17,False
2021-08-25 10:30:00,1.2200139683972252e-16,False
2021-08-25 10:40:00,1.1376990608616884e-16,False
2021-08-25 10:50:00,1.0296592556478045e-16,False
2021-08-25 11:00:00,1.1185737273219816e-16,False
2021-08-25 11:10:00,1.3184598057575738e-16,False
2021-08-25 11:20:00,1.1593414206221295e-16,False
2021-08-25 11:30:00,1.2800885176344626e-16,False
2021-08-25 11:40:00,1.2779480565834715e-16,False
2021-08-25 11:50:00,1.2333659778146022e-16,False
2021-08-25 12:00:00,1.2493303877929429e-16,False
2021-08-25 12:10:00,1.359372025182479e-16,False
2021-08-25 12:20:00,1.295586570056064e-16,False
2021-08-25 12:30:00,1.3416852505102107e-16,False
2021-08-25 12:40:00,1.2059318336405342e-16,False
2021-08-25 12:50:00,1.2620814579662026e-16,False
2021-08-25 13:00:00,1.1496403766632983e-16,False
2021-08-25 13:10:00,1.1412631916654949e-16,False
2021-08-25 13:20:00,9.652343618320684e-17,False
2021-08-25 13:30:00,1.1231552606719395e-16,False
2021-08-25 13:40:00,1.2253708662581333e-16,False
2021-08-25 13:50:00,1.198668524051121e-16,False
2021-08-25 14:00:00,1.3521067261476374e-16,False
2021-08-25 14:10:00,1.4688489644036847e-16,False
2021-08-25 14:20:00,1.3424828656861695e-16,False
2021-08-25 14:30:00,1.3156465210874625e-16,False
2021-08-25 14:40:00,1.1288885021050453e-16,False
2021-08-25 14:50:00,8.988445508774564e-17,False
2021-08-25 15:00:00,,False
2021-08-25 15:10:00,1.1922706871683183e-16,False
2021-08-25 15:20:00,1.177239493840388e-16,False
2021-08-25 15:30:00,,False
2021-08-25 15:40:00,,False
2021-08-25 15:50:00,1.145576613657513e-16,False
2021-08-25 16:00:00,1.24079656061634e-16,False
2021-08-25 16:10:00,1.234400967522835e-16,False
2021-08-25 16:20:00,1.306688080934027e-16,False
2021-08-25 16:30:00,1.1927329815085493e-16,False
2021-08-25 16:40:00,1.0960737993630133e-16,False
2021-08-25 16:50:00,1.0900144442635533e-16,False
2021-08-25 17:00:00,1.427823222424696e-16,False
2021-08-25 17:10:00,1.1122181079111173e-16,False
2021-08-25 17:20:00,1.2645829143126367e-16,False
2021-08-25 17:30:00,1.0762143358558354e-16,False
2021-08-25 17:40:00,1.0385068996368661e-16,False
2021-08-25 17:50:00,1.1858009262273895e-16,False
2021-08-25 18:00:00,1.4806175140573324e-16,False
2021-08-25 18:10:00,1.1907116306174067e-16,False
2021-08-25 18:20:00,1.1473799254242593e-16,False
2021-08-25 18:30:00,1.359255067333828e-16,False
2021-08-25 18:40:00,1.353645817109971e-16,False
2021-08-25 18:50:00,1.107220671706326e-16,False
2021-08-25 19:00:00,1.2313074727274197e-16,False
2021-08-25 19:10:00,1.2539885559717945e-16,False
2021-08-25 19:20:00,1.133818740483986e-16,False
2021-08-25 19:30:00,1.1006789564074026e-16,False
2021-08-25 19:40:00,1.2105913003163152e-16,False
2021-08-25 19:50:00,1.1856812638986089e-16,False
2021-08-25 20:00:00,1.2190151250435924e-16,False
2021-08-25 20:10:00,1.0811463521168268e-16,False
2021-08-25 20:20:00,1.174255168187139e-16,False
2021-08-25 20:30:00,1.1069150357942085e-16,False
2021-08-25 20:40:00,,False
2021-08-25 20:50:00,1.1443651257838978e-16,False
2021-08-25 21:00:00,1.3737520031646183e-16,False
2021-08-25 21:10:00,1.395636985625599e-16,False
2021-08-25 21:20:00,1.2876472590094523e-16,False
2021-08-25 21:30:00,1.2320364601874332e-16,False
2021-08-25 21:40:00,1.4602819487384924e-16,False
2021-08-25 21:50:00,,False
2021-08-25 22:00:00,1.0709159246685293e-16,False
2021-08-25 22:10:00,1.4544298099072448e-16,False
2021-08-25 22:20:00,,False
2021-08-25 22:30:00,1.0313336206381864e-16,False
2021-08-25 22:40:00,1.2381946711927246e-16,False
2021-08-25 22:50:00,1.1773789912874447e-16,False
2021-08-25 23:00:00,1.0837120354371641e-16,False
2021-08-25 23:10:00,1.0884010961442755e-16,False
2021-08-25 23:20:00,1.1951999302338793e-16,False
2021-08-25 23:30:00,1.3212242117776815e-16,False
2021-08-25 23:40:00,1.209916156679646e-16,False
2021-08-25 23:50:00,1.0015923782980677e-16,False
2021-08-26 00:00:00,1.0417116794403454e-16,False
2021-08-26 00:10:00,1.3030991133762143e-16,False
2021-08-26 00:20:00,,False
2021-08-26 00:30:00,1.124069313543471e-16,False
2021-08-26 00:40:00,1.1725400477117726e-16,False
2021-08-26 00:50:00,1.1083865838754436e-16,False
2021-08-26 01:00:00,1.198161824765015e-16,False
2021-08-26 01:10:00,1.382526490089148e-16,False
2021-08-26 01:20:00,1.0923482338971146e-16,False
2021-08-26 01:30:00,1.3830966602413932e-16,False
2021-08-26 01:40:00,9.209056056570361e-17,False
2021-08-26 01:50:00,1.3435501735625462e-16,False
2021-08-26 02:00:00,1.185608668151631e-16,False
2021-08-26 02:10:00,1.2706102451765563e-16,False
2021-08-26 02:20:00,1.1659503135540769e-16,False
2021-08-26 02:30:00,1.3537878437020327e-16,False
2021-08-26 02:40:00,1.2449928791491466e-16,False
2021-08-26 02:50:00,1.1748416833120509e-16,False
2021-08-26 03:00:00,1.3053065771219427e-16,False
2021-08-26 03:10:00,1.220163813949417e-16,False
2021-08-26 03:20:00,1.42992700492982e-16,False
2021-08-26 03:30:00,1.1543121235307538e-16,False
2021-08-26 03:40:00,1.3194346722262938e-16,False
2021-08-26 03:50:00,1.069921861188565e-16,False
2021-08-26 04:00:00,1.2431647668890886e-16,False
2021-08-26 04:10:00,1.3041272764998335e-16,False
2021-08-26 04:20:00,1.3464247394684996e-16,False
2021-08-26 04:30:00,1.0603323341375317e-16,False
2021-08-26 04:40:00,1.1560088069570004e-16,False
2021-08-26 04:50:00,8.583722454323357e-17,False
2021-08-26 05:00:00,1.0226067072974342e-16,False
2021-08-26 05:10:00,1.1641063551102963e-16,False
2021-08-26 05:20:00,1.2133184511741677e-16,False
2021-08-26 05:30:00,1.278353091733838e-16,False
2021-08-26 05:40:00,1.550464187937871e-16,False
2021-08-26 05:50:00,1.1193732973096307e-16,False
2021-08-26 06:00:00,1.3415842782476847e-16,False
2021-08-26 06:10:00,1.0847528589047468e-16,False
2021-08-26 06:20:00,1.3026828743735208e-16,False
2021-08-26 06:30:00,1.2905510506322842e-16,False
2021-08-26 06:40:00,1.2505340761337746e-16,False
2021-08-26 06:50:00,1.2353130849085305e-16,False
2021-08-26 07:00:00,,False
2021-08-26 07:10:00,1.1257874416763773e-16,False
2021-08-26 07:20:00,1.2478583295450782e-16,False
2021-08-26 07:30:00,1.141396179879936e-16,False
2021-08-26 07:40:00,1.3162194914828443e-16,False
2021-08-26 07:50:00,1.2497616095126275e-16,False
2021-08-26 08:00:00,1.152162905465486e-16,False
2021-08-26 08:10:00,1.019136349541981e-16,False
2021-08-26 08:20:00,1.166480806329092e-16,False
2021-08-26 08:30:00,1.6485698881367866e-16,False
2021-08-26 08:40:00,1.246188544147969e-16,False
2021-08-26 08:50:00,1.1362348339307946e-16,False
2021-08-26 09:00:00,1.1334022350741656e-16,False
2021-08-26 09:10:00,1.291180409033028e-16,False
2021-08-26 09:20:00,1.4328724872172164e-16,False
2021-08-26 09:30:00,1.256670253597731e-16,False
2021-08-26 09:40:00,1.2430086819747251e-16,False
2021-08-26 09:50:00,1.1457073813705754e-16,False
2021-08-26 10:00:00,1.2811413052961335e-16,False
2021-08-26 10:10:00,1.0309314478005098e-16,False
2021-08-26 10:20:00,,False
2021-08-26 10:30:00,,False
2021-08-26 10:40:00,1.0706285612134424e-16,False
2021-08-26 10:50:00,1.1663406568072907e-16,False
2021-08-26 11:00:00,1.4225286887436182e-16,False
2021-08-26 11:10:00,1.2042846374489947e-16,False
2021-08-26 11:20:00,1.0275516992680234e-16,False
2021-08-26 11:30:00,1.0210549691000248e-16,False
2021-08-26 11:40:00,1.1882577252986602e-16,False
2021-08-26 11:50:00,1.3042166397122732e-16,False
2021-08-26 12:00:00,1.2241394392568152e-16,False
2021-08-26 12:10:00,1.3101028573740457e-16,False
2021-08-26 12:20:00,1.265186430813028e-16,False
2021-08-26 12:30:00,1.0881399907755348e-16,False
2021-08-26 12:40:00,1.0721446826507048e-16,False
2021-08-26 12:50:00,1.2138550846332825e-16,False
2021-08-26 13:00:00,1.475667338102677e-16,False
2021-08-26 13:10:00,1.237423266773803e-16,False
2021-08-26 13:20:00,1.1064208924172449e-16,False
2021-08-26 13:30:00,1.0623196917434935e-16,False
2021-08-26 13:40:00,1.3518684875398928e-16,False
2021-08-26 13:50:00,1.0730375793164166e-16,False
2021-08-26 14:00:00,1.285814862059999e-16,False
2021-08-26 14:10:00,1.1711288160436733e-16,False
2021-08-26 14:20:00,1.3210051241863149e-16,False
2021-08-26 14:30:00,1.2246595652242787e-16,False
2021-08-26 14:40:00,1.2372634215368852e-16,False
2021-08-26 14:50:00,1.4305724719415296e-16,False
2021-08-26 15:00:00,1.1264937811225904e-16,False
2021-08-26 15:10:00,1.3500920140202052e-16,False
2021-08-26 15:20:00,1.2597161973679117e-16,False
2021-08-26 15:30:00,1.075492133511113e-16,False
2021-08-26 15:40:00,1.112916401695111e-16,False
2021-08-26 15:50:00,1.4764919470424514e-16,False
2021-08-26 16:00:00,1.235055302541815e-16,False
2021-08-26 16:10:00,1.286563174025615e-16,False
2021-08-26 16:20:00,1.1821435192541798e-16,False
2021-08-26 16:30:00,1.2698200567698522e-16,False
2021-08-26 16:40:00,1.278813773793994e-16,False
2021-08-26 16:50:00,1.2203176223145968e-16,False
2021-08-26 17:00:00,1.3453341841201438e-16,False
2021-08-26 17:10:00,1.3109528090303234e-16,False
2021-08-26 17:20:00,1.1798047992302451e-16,False
2021-08-26 17:30:00,1.1926509588338292e-16,False
2021-08-26 17:40:00,1.1817451153322084e-16,False
2021-08-26 17:50:00,1.1891040985069015e-16,False
2021-08-26 18:00:00,1.2784374490940397e-16,False
2021-08-26 18:10:00,1.2814608942247926e-16,False
2021-08-26 18:20:00,1.1626988111534727e-16,False
2021-08-26 18:30:00,1.2584285716009827e-16,False
2021-08-26 18:40:00,1.2938022446819467e-16,False
2021-08-26 18:50:00,1.1223946833455133e-16,False
2021-08-26 19:00:00,,False
2021-08-26 19:10:00,1.1329797451071507e-16,False
2021-08-26 19:20:00,1.1165008342021466e-16,False
2021-08-26 19:30:00,1.227738672343577e-16,False
2021-08-26 19:40:00,1.261685675282045e-16,False
2021-08-26 19:50:00,1.1230585599917842e-16,False
2021-08-26 20:00:00,,False
2021-08-26 20:10:00,1.4480471929057884e-16,False
2021-08-26 20:20:00,1.320496659430796e-16,False
2021-08-26 20:30:00,1.047884352792654e-16,False
2021-08-26 20:40:00,1.2629682917443979e-16,False
2021-08-26 20:50:00,9.365694944188513e-17,False
2021-08-26 21:00:00,1.229161307059977e-16,False
2021-08-26 21:10:00,1.1983848434854374e-16,False
2021-08-26 21:20:00,1.248288168114705e-16,False
2021-08-26 21:30:00,1.1911428462782299e-16,False
2021-08-26 21:40:00,1.1693258289080538e-16,False
2021-08-26 21:50:00,,False
2021-08-26 22:00:00,1.150876939541449e-16,False
2021-08-26 22:10:00,1.2185239053837628e-16,False
2021-08-26 22:20:00,1.2737864795415934e-16,False
2021-08-26 22:30:00,1.3602581007339215e-16,False
2021-08-26 22:40:00,1.1648036673270421e-16,False
2021-08-26 22:50:00,1.2958725730879055e-16,False
2021-08-26 23:00:00,1.2488113788143006e-16,False
2021-08-26 23:10:00,1.443478508321056e-16,False
2021-08-26 23:20:00,1.240555753554698e-16,False
2021-08-26 23:30:00,1.2033335041690023e-16,False
2021-08-26 23:40:00,1.11510432599266e-16,False
2021-08-26 23:50:00,1.3589055146803632e-16,False
2021-08-27 00:00:00,1.0694580111411055e-16,False
2021-08-27 00:10:00,1.3195375571449875e-16,False
2021-08-27 00:20:00,1.3091932530649252e-16,False
2021-08-27 00:30:00,1.3058368914204907e-16,False
2021-08-27 00:40:00,1.2454330426579638e-16,False
2021-08-27 00:50:00,1.2064929570049246e-16,False
2021-08-27 01:00:00,,False
2021-08-27 01:10:00,9.080934951367606e-17,False
2021-08-27 01:20:00,1.1616061478193758e-16,False
2021-08-27 01:30:00,1.2771987810265855e-16,False
2021-08-27 01:40:00,1.1258524199206372e-16,False
2021-08-27 01:50:00,1.2693237113139764e-16,False
2021-08-27 02:00:00,1.2160133368549926e-16,False
2021-08-27 02:10:00,1.2787219180034023e-16,False
2021-08-27 02:20:00,1.315276761561468e-16,False
2021-08-27 02:30:00,1.173948494204295e-16,False
2021-08-27 02:40:00,1.230689601747376e-16,False
2021-08-27 02:50:00,1.1036535284492375e-16,False
2021-08-27 03:00:00,1.2056433878254055e-16,False
2021-08-27 03:10:00,1.251927442888988e-16,False
2021-08-27 03:20:00,1.2765709999181216e-16,False
2021-08-27 03:30:00,1.302504566864671e-16,False
2021-08-27 03:40:00,1.1926809500480684e-16,False
2021-08-27 03:50:00,1.321192605435167e-16,False
2021-08-27 04:00:00,1.1515807117780533e-16,False
2021-08-27 04:10:00,1.0283124067985877e-16,False
2021-08-27 04:20:00,,False
2021-08-27 04:30:00,1.0965608287826942e-16,False
2021-08-27 04:40:00,1.3016111816053244e-16,False
2021-08-27 04:50:00,1.2584445067998452e-16,False
2021-08-27 05:00:00,,False
2021-08-27 05:10:00,1.1705720444632573e-16,False
2021-08-27 05:20:00,1.2375276725455854e-16,False
2021-08-27 05:30:00,1.0630943698939154e-16,False
2021-08-27 05:40:00,1.2429684323024158e-16,False
2021-08-27 05:50:00,1.3674037526459983e-16,False
2021-08-27 06:00:00,1.3371214402017304e-16,False
2021-08-27 06:10:00,1.2871808512196598e-16,False
2021-08-27 06:20:00,1.1246339638383633e-16,False
2021-08-27 06:30:00,1.298394648280885e-16,False
2021-08-27 06:40:00,1.1073881453526473e-16,False
2021-08-27 06:50:00,1.1284465795298964e-16,False
2021-08-27 07:00:00,1.1074568690536282e-16,False
2021-08-27 07:10:00,1.310773657602334e-16,False
2021-08-27 07:20:00,1.2745869647102533e-16,False
2021-08-27 07:30:00,,False
2021-08-27 07:40:00,1.3929173591563716e-16,False
2021-08-27 07:50:00,1.0386657998963223e-16,False
2021-08-27 08:00:00,9.940084720853292e-17,False
2021-08-27 08:10:00,,False
2021-08-27 08:20:00,1.222936631262885e-16,False
2021-08-27 08:30:00,1.0923398185438512e-16,False
2021-08-27 08:40:00,1.2566735885848007e-16,False
2021-08-27 08:50:00,1.2562687066550838e-16,False
2021-08-27 09:00:00,1.1751991597901085e-16,False
2021-08-27 09:10:00,1.201826285795539e-16,False
2021-08-27 09:20:00,1.1824880493175428e-16,False
2021-08-27 09:30:00,1.0683462180535265e-16,False
2021-08-27 09:40:00,1.2739816477264318e-16,False
2021-08-27 09:50:00,1.29637765148146e-16,False
2021-08-27 10:00:00,1.321285567248741e-16,False
2021-08-27 10:10:00,1.3041770000759382e-16,False
2021-08-27 10:20:00,1.3142326648913382e-16,False
2021-08-27 10:30:00,1.4162209441157146e-16,False
2021-08-27 10:40:00,1.1067899918785076e-16,False
2021-08-27 10:50:00,1.180319826662046e-16,False
2021-08-27 11:00:00,1.26374014626072e-16,False
2021-08-27 11:10:00,1.068859019555769e-16,False
2021-08-27 11:20:00,1.4399658800140292e-16,False
2021-08-27 11:30:00,1.2635608280694737e-16,False
2021-08-27 11:40:00,1.1443409053418833e-16,False
2021-08-27 11:50:00,1.2999021557842428e-16,False
2021-08-27 12:00:00,1.1844570656862436e-16,False
2021-08-27 12:10:00,8.846608875681355e-17,False
2021-08-27 12:20:00,1.2984201268723847e-16,False
2021-08-27 12:30:00,1.3370826396032417e-16,False
2021-08-27 12:40:00,1.135060677528184e-16,False
2021-08-27 12:50:00,1.1290195762814531e-16,False
2021-08-27 13:00:00,1.3173832657124822e-16,False
2021-08-27 13:10:00,1.4029296961772773e-16,False
2021-08-27 13:20:00,1.157018803601432e-16,False
2021-08-27 13:30:00,1.2331100209924872e-16,False
2021-08-27 13:40:00,,False
2021-08-27 13:50:00,1.3015184871550269e-16,False
2021-08-27 14:00:00,1.20715277054779e-16,False
2021-08-27 14:10:00,1.0612137035980664e-16,False
2021-08-27 14:20:00,1.3809074840322962e-16,False
2021-08-27 14:30:00,1.266291521803917e-16,False
2021-08-27 14:40:00,1.1708255028032624e-16,False
2021-08-27 14:50:00,1.323644150247416e-16,False
2021-08-27 15:00:00,1.0631687525822582e-16,False
2021-08-27 15:10:00,1.336872365207359e-16,False
2021-08-27 15:20:00,1.0550458652290112e-16,False
2021-08-27 15:30:00,1.121710202916415e-16,False
2021-08-27 15:40:00,,False
2021-08-27 15:50:00,1.3073212595255802e-16,False
2021-08-27 16:00:00,1.1882971191622134e-16,False
2021-08-27 16:10:00,1.0479985923773471e-16,False
2021-08-27 16:20:00,,False
2021-08-27 16:30:00,1.0454148209237267e-16,False
2021-08-27 16:40:00,1.125151691861153e-16,False
2021-08-27 16:50:00,1.5381239831065732e-16,False
2021-08-27 17:00:00,1.185804263071592e-16,False
2021-08-27 17:10:00,1.2792956200195838e-16,False
2021-08-27 17:20:00,1.230152599598351e-16,False
2021-08-27 17:30:00,1.2666890422195208e-16,False
2021-08-27 17:40:00,1.4090110463353058e-16,False
2021-08-27 17:50:00,1.276744680789225e-16,False
2021-08-27 18:00:00,1.2440181771586942e-16,False
2021-08-27 18:10:00,,False
2021-08-27 18:20:00,1.1775945097075805e-16,False
2021-08-27 18:30:00,1.130687474550094e-16,False
2021-08-27 18:40:00,1.2221342488966315e-16,False
2021-08-27 18:50:00,1.0647827534632586e-16,False
2021-08-27 19:00:00,1.2960024229325186e-16,False
2021-08-27 19:10:00,1.3657211567500445e-16,False
2021-08-27 19:20:00,1.3184661244282361e-16,False
2021-08-27 19:30:00,1.33049693972396e-16,False
2021-08-27 19:40:00,1.2685006688270384e-16,False
2021-08-27 19:50:00,1.1464541061230877e-16,False
2021-08-27 20:00:00,1.2175021908833565e-16,False
2021-08-27 20:10:00,1.1671413990661484e-16,False
2021-08-27 20:20:00,1.1129938704431227e-16,False
2021-08-27 20:30:00,1.1891297661835562e-16,False
2021-08-27 20:40:00,1.1978286654803044e-16,False
2021-08-27 20:50:00,1.2099908563380875e-16,False
2021-08-27 21:00:00,1.0380090488303719e-16,False
2021-08-27 21:10:00,1.4482577874559604e-16,False
2021-08-27 21:20:00,1.1503004649675886e-16,False
2021-08-27 21:30:00,1.1429478386688368e-16,False
2021-08-27 21:40:00,1.2486412652279616e-16,False
2021-08-27 21:50:00,1.0832543646797586e-16,False
2021-08-27 22:00:00,1.2505944885924533e-16,False
2021-08-27 22:10:00,1.3190461686616095e-16,False
2021-08-27 22:20:00,1.1095671095676448e-16,False
2021-08-27 22:30:00,1.3244414880061608e-16,False
2021-08-27 22:40:00,1.3698666869484333e-16,False
2021-08-27 22:50:00,1.254130526919366e-16,False
2021-08-27 23:00:00,1.083233758754073e-16,False
2021-08-27 23:10:00,1.4214559487173043e-16,False
2021-08-27 23:20:00,1.4958981224065881e-16,False
2021-08-27 23:30:00,1.0832023591578224e-16,False
2021-08-27 23:40:00,1.1995833950028377e-16,False
2021-08-27 23:50:00,1.4143310888159166e-16,False
2021-08-28 00:00:00,1.2174453457213255e-16,False
2021-08-28 00:10:00,1.0950513473136995e-16,False
2021-08-28 00:20:00,1.2257525655433564e-16,False
2021-08-28 00:30:00,1.2333285567152145e-16,False
2021-08-28 00:40:00,1.3468218308483318e-16,False
2021-08-28 00:50:00,1.234062965326841e-16,False
2021-08-28 01:00:00,1.2927280617696017e-16,False
2021-08-28 01:10:00,1.33566312068262e-16,False
2021-08-28 01:20:00,1.2675743295649776e-16,False
2021-08-28 01:30:00,1.2425503593457858e-16,False
2021-08-28 01:40:00,1.2113994556491135e-16,False
2021-08-28 01:50:00,1.2145503652872104e-16,False
2021-08-28 02:00:00,1.3634686696242833e-16,False
2021-08-28 02:10:00,1.1845176056168685e-16,False
2021-08-28 02:20:00,1.4203331089400175e-16,False
2021-08-28 02:30:00,1.2033893382454732e-16,False
2021-08-28 02:40:00,1.2357892094586972e-16,False
2021-08-28 02:50:00,1.4010189942118534e-16,False
2021-08-28 03:00:00,1.3346905714479053e-16,False
2021-08-28 03:10:00,1.1547291258833043e-16,False
2021-08-28 03:20:00,1.0928551909072238e-16,False
2021-08-28 03:30:00,1.0311216792195856e-16,False
2021-08-28 03:40:00,1.3050758224847608e-16,False
2021-08-28 03:50:00,1.1743001657765487e-16,False
2021-08-28 04:00:00,1.3612036122242832e-16,False
2021-08-28 04:10:00,1.1468426771983423e-16,False
2021-08-28 04:20:00,1.3889574141766425e-16,False
2021-08-28 04:30:00,1.216376890279371e-16,False
2021-08-28 04:40:00,1.2871639086492707e-16,False
2021-08-28 04:50:00,1.1287382668816894e-16,False
2021-08-28 05:00:00,1.2056476955813868e-16,False
2021-08-28 05:10:00,1.3451206549999716e-16,False
2021-08-28 05:20:00,1.184512411968539e-16,False
2021-08-28 05:30:00,1.1704581875533072e-16,False
2021-08-28 05:40:00,1.1779133050885268e-16,False
2021-08-28 05:50:00,1.3515626367309838e-16,False
2021-08-28 06:00:00,1.2659804610992876e-16,False
2021-08-28 06:10:00,1.385279307690126e-16,False
2021-08-28 06:20:00,1.2889693832876146e-16,False
2021-08-28 06:30:00,1.1037674354012831e-16,False
2021-08-28 06:40:00,1.336670500668309e-16,False
2021-08-28 06:50:00,1.143597511774207e-16,False
2021-08-28 07:00:00,1.2202216937862954e-16,False
2021-08-28 07:10:00,1.1987390080658587e-16,False
2021-08-28 07:20:00,1.3158781875454355e-16,False
2021-08-28 07:30:00,1.1102227264504222e-16,False
2021-08-28 07:40:00,1.2688224790301365e-16,False
2021-08-28 07:50:00,1.367931713620078e-16,False
2021-08-28 08:00:00,1.262311586454182e-16,False
2021-08-28 08:10:00,1.3297321043548157e-16,False
2021-08-28 08:20:00,,False
2021-08-28 08:30:00,1.1835974769272556e-16,False
2021-08-28 08:40:00,1.2325573939904234e-16,False
2021-08-28 08:50:00,1.3775236978488903e-16,False
2021-08-28 09:00:00,1.2622804438490786e-16,False
2021-08-28 09:10:00,1.3944403683579397e-16,False
2021-08-28 09:20:00,1.0381235664750287e-16,False
2021-08-28 09:30:00,1.2370999470497915e-16,False
2021-08-28 09:40:00,1.0949429970748088e-16,False
2021-08-28 09:50:00,1.2253875940582722e-16,False
2021-08-28 10:00:00,1.2568707313702812e-16,False
2021-08-28 10:10:00,1.2489339443558412e-16,False
2021-08-28 10:20:00,1.4150608315994762e-16,False
2021-08-28 10:30:00,1.0474188055980224e-16,False
2021-08-28 10:40:00,1.2894299052782085e-16,False
2021-08-28 10:50:00,1.2380956129979412e-16,False
2021-08-28 11:00:00,,False
2021-08-28 11:10:00,1.4148068740150895e-16,False
2021-08-28 11:20:00,1.258964533474233e-16,False
2021-08-28 11:30:00,1.2085378333540835e-16,False
2021-08-28 11:40:00,9.008488850470468e-17,False
2021-08-28 11:50:00,1.2966373599156546e-16,False
2021-08-28 12:00:00,1.3739848871783858e-16,False
2021-08-28 12:10:00,1.0774242752468705e-16,False
2021-08-28 12:20:00,1.287785547309168e-16,False
2021-08-28 12:30:00,1.0345435965565616e-16,False
2021-08-28 12:40:00,1.4107045886248475e-16,False
2021-08-28 12:50:00,1.0850871873201622e-16,False
2021-08-28 13:00:00,1.3194240769510356e-16,False
2021-08-28 13:10:00,1.3302019600200326e-16,False
2021-08-28 13:20:00,1.243818050140107e-16,False
2021-08-28 13:30:00,,False
2021-08-28 13:40:00,1.185062961360401e-16,False
2021-08-28 13:50:00,1.250007992560939e-16,False
2021-08-28 14:00:00,1.3211569454147472e-16,False
2021-08-28 14:10:00,1.0639749252943093e-16,False
2021-08-28 14:20:00,1.170653375045835e-16,False
2021-08-28 14:30:00,1.2512987987235192e-16,False
2021-08-28 14:40:00,1.1049741906133117e-16,False
2021-08-28 14:50:00,1.2802502535252603e-16,False
2021-08-28 15:00:00,1.089987702174477e-16,False
2021-08-28 15:10:00,1.1967551304319813e-16,False
2021-08-28 15:20:00,1.3889435801650698e-16,False
2021-08-28 15:30:00,1.1036930900404048e-16,False
2021-08-28 15:40:00,1.3317927252628308e-16,False
2021-08-28 15:50:00,1.2719967695194592e-16,False
2021-08-28 16:00:00,1.0534990382117157e-16,False
2021-08-28 16:10:00,1.2862025893569572e-16,False
2021-08-28 16:20:00,1.2447102886643524e-16,False
2021-08-28 16:30:00,1.240190170536018e-16,False
2021-08-28 16:40:00,1.1341868565366192e-16,False
2021-08-28 16:50:00,9.275127418118533e-17,False
2021-08-28 17:00:00,1.2131819218321833e-16,False
2021-08-28 17:10:00,1.4509090187889623e-16,False
2021-08-28 17:20:00,1.5297352099805795e-16,False
2021-08-28 17:30:00,1.124097652195099e-16,False
2021-08-28 17:40:00,1.266858732308672e-16,False
2021-08-28 17:50:00,1.312348328128188e-16,False
2021-08-28 18:00:00,1.1203853683810227e-16,False
2021-08-28 18:10:00,1.1924756661700515e-16,False
2021-08-28 18:20:00,1.0519830216396719e-16,False
2021-08-28 18:30:00,,False
2021-08-28 18:40:00,1.1289124245560002e-16,False
2021-08-28 18:50:00,1.0782917220129428e-16,False
2021-08-28 19:00:00,1.0952135320942119e-16,False
2021-08-28 19:10:00,1.1686372999995958e-16,False
2021-08-28 19:20:00,1.2958627596137572e-16,False
2021-08-28 19:30:00,1.1920754948091554e-16,False
2021-08-28 19:40:00,1.0532803373814678e-16,False
2021-08-28 19:50:00,1.4062436312679368e-16,False
2021-08-28 20:00:00,1.2861275059999415e-16,False
2021-08-28 20:10:00,1.0657428698656174e-16,False
2021-08-28 20:20:00,1.204316734305549e-16,False
2021-08-28 20:30:00,,False
2021-08-28 20:40:00,1.1269989893260982e-16,False
2021-08-28 20:50:00,1.1856060023083141e-16,False
2021-08-28 21:00:00,1.2780681396947354e-16,False
2021-08-28 21:10:00,1.204471183142568e-16,False
2021-08-28 21:20:00,1.2759504175564872e-16,False
2021-08-28 21:30:00,1.1696128708854782e-16,False
2021-08-28 21:40:00,1.1568155372001649e-16,False
2021-08-28 21:50:00,1.124538274107778e-16,False
2021-08-28 22:00:00,1.2258076910451401e-16,False
2021-08-28 22:10:00,1.3235009433145777e-16,False
2021-08-28 22:20:00,1.409859378501922e-16,False
2021-08-28 22:30:00,1.1218624505275938e-16,False
2021-08-28 22:40:00,1.2504499813242453e-16,False
2021-08-28 22:50:00,1.3590901471012042e-16,False
2021-08-28 23:00:00,1.078696130340197e-16,False
2021-08-28 23:10:00,1.1416465794693421e-16,False
2021-08-28 23:20:00,1.4259671009391684e-16,False
2021-08-28 23:30:00,1.2251592528678936e-16,False
2021-08-28 23:40:00,1.3945420322201846e-16,False
2021-08-28 23:50:00,1.2044445459535432e-16,False
2021-08-29 00:00:00,1.349522643573527e-16,False
2021-08-29 00:10:00,1.2840749729680006e-16,False
2021-08-29 00:20:00,1.2111055405731098e-16,False
2021-08-29 00:30:00,1.0781503294269359e-16,False
2021-08-29 00:40:00,1.3206165263782723e-16,False
2021-08-29 00:50:00,1.2737246877873417e-16,False
2021-08-29 01:00:00,1.1237091446655406e-16,False
2021-08-29 01:10:00,1.0793435076220606e-16,False
2021-08-29 01:20:00,1.4425229855388702e-16,False
2021-08-29 01:30:00,1.3328270517327165e-16,False
2021-08-29 01:40:00,1.1929801684133565e-16,False
2021-08-29 01:50:00,1.214294400117514e-16,False
2021-08-29 02:00:00,1.2257073787253192e-16,False
2021-08-29 02:10:00,1.363078557835804e-16,False
2021-08-29 02:20:00,1.300963924555431e-16,False
2021-08-29 02:30:00,1.3141202098640107e-16,False
2021-08-29 02:40:00,1.0071158530061477e-16,False
2021-08-29 02:50:00,1.242919140177562e-16,False
2021-08-29 03:00:00,1.1775259419636128e-16,False
2021-08-29 03:10:00,1.380614714752758e-16,False
2021-08-29 03:20:00,1.2003948150061477e-16,False
2021-08-29 03:30:00,1.141170212511118e-16,False
2021-08-29 03:40:00,1.3332807769916666e-16,False
2021-08-29 03:50:00,1.2266595934177825e-16,False
2021-08-29 04:00:00,1.3979705281437018e-16,False
2021-08-29 04:10:00,1.2452254753217417e-16,False
2021-08-29 04:20:00,1.340439422979523e-16,False
2021-08-29 04:30:00,1.2891297757668324e-16,False
2021-08-29 04:40:00,1.0030859774238935e-16,False
2021-08-29 04:50:00,1.3940460709837988e-16,False
2021-08-29 05:00:00,1.3186154059358944e-16,False
2021-08-29 05:10:00,,False
2021-08-29 05:20:00,1.2005777556383077e-16,False
2021-08-29 05:30:00,1.1470297063723975e-16,False
2021-08-29 05:40:00,1.4262239394328648e-16,False
2021-08-29 05:50:00,1.2238598831690845e-16,False
2021-08-29 06:00:00,1.1613343303660996e-16,False
2021-08-29 06:10:00,1.311237491725501e-16,False
2021-08-29 06:20:00,1.0756470292692123e-16,False
2021-08-29 06:30:00,9.214898720934866e-17,False
2021-08-29 06:40:00,1.0941290582537764e-16,False
2021-08-29 06:50:00,1.257475198538556e-16,False
2021-08-29 07:00:00,1.3752214787966184e-16,False
2021-08-29 07:10:00,1.210062618211482e-16,False
2021-08-29 07:20:00,1.1213539135121926e-16,False
2021-08-29 07:30:00,,False
2021-08-29 07:40:00,1.3090702491246746e-16,False
2021-08-29 07:50:00,1.1006125079256231e-16,False
2021-08-29 08:00:00,1.153975811920568e-16,False
2021-08-29 08:10:00,1.0380243225258083e-16,False
2021-08-29 08:20:00,1.2442887016983405e-16,False
2021-08-29 08:30:00,1.176355159459718e-16,False
2021-08-29 08:40:00,1.091459027252019e-16,False
2021-08-29 08:50:00,1.2883855440103727e-16,False
2021-08-29 09:00:00,1.0944430100140854e-16,False
2021-08-29 09:10:00,1.1591096238131582e-16,False
2021-08-29 09:20:00,1.1886190052915744e-16,False
2021-08-29 09:30:00,1.1449681491442535e-16,False
2021-08-29 09:40:00,1.386977731363606e-16,False
2021-08-29 09:50:00,1.24724209523112e-16,False
2021-08-29 10:00:00,1.2413097322241444e-16,False
2021-08-29 10:10:00,1.1770231887029993e-16,False
2021-08-29 10:20:00,1.1506918819020533e-16,False
2021-08-29 10:30:00,1.154139798081162e-16,False
2021-08-29 10:40:00,1.1305582713996346e-16,False
2021-08-29 10:50:00,1.0576257858306098e-16,False
2021-08-29 11:00:00,1.204972127845092e-16,False
2021-08-29 11:10:00,1.5166317510314768e-16,False
2021-08-29 11:20:00,1.0570611160692212e-16,False
2021-08-29 11:30:00,1.1024853770579152e-16,False
2021-08-29 11:40:00,1.2239219529181003e-16,False
2021-08-29 11:50:00,1.316627738647458e-16,False
2021-08-29 12:00:00,1.2429456413969308e-16,False
2021-08-29 12:10:00,1.4020151274150453e-16,False
2021-08-29 12:20:00,1.3004686419337909e-16,False
2021-08-29 12:30:00,1.0764218966422476e-16,False
2021-08-29 12:40:00,1.1420937933413602e-16,False
2021-08-29 12:50:00,1.2661231960524557e-16,False
2021-08-29 13:00:00,1.1150484465268967e-16,False
2021-08-29 13:10:00,1.3498815403368078e-16,False
2021-08-29 13:20:00,1.2742635804280846e-16,False
2021-08-29 13:30:00,,False
2021-08-29 13:40:00,1.2802181437359667e-16,False
2021-08-29 13:50:00,1.0657193154507635e-16,False
2021-08-29 14:00:00,1.2847205612903375e-16,False
2021-08-29 14:10:00,1.1917513088777968e-16,False
2021-08-29 14:20:00,1.227710369841966e-16,False
2021-08-29 14:30:00,1.3611515685555945e-16,False
2021-08-29 14:40:00,1.2110197720019403e-16,False
2021-08-29 14:50:00,1.0046117437804677e-16,False
2021-08-29 15:00:00,1.3215137384036223e-16,False
2021-08-29 15:10:00,1.4668276309378842e-16,False
2021-08-29 15:20:00,1.366678188330206e-16,False
2021-08-29 15:30:00,1.3043363779876173e-16,False
2021-08-29 15:40:00,1.262363789354554e-16,False
2021-08-29 15:50:00,1.3177784315556066e-16,False
2021-08-29 16:00:00,1.2468862800302148e-16,False
2021-08-29 16:10:00,1.146953968356971e-16,False
2021-08-29 16:20:00,1.203695959199637e-16,False
2021-08-29 16:30:00,1.437949738490589e-16,False
2021-08-29 16:40:00,1.183156396863946e-16,False
2021-08-29 16:50:00,1.2766152016908187e-16,False
2021-08-29 17:00:00,1.2406392008871224e-16,False
2021-08-29 17:10:00,,False
2021-08-29 17:20:00,1.0796000294806934e-16,False
2021-08-29 17:30:00,1.0890614918052869e-16,False
2021-08-29 17:40:00,1.1889750725818793e-16,False
2021-08-29 17:50:00,1.3250630754883129e-16,False
2021-08-29 18:00:00,1.2390569751076187e-16,False
2021-08-29 18:10:00,1.247329049224384e-16,False
2021-08-29 18:20:00,1.4816643868343565e-16,False
2021-08-29 18:30:00,1.2654617242309472e-16,False
2021-08-29 18:40:00,1.5861087496829397e-16,False
2021-08-29 18:50:00,1.253166848468908e-16,False
2021-08-29 19:00:00,,False
2021-08-29 19:10:00,1.2238108369838708e-16,False
2021-08-29 19:20:00,1.3103654049003757e-16,False
2021-08-29 19:30:00,1.2174543249264122e-16,False
2021-08-29 19:40:00,1.0791587403212841e-16,False
2021-08-29 19:50:00,1.0557227053607432e-16,False
2021-08-29 20:00:00,1.3731191308093165e-16,False
2021-08-29 20:10:00,1.254055471303216e-16,False
2021-08-29 20:20:00,1.239999122480803e-16,False
2021-08-29 20:30:00,1.1868390589594162e-16,False
2021-08-29 20:40:00,1.3985928813286359e-16,False
2021-08-29 20:50:00,1.3509459197499626e-16,False
2021-08-29 21:00:00,1.1821131803102528e-16,False
2021-08-29 21:10:00,1.3819416515327459e-16,False
2021-08-29 21:20:00,1.305373034283047e-16,False
2021-08-29 21:30:00,1.0514985289272748e-16,False
2021-08-29 21:40:00,1.0819936788343021e-16,False
2021-08-29 21:50:00,1.2395557561784124e-16,False
2021-08-29 22:00:00,1.1702222317396272e-16,False
2021-08-29 22:10:00,1.2616658360202674e-16,False
2021-08-29 22:20:00,1.292491430928526e-16,False
2021-08-29 22:30:00,1.0349126882638438e-16,False
2021-08-29 22:40:00,1.0712033679233423e-16,False
2021-08-29 22:50:00,1.2101590217590203e-16,False
2021-08-29 23:00:00,1.0559154690042203e-16,False
2021-08-29 23:10:00,1.1641672767138506e-16,False
2021-08-29 23:20:00,1.1613932176113214e-16,False
2021-08-29 23:30:00,1.2816380167529163e-16,False
2021-08-29 23:40:00,1.2683744485067038e-16,False
2021-08-29 23:50:00,1.1872991984842994e-16,False
2021-08-30 00:00:00,1.3422218867051811e-16,False
2021-08-30 00:10:00,1.1141804448354268e-16,False
2021-08-30 00:20:00,1.4598128159566497e-16,False
2021-08-30 00:30:00,1.3956502981241553e-16,False
2021-08-30 00:40:00,1.3197625043550832e-16,False
2021-08-30 00:50:00,1.342515334713939e-16,False
2021-08-30 01:00:00,1.198149479596614e-16,False
2021-08-30 01:10:00,1.3773486937405969e-16,False
2021-08-30 01:20:00,1.0798446458584175e-16,False
2021-08-30 01:30:00,1.1999534020662326e-16,False
2021-08-30 01:40:00,1.294207397605063e-16,False
2021-08-30 01:50:00,1.0252139206569437e-16,False
2021-08-30 02:00:00,1.3364212122421756e-16,False
2021-08-30 02:10:00,1.401590525391422e-16,False
2021-08-30 02:20:00,1.233361718299418e-16,False
2021-08-30 02:30:00,1.103502600751332e-16,False
2021-08-30 02:40:00,1.2342566849490672e-16,False
2021-08-30 02:50:00,1.3344649462776885e-16,False
2021-08-30 03:00:00,1.410050685352132e-16,False
2021-08-30 03:10:00,1.4464213273269213e-16,False
2021-08-30 03:20:00,1.067001880543422e-16,False
2021-08-30 03:30:00,1.0569776783136058e-16,False
2021-08-30 03:40:00,1.0192623913440397e-16,False
2021-08-30 03:50:00,1.4466282783687432e-16,False
2021-08-30 04:00:00,1.1851417729754357e-16,False
2021-08-30 04:10:00,1.1849578654104764e-16,False
2021-08-30 04:20:00,1.1944425392831118e-16,False
2021-08-30 04:30:00,1.2706186901960376e-16,False
2021-08-30 04:40:00,1.1923998295226707e-16,False
2021-08-30 04:50:00,1.1567474266264865e-16,False
2021-08-30 05:00:00,1.0648410620809187e-16,False
2021-08-30 05:10:00,1.2391296687403149e-16,False
2021-08-30 05:20:00,1.2208491882763555e-16,False
2021-08-30 05:30:00,1.4525625236481656e-16,False
2021-08-30 05:40:00,1.2466343281577726e-16,False
2021-08-30 05:50:00,,False
2021-08-30 06:00:00,1.0586653052702063e-16,False
2021-08-30 06:10:00,,False
2021-08-30 06:20:00,1.3914170915289803e-16,False
2021-08-30 06:30:00,1.0936499142826748e-16,False
2021-08-30 06:40:00,1.1637397476216419e-16,False
2021-08-30 06:50:00,1.3925769699981664e-16,False
2021-08-30 07:00:00,1.126248538076968e-16,False
2021-08-30 07:10:00,1.3604968908972312e-16,False
2021-08-30 07:20:00,1.0540270826982373e-16,False
2021-08-30 07:30:00,1.121224688067455e-16,False
2021-08-30 07:40:00,1.2925073888573096e-16,False
2021-08-30 07:50:00,1.0730409582980143e-16,False
2021-08-30 08:00:00,1.254030853100521e-16,False
2021-08-30 08:10:00,1.2862030545589026e-16,False
2021-08-30 08:20:00,1.2463525433201323e-16,False
2021-08-30 08:30:00,1.2323544940920722e-16,False
2021-08-30 08:40:00,1.1853424414538872e-16,False
2021-08-30 08:50:00,1.4129929010447009e-16,False
2021-08-30 09:00:00,,False
2021-08-30 09:10:00,1.3985075249349188e-16,False
2021-08-30 09:20:00,1.2551164747691168e-16,False
2021-08-30 09:30:00,1.4197560610967332e-16,False
2021-08-30 09:40:00,1.4290541965216655e-16,False
2021-08-30 09:50:00,1.088253800714532e-16,False
2021-08-30 10:00:00,1.2879984749565492e-16,False
2021-08-30 10:10:00,1.1879688249608853e-16,False
2021-08-30 10:20:00,1.2027087678884209e-16,False
2021-08-30 10:30:00,1.4320817671358308e-16,False
2021-08-30 10:40:00,1.1055375541392661e-16,False
2021-08-30 10:50:00,1.203679904882102e-16,False
2021-08-30 11:00:00,1.0989939419692019e-16,False
2021-08-30 11:10:00,,False
2021-08-30 11:20:00,1.24292563257205e-16,False
2021-08-30 11:30:00,1.3412991549516778e-16,False
2021-08-30 11:40:00,1.192981945143299e-16,False
2021-08-30 11:50:00,1.2613430276047137e-16,False
2021-08-30 12:00:00,1.0983244507402023e-16,False
2021-08-30 12:10:00,1.356997695761223e-16,False
2021-08-30 12:20:00,1.1982449798383173e-16,False
2021-08-30 12:30:00,1.3268543960342422e-16,False
2021-08-30 12:40:00,1.357281304058858e-16,False
2021-08-30 12:50:00,1.1295243546596278e-16,False
2021-08-30 13:00:00,1.3334835755849826e-16,False
2021-08-30 13:10:00,1.3440110151303445e-16,False
2021-08-30 13:20:00,1.2843097458486014e-16,False
2021-08-30 13:30:00,9.822260177685287e-17,False
2021-08-30 13:40:00,1.2215241724598011e-16,False
2021-08-30 13:50:00,1.1585393160607237e-16,False
2021-08-30 14:00:00,1.3611414584107889e-16,False
2021-08-30 14:10:00,1.3617875562546612e-16,False
2021-08-30 14:20:00,1.240614642230609e-16,False
2021-08-30 14:30:00,,False
2021-08-30 14:40:00,1.2513138354688771e-16,False
2021-08-30 14:50:00,1.34357324232328e-16,False
2021-08-30 15:00:00,1.383690954415133e-16,False
2021-08-30 15:10:00,1.1903399448111893e-16,False
2021-08-30 15:20:00,1.2962725033575895e-16,False
2021-08-30 15:30:00,1.1631822704628126e-16,False
2021-08-30 15:40:00,1.4005686709289406e-16,False
2021-08-30 15:50:00,1.1593652464849344e-16,False
2021-08-30 16:00:00,1.211803089526641e-16,False
2021-08-30 16:10:00,1.2675537615347215e-16,False
2021-08-30 16:20:00,1.1465610639964032e-16,False
2021-08-30 16:30:00,1.4131296694229494e-16,False
2021-08-30 16:40:00,1.3575088513936828e-16,False
2021-08-30 16:50:00,,False
2021-08-30 17:00:00,1.146009869307981e-16,False
2021-08-30 17:10:00,1.336321576990187e-16,False
2021-08-30 17:20:00,1.1051342899404973e-16,False
2021-08-30 17:30:00,1.0553751979983494e-16,False
2021-08-30 17:40:00,1.1586808247050224e-16,False
2021-08-30 17:50:00,1.187644382580107e-16,False
2021-08-30 18:00:00,1.0953711184065238e-16,False
2021-08-30 18:10:00,1.20614256046437e-16,False
2021-08-30 18:20:00,1.3392676838453655e-16,False
2021-08-30 18:30:00,1.1585229067653437e-16,False
2021-08-30 18:40:00,9.895513568821565e-17,False
2021-08-30 18:50:00,1.261805333974747e-16,False
2021-08-30 19:00:00,1.042696366513659e-16,False
2021-08-30 19:10:00,1.2829427726957095e-16,False
2021-08-30 19:20:00,1.2745262643743424e-16,False
2021-08-30 19:30:00,1.1602253998052642e-16,False
2021-08-30 19:40:00,1.3168641102865791e-16,False
2021-08-30 19:50:00,1.1385175455123645e-16,False
2021-08-30 20:00:00,9.75305492057841e-17,False
2021-08-30 20:10:00,1.0724990311457107e-16,False
2021-08-30 20:20:00,1.139044505236954e-16,False
2021-08-30 20:30:00,1.4438304673494498e-16,False
2021-08-30 20:40:00,1.3110352624446178e-16,False
2021-08-30 20:50:00,1.0808784193751803e-16,False
2021-08-30 21:00:00,1.210403623893571e-16,False
2021-08-30 21:10:00,1.1273240666330858e-16,False
2021-08-30 21:20:00,1.128382132838097e-16,False
2021-08-30 21:30:00,1.2139260403594168e-16,False
2021-08-30 21:40:00,1.0739778129697776e-16,False
2021-08-30 21:50:00,1.183220083325718e-16,False
2021-08-30 22:00:00,,False
2021-08-30 22:10:00,1.3530539393030936e-16,False
2021-08-30 22:20:00,1.0654829279381736e-16,False
2021-08-30 22:30:00,1.1267808642278464e-16,False
2021-08-30 22:40:00,1.1110698596897584e-16,False
2021-08-30 22:50:00,,False
2021-08-30 23:00:00,,False
2021-08-30 23:10:00,1.220378873535459e-16,False
2021-08-30 23:20:00,1.3737652600483165e-16,False
2021-08-30 23:30:00,1.3021279469593146e-16,False
2021-08-30 23:40:00,1.2396432272646e-16,False
2021-08-30 23:50:00,1.2439530656429655e-16,False
2021-08-31 00:00:00,1.3864767137747198e-16,False
2021-08-31 00:10:00,1.3295794811310636e-16,False
2021-08-31 00:20:00,9.164378298436272e-17,False
2021-08-31 00:30:00,1.1887399803133193e-16,False
2021-08-31 00:40:00,1.1707188231630423e-16,False
2021-08-31 00:50:00,9.888646358707179e-17,False
2021-08-31 01:00:00,1.4242719087888856e-16,False
2021-08-31 01:10:00,1.3179215685287888e-16,False
2021-08-31 01:20:00,1.1054316488371395e-16,False
2021-08-31 01:30:00,1.0519426028368073e-16,False
2021-08-31 01:40:00,1.203844759182765e-16,False
2021-08-31 01:50:00,1.4302772001922932e-16,False
2021-08-31 02:00:00,1.337854089207844e-16,False
2021-08-31 02:10:00,,False
2021-08-31 02:20:00,1.4472949297294983e-16,False
2021-08-31 02:30:00,1.1899218968008055e-16,False
2021-08-31 02:40:00,1.1620471169134735e-16,False
2021-08-31 02:50:00,1.278461101785709e-16,False
2021-08-31 03:00:00,1.1133658709816619e-16,False
2021-08-31 03:10:00,1.282286674101034e-16,False
2021-08-31 03:20:00,,False
2021-08-31 03:30:00,1.2084191650142068e-16,False
2021-08-31 03:40:00,1.1902092363861286e-16,False
2021-08-31 03:50:00,1.2838787665765597e-16,False
2021-08-31 04:00:00,1.2805983277363162e-16,False
2021-08-31 04:10:00,1.408068753682154e-16,False
2021-08-31 04:20:00,1.1883096059483842e-16,False
2021-08-31 04:30:00,1.2600558327597196e-16,False
2021-08-31 04:40:00,1.3887069203551574e-16,False
2021-08-31 04:50:00,1.295287626409466e-16,False
2021-08-31 05:00:00,1.3152355207598252e-16,False
2021-08-31 05:10:00,1.2984501882662853e-16,False
2021-08-31 05:20:00,1.2584582028249432e-16,False
2021-08-31 05:30:00,1.2164715867838445e-16,False
2021-08-31 05:40:00,1.1806718112054125e-16,False
2021-08-31 05:50:00,1.270486111252999e-16,False
2021-08-31 06:00:00,1.270683794686106e-16,False
2021-08-31 06:10:00,1.1610214974032258e-16,False
2021-08-31 06:20:00,1.1513084246207135e-16,False
2021-08-31 06:30:00,1.3551164602590415e-16,False
2021-08-31 06:40:00,1.0211418916985785e-16,False
2021-08-31 06:50:00,1.0273537324800695e-16,False
2021-08-31 07:00:00,1.1240896325745337e-16,False
2021-08-31 07:10:00,1.072180594358102e-16,False
2021-08-31 07:20:00,1.2045703208097225e-16,False
2021-08-31 07:30:00,1.410824876121229e-16,False
2021-08-31 07:40:00,1.2851974913104406e-16,False
2021-08-31 07:50:00,1.3744402547578246e-16,False
2021-08-31 08:00:00,1.0316550523169945e-16,False
2021-08-31 08:10:00,1.282639187391024e-16,False
2021-08-31 08:20:00,1.223911229950687e-16,False
2021-08-31 08:30:00,1.2611081166171064e-16,False
2021-08-31 08:40:00,1.4271499267059208e-16,False
2021-08-31 08:50:00,1.0783451345130244e-16,False
2021-08-31 09:00:00,1.2543311473739612e-16,False
2021-08-31 09:10:00,1.2832386026450203e-16,False
2021-08-31 09:20:00,1.0846450340371557e-16,False
2021-08-31 09:30:00,1.2165857204368994e-16,False
2021-08-31 09:40:00,1.2113829119086247e-16,False
2021-08-31 09:50:00,1.0682605886824169e-16,False
2021-08-31 10:00:00,1.4358592088862918e-16,False
2021-08-31 10:10:00,1.2886293122764526e-16,False
2021-08-31 10:20:00,,False
2021-08-31 10:30:00,1.1026776803925629e-16,False
2021-08-31 10:40:00,,False
2021-08-31 10:50:00,1.0395435943732705e-16,False
2021-08-31 11:00:00,1.3551685151553522e-16,False
2021-08-31 11:10:00,1.1335372154405814e-16,False
2021-08-31 11:20:00,1.5773205043360304e-16,False
2021-08-31 11:30:00,1.211562088541548e-16,False
2021-08-31 11:40:00,1.3059416770252673e-16,False
2021-08-31 11:50:00,1.1986096633263332e-16,False
2021-08-31 12:00:00,1.3300786024359177e-16,False
2021-08-31 12:10:00,1.300977007588541e-16,False
2021-08-31 12:20:00,1.2882209173739237e-16,False
2021-08-31 12:30:00,1.34418832432867e-16,False
2021-08-31 12:40:00,,False
2021-08-31 12:50:00,1.2967346320960562e-16,False
2021-08-31 13:00:00,,False
2021-08-31 13:10:00,1.191926472897422e-16,False
2021-08-31 13:20:00,6.87341541564249e-17,False
2021-08-31 13:30:00,1.188050222360926e-16,False
2021-08-31 13:40:00,,False
2021-08-31 13:50:00,1.1512466275044234e-16,False
2021-08-31 14:00:00,,False
2021-08-31 14:10:00,1.0644344459930162e-16,False
2021-08-31 14:20:00,1.0566735565633826e-16,False
2021-08-31 14:30:00,1.353332770087193e-16,False
2021-08-31 14:40:00,1.281548875546402e-16,False
2021-08-31 14:50:00,1.0744201448590522e-16,False
2021-08-31 15:00:00,1.2805105229312859e-16,False
2021-08-31 15:10:00,1.360682919641285e-16,False
2021-08-31 15:20:00,1.186033340007833e-16,False
2021-08-31 15:30:00,1.2270649696746455e-16,False
2021-08-31 15:40:00,1.2232198422245545e-16,False
2021-08-31 15:50:00,1.2736894391357e-16,False
2021-08-31 16:00:00,1.205057297224688e-16,False
2021-08-31 16:10:00,1.1739544454096677e-16,False
2021-08-31 16:20:00,1.2931641787450627e-16,False
2021-08-31 16:30:00,1.2562003853137184e-16,False
2021-08-31 16:40:00,1.340593578475427e-16,False
2021-08-31 16:50:00,1.1488342876647228e-16,False
2021-08-31 17:00:00,1.0490951403562849e-16,False
2021-08-31 17:10:00,1.2437705691855168e-16,False
2021-08-31 17:20:00,1.3071381902034905e-16,False
2021-08-31 17:30:00,,False
2021-08-31 17:40:00,1.2384031044335578e-16,False
2021-08-31 17:50:00,1.283692361317285e-16,False
2021-08-31 18:00:00,1.0449520424955381e-16,False
2021-08-31 18:10:00,1.1162018360414311e-16,False
2021-08-31 18:20:00,1.3824964382165977e-16,False
2021-08-31 18:30:00,1.440381671275331e-16,False
2021-08-31 18:40:00,1.2200332501150596e-16,False
2021-08-31 18:50:00,1.0288172630116741e-16,False
2021-08-31 19:00:00,1.238514376665787e-16,False
2021-08-31 19:10:00,1.2127240105939664e-16,False
2021-08-31 19:20:00,1.398445273137626e-16,False
2021-08-31 19:30:00,1.2067285452346264e-16,False
2021-08-31 19:40:00,1.0378924667521083e-16,False
2021-08-31 19:50:00,1.1144703143014285e-16,False
2021-08-31 20:00:00,1.3166658538500403e-16,False
2021-08-31 20:10:00,1.2899096168019117e-16,False
2021-08-31 20:20:00,1.1965362734443211e-16,False
2021-08-31 20:30:00,1.242948820939364e-16,False
2021-08-31 20:40:00,1.2674650700063438e-16,False
2021-08-31 20:50:00,1.208044547242415e-16,False
2021-08-31 21:00:00,1.1029960323400942e-16,False
2021-08-31 21:10:00,1.1629032504045659e-16,False
2021-08-31 21:20:00,1.2491227183277354e-16,False
2021-08-31 21:30:00,1.3719656493362277e-16,False
2021-08-31 21:40:00,1.4115739075106008e-16,False
2021-08-31 21:50:00,1.1253263479214713e-16,False
2021-08-31 22:00:00,1.2176113716674904e-16,False
2021-08-31 22:10:00,1.3624534536838906e-16,False
2021-08-31 22:20:00,1.2950495466279532e-16,False
2021-08-31 22:30:00,1.2651604049486391e-16,False
2021-08-31 22:40:00,1.3575919325063338e-16,False
2021-08-31 22:50:00,8.649181370633203e-17,False
2021-08-31 23:00:00,1.2451155097671267e-16,False
2021-08-31 23:10:00,9.458088129061186e-17,False
2021-08-31 23:20:00,1.3474504118803022e-16,False
2021-08-31 23:30:00,1.4437152997504393e-16,False
2021-08-31 23:40:00,1.1195318777086865e-16,False
2021-08-31 23:50:00,1.152197439137237e-16,False
2021-09-01 00:00:00,,False
2021-09-01 00:10:00,1.3072587799015738e-16,False
2021-09-01 00:20:00,1.4554071552460196e-16,False
2021-09-01 00:30:00,1.3578588328814754e-16,False
2021-09-01 00:40:00,1.0275243685193437e-16,False
2021-09-01 00:50:00,,False
2021-09-01 01:00:00,1.316888277291173e-16,False
2021-09-01 01:10:00,1.193495165273471e-16,False
2021-09-01 01:20:00,1.3358433903168197e-16,False
2021-09-01 01:30:00,1.0492630584442523e-16,False
2021-09-01 01:40:00,1.4695104286604323e-16,False
2021-09-01 01:50:00,1.311393736420884e-16,False
2021-09-01 02:00:00,1.139486754139013e-16,False
2021-09-01 02:10:00,1.2620413231761014e-16,False
2021-09-01 02:20:00,1.216574888589718e-16,False
2021-09-01 02:30:00,1.255806312412924e-16,False
2021-09-01 02:40:00,1.207465277688421e-16,False
2021-09-01 02:50:00,1.0061102815801667e-16,False
2021-09-01 03:00:00,1.1738642314241245e-16,False
2021-09-01 03:10:00,1.0461578478603718e-16,False
2021-09-01 03:20:00,1.0615992231480945e-16,False
2021-09-01 03:30:00,1.0901790488120215e-16,False
2021-09-01 03:40:00,1.0535219141462402e-16,False
2021-09-01 03:50:00,1.3451932613776934e-16,False
2021-09-01 04:00:00,1.335408506741909e-16,False
2021-09-01 04:10:00,9.200901944504537e-17,False
2021-09-01 04:20:00,1.153831951820472e-16,False
2021-09-01 04:30:00,1.0624166154472426e-16,False
2021-09-01 04:40:00,1.2232258188916938e-16,False
2021-09-01 04:50:00,1.111791814174561e-16,False
2021-09-01 05:00:00,1.3135690247337162e-16,False
2021-09-01 05:10:00,,False
2021-09-01 05:20:00,1.1840981084900008e-16,False
2021-09-01 05:30:00,1.3166561654465432e-16,False
2021-09-01 05:40:00,1.0954915392583721e-16,False
2021-09-01 05:50:00,1.1192046598862503e-16,False
2021-09-01 06:00:00,1.223930831569863e-16,False
2021-09-01 06:10:00,1.3404828960866922e-16,False
2021-09-01 06:20:00,8.965749822327608e-17,False
2021-09-01 06:30:00,1.2487745995714369e-16,False
2021-09-01 06:40:00,1.506683427771083e-16,False
2021-09-01 06:50:00,1.3498790394944426e-16,False
2021-09-01 07:00:00,1.310687393569015e-16,False
2021-09-01 07:10:00,1.2700330057049752e-16,False
2021-09-01 07:20:00,1.047693384087677e-16,False
2021-09-01 07:30:00,1.2238209986242662e-16,False
2021-09-01 07:40:00,1.2757882952300718e-16,False
2021-09-01 07:50:00,1.2859526916524925e-16,False
2021-09-01 08:00:00,1.285790480862634e-16,False
2021-09-01 08:10:00,1.1037604553187593e-16,False
2021-09-01 08:20:00,1.3197551439574521e-16,False
2021-09-01 08:30:00,1.0482320890759899e-16,False
2021-09-01 08:40:00,1.2100382871565642e-16,False
2021-09-01 08:50:00,1.2011037356757673e-16,False
2021-09-01 09:00:00,1.155561785429713e-16,False
2021-09-01 09:10:00,1.2874684979871878e-16,False
2021-09-01 09:20:00,1.0799287087933061e-16,False
2021-09-01 09:30:00,1.2348012152516956e-16,False
2021-09-01 09:40:00,1.361146452065413e-16,False
2021-09-01 09:50:00,1.3980581988268856e-16,False
2021-09-01 10:00:00,1.2148423168171984e-16,False
2021-09-01 10:10:00,8.435246136286792e-17,False
2021-09-01 10:20:00,1.3022255786816233e-16,False
2021-09-01 10:30:00,1.1916953782837716e-16,False
2021-09-01 10:40:00,1.1454009668486311e-16,False
2021-09-01 10:50:00,1.1433581278890523e-16,False
2021-09-01 11:00:00,1.2593258168243672e-16,False
2021-09-01 11:10:00,1.1288484688792626e-16,False
2021-09-01 11:20:00,1.1275364368498935e-16,False
2021-09-01 11:30:00,1.297783044700739e-16,False
2021-09-01 11:40:00,1.203198312650416e-16,False
2021-09-01 11:50:00,1.0825891347495473e-16,False
2021-09-01 12:00:00,1.0135860566312717e-16,False
2021-09-01 12:10:00,1.259640202190661e-16,False
2021-09-01 12:20:00,1.1738670485565253e-16,False
2021-09-01 12:30:00,1.3309349855340432e-16,False
2021-09-01 12:40:00,1.1807756740680058e-16,False
2021-09-01 12:50:00,1.1024174125806245e-16,False
2021-09-01 13:00:00,1.3416464275956228e-16,False
2021-09-01 13:10:00,1.218273365611448e-16,False
2021-09-01 13:20:00,1.4148286896118813e-16,False
2021-09-01 13:30:00,1.3742898930705593e-16,False
2021-09-01 13:40:00,,False
2021-09-01 13:50:00,1.257136336559793e-16,False
2021-09-01 14:00:00,1.3192361632711145e-16,False
2021-09-01 14:10:00,1.0288287636958568e-16,False
2021-09-01 14:20:00,1.3245963385203906e-16,False
2021-09-01 14:30:00,1.4794060637631646e-16,False
2021-09-01 14:40:00,1.6391615181671239e-16,False
2021-09-01 14:50:00,1.1517795320761664e-16,False
2021-09-01 15:00:00,1.2412880645544933e-16,False
2021-09-01 15:10:00,1.1341486256394782e-16,False
2021-09-01 15:20:00,1.1346555481913442e-16,False
2021-09-01 15:30:00,1.119066029704165e-16,False
2021-09-01 15:40:00,1.0423403606491698e-16,False
2021-09-01 15:50:00,1.5202521588556552e-16,False
2021-09-01 16:00:00,1.387171814288648e-16,False
2021-09-01 16:10:00,1.3330067938503899e-16,False
2021-09-01 16:20:00,1.218804064918723e-16,False
2021-09-01 16:30:00,1.1967556708289787e-16,False
2021-09-01 16:40:00,1.38241413418828e-16,False
2021-09-01 16:50:00,1.2231117655221073e-16,False
2021-09-01 17:00:00,1.356054717325702e-16,False
2021-09-01 17:10:00,1.063207735615259e-16,False
2021-09-01 17:20:00,1.2396140200038766e-16,False
2021-09-01 17:30:00,1.0702847198385454e-16,False
2021-09-01 17:40:00,1.1063650681741638e-16,False
2021-09-01 17:50:00,1.4922113872846696e-16,False
2021-09-01 18:00:00,1.1998392430513013e-16,False
2021-09-01 18:10:00,1.246612768143813e-16,False
2021-09-01 18:20:00,1.27843312529697e-16,False
2021-09-01 18:30:00,1.3955363919258112e-16,False
2021-09-01 18:40:00,1.207825326983462e-16,False
2021-09-01 18:50:00,1.0985465176538621e-16,False
2021-09-01 19:00:00,1.1820956385105523e-16,False
2021-09-01 19:10:00,1.1079142505330858e-16,False
2021-09-01 19:20:00,1.5743476129132163e-16,False
2021-09-01 19:30:00,1.0381556364926742e-16,False
2021-09-01 19:40:00,1.3597834926322992e-16,False
2021-09-01 19:50:00,1.3233569793639724e-16,False
2021-09-01 20:00:00,1.126426807745949e-16,False
2021-09-01 20:10:00,1.2117961248412136e-16,False
2021-09-01 20:20:00,1.4695912376411078e-16,False
2021-09-01 20:30:00,1.2016119608257798e-16,False
2021-09-01 20:40:00,1.1792300682722247e-16,False
2021-09-01 20:50:00,1.1608372705398214e-16,False
2021-09-01 21:00:00,1.2606868291226045e-16,False
2021-09-01 21:10:00,1.3457732055416968e-16,False
2021-09-01 21:20:00,1.23754054066321e-16,False
2021-09-01 21:30:00,1.4741340766258967e-16,False
2021-09-01 21:40:00,1.1931820013840906e-16,False
2021-09-01 21:50:00,1.1591432005442497e-16,False
2021-09-01 22:00:00,1.1888555818443656e-16,False
2021-09-01 22:10:00,1.3438591615422072e-16,False
2021-09-01 22:20:00,1.1707403526176e-16,False
2021-09-01 22:30:00,1.239854752161653e-16,False
2021-09-01 22:40:00,1.2809574965919422e-16,False
2021-09-01 22:50:00,9.827080377611891e-17,False
2021-09-01 23:00:00,1.0379971796951553e-16,False
2021-09-01 23:10:00,1.4721288242436634e-16,False
2021-09-01 23:20:00,1.1972300229584413e-16,False
2021-09-01 23:30:00,1.2357759609075888e-16,False
2021-09-01 23:40:00,1.3157877089929094e-16,False
2021-09-01 23:50:00,1.0729654877824018e-16,False
2021-09-02 00:00:00,1.1249800184985762e-16,False
2021-09-02 00:10:00,1.3101746587860603e-16,False
2021-09-02 00:20:00,1.2407414711395219e-16,False
2021-09-02 00:30:00,9.887751796737675e-17,False
2021-09-02 00:40:00,1.1423423620364378e-16,False
2021-09-02 00:50:00,1.166139712241038e-16,False
2021-09-02 01:00:00,1.2858225179723458e-16,False
2021-09-02 01:10:00,1.0346636629802275e-16,False
2021-09-02 01:20:00,1.2020518381784107e-16,False
2021-09-02 01:30:00,1.0330306572551857e-16,False
2021-09-02 01:40:00,1.1258503354588274e-16,False
2021-09-02 01:50:00,1.3677258483929028e-16,False
2021-09-02 02:00:00,1.2383116779295545e-16,False
2021-09-02 02:10:00,,False
2021-09-02 02:20:00,1.3397912231673538e-16,False
2021-09-02 02:30:00,1.2083486316877635e-16,False
2021-09-02 02:40:00,1.3710397786453366e-16,False
2021-09-02 02:50:00,,False
2021-09-02 03:00:00,1.274755375224123e-16,False
2021-09-02 03:10:00,1.1127755105654685e-16,False
2021-09-02 03:20:00,1.2909206519176762e-16,False
2021-09-02 03:30:00,1.1264182631111802e-16,False
2021-09-02 03:40:00,1.1871061987647924e-16,False
2021-09-02 03:50:00,1.201083606493781e-16,False
2021-09-02 04:00:00,1.1920853485758207e-16,False
2021-09-02 04:10:00,1.3763764847146898e-16,False
2021-09-02 04:20:00,1.3700405945363365e-16,False
2021-09-02 04:30:00,1.2491855238665827e-16,False
2021-09-02 04:40:00,1.279470804290118e-16,False
2021-09-02 04:50:00,1.2925628452847595e-16,False
2021-09-02 05:00:00,1.4024514982599372e-16,False
2021-09-02 05:10:00,1.506844629899377e-16,False
2021-09-02 05:20:00,1.284697064220656e-16,False
2021-09-02 05:30:00,1.1894702931887046e-16,False
2021-09-02 05:40:00,1.128200132533485e-16,False
2021-09-02 05:50:00,1.348863793722756e-16,False
2021-09-02 06:00:00,1.237555146347128e-16,False
2021-09-02 06:10:00,1.274273850693998e-16,False
2021-09-02 06:20:00,1.0384111404982298e-16,False
2021-09-02 06:30:00,1.1300860660974314e-16,False
2021-09-02 06:40:00,1.3337102140445463e-16,False
2021-09-02 06:50:00,1.0982690993210395e-16,False
2021-09-02 07:00:00,1.2294975637500882e-16,False
2021-09-02 07:10:00,1.2358445954953606e-16,False
2021-09-02 07:20:00,1.0344851563345822e-16,False
2021-09-02 07:30:00,1.3474197699199858e-16,False
2021-09-02 07:40:00,1.2002910489197636e-16,False
2021-09-02 07:50:00,1.1509325246313243e-16,False
2021-09-02 08:00:00,1.1379593306809223e-16,False
2021-09-02 08:10:00,1.2759647772027105e-16,False
2021-09-02 08:20:00,1.1110273799694351e-16,False
2021-09-02 08:30:00,1.227290364390867e-16,False
2021-09-02 08:40:00,1.3606422122181037e-16,False
2021-09-02 08:50:00,1.2394998783454768e-16,False
2021-09-02 09:00:00,1.0847615052524491e-16,False
2021-09-02 09:10:00,1.0413263799806996e-16,False
2021-09-02 09:20:00,1.3954637910116104e-16,False
2021-09-02 09:30:00,1.3350016204365348e-16,False
2021-09-02 09:40:00,1.3976982327353352e-16,False
2021-09-02 09:50:00,1.1608904433272702e-16,False
2021-09-02 10:00:00,1.1676499008719734e-16,False
2021-09-02 10:10:00,1.2676608888814786e-16,False
2021-09-02 10:20:00,1.2845872937883833e-16,False
2021-09-02 10:30:00,1.0857428397788943e-16,False
2021-09-02 10:40:00,1.3414143468844208e-16,False
2021-09-02 10:50:00,1.2156770649222271e-16,False
2021-09-02 11:00:00,1.2189027271199778e-16,False
2021-09-02 11:10:00,1.2915276183719952e-16,False
2021-09-02 11:20:00,1.2769024139729146e-16,False
2021-09-02 11:30:00,1.326978306891661e-16,False
2021-09-02 11:40:00,,False
2021-09-02 11:50:00,,False
2021-09-02 12:00:00,1.4462248402239295e-16,False
2021-09-02 12:10:00,9.966508900923213e-17,False
2021-09-02 12:20:00,1.1995992728915458e-16,False
2021-09-02 12:30:00,1.1385504513441257e-16,False
2021-09-02 12:40:00,1.2511307183016067e-16,False
2021-09-02 12:50:00,1.2344673747707852e-16,False
2021-09-02 13:00:00,1.4118113195816302e-16,False
2021-09-02 13:10:00,9.928378956448115e-17,False
2021-09-02 13:20:00,,False
2021-09-02 13:30:00,1.3094523014459119e-16,False
2021-09-02 13:40:00,1.278120695540947e-16,False
2021-09-02 13:50:00,1.201009702266136e-16,False
2021-09-02 14:00:00,1.0337854915403873e-16,False
2021-09-02 14:10:00,1.2400032449457015e-16,False
2021-09-02 14:20:00,1.1051597730258029e-16,False
2021-09-02 14:30:00,1.186622580255212e-16,False
2021-09-02 14:40:00,1.1983399801079393e-16,False
2021-09-02 14:50:00,1.2704686818676535e-16,False
2021-09-02 15:00:00,1.320061484338791e-16,False
2021-09-02 15:10:00,1.3218867144113728e-16,False
2021-09-02 15:20:00,1.1918817931261836e-16,False
2021-09-02 15:30:00,8.164812116728668e-17,False
2021-09-02 15:40:00,1.1842094547400415e-16,False
2021-09-02 15:50:00,1.113584242352794e-16,False
2021-09-02 16:00:00,1.2276274331326365e-16,False
2021-09-02 16:10:00,1.3895580605442744e-16,False
2021-09-02 16:20:00,1.133071615571452e-16,False
2021-09-02 16:30:00,1.2629439231288286e-16,False
2021-09-02 16:40:00,1.1593163239238842e-16,False
2021-09-02 16:50:00,1.465807025067195e-16,False
2021-09-02 17:00:00,1.114116429484986e-16,False
2021-09-02 17:10:00,1.223151689886239e-16,False
2021-09-02 17:20:00,1.333808357489806e-16,False
2021-09-02 17:30:00,1.0223816533225021e-16,False
2021-09-02 17:40:00,1.24776088972581e-16,False
2021-09-02 17:50:00,1.3357016923606014e-16,False
2021-09-02 18:00:00,1.405148785737256e-16,False
2021-09-02 18:10:00,1.1851015909820614e-16,False
2021-09-02 18:20:00,1.2347586357465756e-16,False
2021-09-02 18:30:00,1.0899975598021288e-16,False
2021-09-02 18:40:00,1.1220740656273471e-16,False
2021-09-02 18:50:00,1.2447912524464594e-16,False
2021-09-02 19:00:00,1.2147165630916104e-16,False
2021-09-02 19:10:00,1.3798730220309649e-16,False
2021-09-02 19:20:00,1.0741723055519139e-16,False
2021-09-02 19:30:00,1.129214476327875e-16,False
2021-09-02 19:40:00,1.308302236921781e-16,False
2021-09-02 19:50:00,1.3030957406086934e-16,False
2021-09-02 20:00:00,1.237579216582648e-16,False
2021-09-02 20:10:00,1.3370189264035133e-16,False
2021-09-02 20:20:00,1.1876632854734067e-16,False
2021-09-02 20:30:00,1.1329740873503317e-16,False
2021-09-02 20:40:00,1.0031002971975614e-16,False
2021-09-02 20:50:00,1.5258280873676702e-16,False
2021-09-02 21:00:00,1.0439778639707987e-16,False
2021-09-02 21:10:00,1.307836701983018e-16,False
2021-09-02 21:20:00,1.049511399466271e-16,False
2021-09-02 21:30:00,1.1984266342894732e-16,False
2021-09-02 21:40:00,1.2327327450268543e-16,False
2021-09-02 21:50:00,1.1593349292342324e-16,False
2021-09-02 22:00:00,1.3101059564486998e-16,False
2021-09-02 22:10:00,1.2221580861132188e-16,False
2021-09-02 22:20:00,1.0881283033138033e-16,False
2021-09-02 22:30:00,1.1977673279703593e-16,False
2021-09-02 22:40:00,1.125337285871005e-16,False
2021-09-02 22:50:00,9.22313076097313e-17,False
2021-09-02 23:00:00,1.2811989965685225e-16,False
2021-09-02 23:10:00,1.3673410125938656e-16,False
2021-09-02 23:20:00,1.2930012722922362e-16,False
2021-09-02 23:30:00,1.0995345778264605e-16,False
2021-09-02 23:40:00,1.2993750079386167e-16,False
2021-09-02 23:50:00,1.2216158365576978e-16,False
2021-09-03 00:00:00,1.0979471620319188e-16,False
2021-09-03 00:10:00,1.263676750285418e-16,False
2021-09-03 00:20:00,1.2910557379747254e-16,False
2021-09-03 00:30:00,1.1898549953915836e-16,False
2021-09-03 00:40:00,1.182372084555278e-16,False
2021-09-03 00:50:00,1.1375803582828806e-16,False
2021-09-03 01:00:00,1.288042512743934e-16,False
2021-09-03 01:10:00,1.1304118006609865e-16,False
2021-09-03 01:20:00,1.4515271116609124e-16,False
2021-09-03 01:30:00,,False
2021-09-03 01:40:00,1.1811657642484013e-16,False
2021-09-03 01:50:00,1.3623346339183244e-16,False
2021-09-03 02:00:00,1.4174581112782167e-16,False
2021-09-03 02:10:00,1.3596604027395413e-16,False
2021-09-03 02:20:00,1.306633697361045e-16,False
2021-09-03 02:30:00,1.2585829639380698e-16,False
2021-09-03 02:40:00,1.129404721716559e-16,False
2021-09-03 02:50:00,1.1068412790707666e-16,False
2021-09-03 03:00:00,1.2696678157697075e-16,False
2021-09-03 03:10:00,1.1383781668512442e-16,False
2021-09-03 03:20:00,1.241156568162239e-16,False
2021-09-03 03:30:00,1.3141059001113052e-16,False
2021-09-03 03:40:00,1.1026808252095188e-16,False
2021-09-03 03:50:00,1.3601576012799282e-16,False
2021-09-03 04:00:00,1.272658389395361e-16,False
2021-09-03 04:10:00,1.0527080516602326e-16,False
2021-09-03 04:20:00,1.131097310900438e-16,False
2021-09-03 04:30:00,1.3681142606382864e-16,False
2021-09-03 04:40:00,1.3161344863445444e-16,False
2021-09-03 04:50:00,,False
2021-09-03 05:00:00,1.1876984129934523e-16,False
2021-09-03 05:10:00,1.2051931870474128e-16,False
2021-09-03 05:20:00,1.237949799166136e-16,False
2021-09-03 05:30:00,,False
2021-09-03 05:40:00,1.1559357554895486e-16,False
2021-09-03 05:50:00,1.252903052096732e-16,False
2021-09-03 06:00:00,1.2525015193396517e-16,False
2021-09-03 06:10:00,1.1492824581217825e-16,False
2021-09-03 06:20:00,1.0249569123254157e-16,False
2021-09-03 06:30:00,9.955669467083148e-17,False
2021-09-03 06:40:00,1.100236800756485e-16,False
2021-09-03 06:50:00,1.1249966722372414e-16,False
2021-09-03 07:00:00,1.3774542908193759e-16,False
2021-09-03 07:10:00,1.3317292649933144e-16,False
2021-09-03 07:20:00,1.1123647014343683e-16,False
2021-09-03 07:30:00,,False
2021-09-03 07:40:00,1.2656316526897463e-16,False
2021-09-03 07:50:00,1.2974814195800695e-16,False
2021-09-03 08:00:00,1.4007551178314885e-16,False
2021-09-03 08:10:00,1.1507273082164852e-16,False
2021-09-03 08:20:00,1.3353651954234913e-16,False
2021-09-03 08:30:00,1.328624779428314e-16,False
2021-09-03 08:40:00,1.111361018392426e-16,False
2021-09-03 08:50:00,1.266557289516122e-16,False
2021-09-03 09:00:00,1.4505595985933187e-16,False
2021-09-03 09:10:00,1.2994614185185443e-16,False
2021-09-03 09:20:00,1.2257759401122907e-16,False
2021-09-03 09:30:00,1.1215249965160254e-16,False
2021-09-03 09:40:00,8.922546729055728e-17,False
2021-09-03 09:50:00,,False
2021-09-03 10:00:00,1.2170692476210376e-16,False
2021-09-03 10:10:00,1.310273045971366e-16,False
2021-09-03 10:20:00,1.0260957971410335e-16,False
2021-09-03 10:30:00,1.2012186523515226e-16,False
2021-09-03 10:40:00,1.462834137227892e-16,False
2021-09-03 10:50:00,,False
2021-09-03 11:00:00,1.0930078002663249e-16,False
2021-09-03 11:10:00,1.0690313726764469e-16,False
2021-09-03 11:20:00,1.263347410730858e-16,False
2021-09-03 11:30:00,1.2588093783118643e-16,False
2021-09-03 11:40:00,1.259298915959258e-16,False
2021-09-03 11:50:00,1.0682304125497729e-16,False
2021-09-03 12:00:00,,False
2021-09-03 12:10:00,1.155496251853713e-16,False
2021-09-03 12:20:00,,False
2021-09-03 12:30:00,1.3295535990537216e-16,False
2021-09-03 12:40:00,1.31003891378594e-16,False
2021-09-03 12:50:00,1.1348402475724175e-16,False
2021-09-03 13:00:00,1.1818520343534846e-16,False
2021-09-03 13:10:00,1.1120252138721393e-16,False
2021-09-03 13:20:00,1.1729662891863437e-16,False
2021-09-03 13:30:00,1.2092651890491536e-16,False
2021-09-03 13:40:00,1.300494925037172e-16,False
2021-09-03 13:50:00,1.2275021837540684e-16,False
2021-09-03 14:00:00,1.1978779429848813e-16,False
2021-09-03 14:10:00,1.5040521140793006e-16,False
2021-09-03 14:20:00,1.0485819802713245e-16,False
2021-09-03 14:30:00,1.2269579043900015e-16,False
2021-09-03 14:40:00,9.67773955175098e-17,False
2021-09-03 14:50:00,1.3071695566464582e-16,False
2021-09-03 15:00:00,1.0720971913913723e-16,False
2021-09-03 15:10:00,1.232150226882435e-16,False
2021-09-03 15:20:00,9.84783116309144e-17,False
2021-09-03 15:30:00,1.1440064314412448e-16,False
2021-09-03 15:40:00,1.1211741982998875e-16,False
2021-09-03 15:50:00,1.1616665864721545e-16,False
2021-09-03 16:00:00,1.2521689829627596e-16,False
2021-09-03 16:10:00,1.1947043284860266e-16,False
2021-09-03 16:20:00,1.1247738031202812e-16,False
2021-09-03 16:30:00,1.1435016064383343e-16,False
2021-09-03 16:40:00,1.3216646492991188e-16,False
2021-09-03 16:50:00,9.714829529401252e-17,False
2021-09-03 17:00:00,,False
2021-09-03 17:10:00,1.0837188719141342e-16,False
2021-09-03 17:20:00,1.2313320069925432e-16,False
2021-09-03 17:30:00,1.1245062324189136e-16,False
2021-09-03 17:40:00,1.2527011793780488e-16,False
2021-09-03 17:50:00,1.177942322554582e-16,False
2021-09-03 18:00:00,1.2742234624727062e-16,False
2021-09-03 18:10:00,1.2078856733439502e-16,False
2021-09-03 18:20:00,,False
2021-09-03 18:30:00,1.1479535735252197e-16,False
2021-09-03 18:40:00,1.1053852599734187e-16,False
2021-09-03 18:50:00,1.0728043615278076e-16,False
2021-09-03 19:00:00,1.2488347724713977e-16,False
2021-09-03 19:10:00,1.4420908110218906e-16,False
2021-09-03 19:20:00,1.1887765264115574e-16,False
2021-09-03 19:30:00,1.2069468497375252e-16,False
2021-09-03 19:40:00,1.4879248425301232e-16,False
2021-09-03 19:50:00,1.216953921626032e-16,False
2021-09-03 20:00:00,1.0466606963056404e-16,False
2021-09-03 20:10:00,1.3204977508091823e-16,False
2021-09-03 20:20:00,1.3386125365453372e-16,False
2021-09-03 20:30:00,1.1969091815580826e-16,False
2021-09-03 20:40:00,1.1514035641609254e-16,False
2021-09-03 20:50:00,1.0811853688314666e-16,False
2021-09-03 21:00:00,1.2214559448561398e-16,False
2021-09-03 21:10:00,1.0361776228630367e-16,False
2021-09-03 21:20:00,1.276740204973777e-16,False
2021-09-03 21:30:00,1.281113349753902e-16,False
2021-09-03 21:40:00,1.0428179461889708e-16,False
2021-09-03 21:50:00,,False
2021-09-03 22:00:00,1.3975075637398548e-16,False
2021-09-03 22:10:00,1.33990987760047e-16,False
2021-09-03 22:20:00,1.365463356694206e-16,False
2021-09-03 22:30:00,1.3088457120836615e-16,False
2021-09-03 22:40:00,1.2537014029970051e-16,False
2021-09-03 22:50:00,1.3752963103637416e-16,False
2021-09-03 23:00:00,1.1909027732567715e-16,False
2021-09-03 23:10:00,1.3773868880210713e-16,False
2021-09-03 23:20:00,1.4181766414945326e-16,False
2021-09-03 23:30:00,1.1186961058697715e-16,False
2021-09-03 23:40:00,1.2570282741809036e-16,False
2021-09-03 23:50:00,1.141919328478856e-16,False
2021-09-04 00:00:00,9.143600790201119e-17,False
2021-09-04 00:10:00,1.3842934864393845e-16,False
2021-09-04 00:20:00,1.474079818139842e-16,False
2021-09-04 00:30:00,9.946175595044427e-17,False
2021-09-04 00:40:00,1.3480205689114672e-16,False
2021-09-04 00:50:00,1.235997084679561e-16,False
2021-09-04 01:00:00,1.2142304579836587e-16,False
2021-09-04 01:10:00,1.2499680114786699e-16,False
2021-09-04 01:20:00,1.2282509077038757e-16,False
2021-09-04 01:30:00,1.2394805747850024e-16,False
2021-09-04 01:40:00,1.264648418298e-16,False
2021-09-04 01:50:00,1.1839867077142888e-16,False
2021-09-04 02:00:00,1.3084754599405516e-16,False
2021-09-04 02:10:00,,False
2021-09-04 02:20:00,1.1897755575955022e-16,False
2021-09-04 02:30:00,1.0783843084353883e-16,False
2021-09-04 02:40:00,1.141626365886743e-16,False
2021-09-04 02:50:00,1.2613988718203757e-16,False
2021-09-04 03:00:00,1.4092401608127113e-16,False
2021-09-04 03:10:00,1.1147145570083825e-16,False
2021-09-04 03:20:00,1.0498635197779639e-16,False
2021-09-04 03:30:00,1.2719945370541676e-16,False
2021-09-04 03:40:00,9.487436055056726e-17,False
2021-09-04 03:50:00,1.3679828284994184e-16,False
2021-09-04 04:00:00,1.1679289571068274e-16,False
2021-09-04 04:10:00,1.3030669143537496e-16,False
2021-09-04 04:20:00,1.1961180246543865e-16,False
2021-09-04 04:30:00,1.3111903979126967e-16,False
2021-09-04 04:40:00,1.3725251377635801e-16,False
2021-09-04 04:50:00,1.3261965336322203e-16,False
2021-09-04 05:00:00,1.3533463469077133e-16,False
2021-09-04 05:10:00,1.333877021929093e-16,False
2021-09-04 05:20:00,1.0341655024595832e-16,False
2021-09-04 05:30:00,1.3011665084043815e-16,False
2021-09-04 05:40:00,1.167528151927342e-16,False
2021-09-04 05:50:00,1.2219047605559313e-16,False
2021-09-04 06:00:00,1.2875176639073737e-16,False
2021-09-04 06:10:00,1.381812470127862e-16,False
2021-09-04 06:20:00,1.5033319669377083e-16,False
2021-09-04 06:30:00,1.0784299125165578e-16,False
2021-09-04 06:40:00,1.2454241256650944e-16,False
2021-09-04 06:50:00,1.0441901937749251e-16,False
2021-09-04 07:00:00,1.2812680589793005e-16,False
2021-09-04 07:10:00,1.2363268864458218e-16,False
2021-09-04 07:20:00,1.1278214519728084e-16,False
2021-09-04 07:30:00,1.141689477906408e-16,False
2021-09-04 07:40:00,1.0470073129217306e-16,False
2021-09-04 07:50:00,1.0505430080374128e-16,False
2021-09-04 08:00:00,1.2818232677644376e-16,False
2021-09-04 08:10:00,1.2079901251822675e-16,False
2021-09-04 08:20:00,1.1684295605581908e-16,False
2021-09-04 08:30:00,1.0289800112898929e-16,False
2021-09-04 08:40:00,1.4085233014513627e-16,False
2021-09-04 08:50:00,1.1294672265443704e-16,False
2021-09-04 09:00:00,,False
2021-09-04 09:10:00,1.1424327154967518e-16,False
2021-09-04 09:20:00,1.2437856915034153e-16,False
2021-09-04 09:30:00,1.1643072790166408e-16,False
2021-09-04 09:40:00,1.1085544886456686e-16,False
2021-09-04 09:50:00,1.2412487904153495e-16,False
2021-09-04 10:00:00,1.2445246753403501e-16,False
2021-09-04 10:10:00,1.4482422125516636e-16,False
2021-09-04 10:20:00,1.3100016015008133e-16,False
2021-09-04 10:30:00,1.3137995715876689e-16,False
2021-09-04 10:40:00,9.640165180758758e-17,False
2021-09-04 10:50:00,1.192519785028251e-16,False
2021-09-04 11:00:00,,False
2021-09-04 11:10:00,1.2395521518286663e-16,False
2021-09-04 11:20:00,1.2741008116998204e-16,False
2021-09-04 11:30:00,1.1867605905583968e-16,False
2021-09-04 11:40:00,1.467609235613041e-16,False
2021-09-04 11:50:00,,False
2021-09-04 12:00:00,1.3869307541784082e-16,False
2021-09-04 12:10:00,1.187815229157848e-16,False
2021-09-04 12:20:00,1.3063737134073026e-16,False
2021-09-04 12:30:00,1.2026606253726046e-16,False
2021-09-04 12:40:00,1.0266360714763916e-16,False
2021-09-04 12:50:00,1.2334507809196383e-16,False
2021-09-04 13:00:00,1.1930789703238462e-16,False
2021-09-04 13:10:00,1.1447636851924532e-16,False
2021-09-04 13:20:00,1.1609343403315674e-16,False
2021-09-04 13:30:00,1.1326322431753688e-16,False
2021-09-04 13:40:00,1.2199259370416342e-16,False
2021-09-04 13:50:00,1.1241048353322356e-16,False
2021-09-04 14:00:00,1.2126845017346776e-16,False
2021-09-04 14:10:00,1.1687465162934082e-16,False
2021-09-04 14:20:00,1.0675275253029987e-16,False
2021-09-04 14:30:00,1.3216378187973538e-16,False
2021-09-04 14:40:00,1.3339859971431041e-16,False
2021-09-04 14:50:00,1.1078244740649602e-16,False
2021-09-04 15:00:00,1.1338620862556278e-16,False
2021-09-04 15:10:00,1.249476047318713e-16,False
2021-09-04 15:20:00,1.2716599993463103e-16,False
2021-09-04 15:30:00,1.2211175134793235e-16,False
2021-09-04 15:40:00,1.3136245257617757e-16,False
2021-09-04 15:50:00,1.2552306159130174e-16,False
2021-09-04 16:00:00,1.3233409075749207e-16,False
2021-09-04 16:10:00,1.38691405571907e-16,False
2021-09-04 16:20:00,1.3236208823890142e-16,False
2021-09-04 16:30:00,1.3330596591754936e-16,False
2021-09-04 16:40:00,,False
2021-09-04 16:50:00,1.2925934724398616e-16,False
2021-09-04 17:00:00,1.4713740489776516e-16,False
2021-09-04 17:10:00,1.3607756338631319e-16,False
2021-09-04 17:20:00,1.0187478033768734e-16,False
2021-09-04 17:30:00,1.418520533712053e-16,False
2021-09-04 17:40:00,1.3360469728738715e-16,False
2021-09-04 17:50:00,1.1062130215654497e-16,False
2021-09-04 18:00:00,1.1519663474826163e-16,False
2021-09-04 18:10:00,1.234752659052033e-16,False
2021-09-04 18:20:00,1.1708144693860751e-16,False
2021-09-04 18:30:00,1.2084016601210992e-16,False
2021-09-04 18:40:00,1.2033054996153904e-16,False
2021-09-04 18:50:00,1.3258662641255767e-16,False
2021-09-04 19:00:00,9.916696652248625e-17,False
2021-09-04 19:10:00,1.4372336988279956e-16,False
2021-09-04 19:20:00,1.3284347069064299e-16,False
2021-09-04 19:30:00,1.2549123343236096e-16,False
2021-09-04 19:40:00,1.357810769274657e-16,False
2021-09-04 19:50:00,1.0725859153565297e-16,False
2021-09-04 20:00:00,1.214308727451988e-16,False
2021-09-04 20:10:00,1.3193640535378298e-16,False
2021-09-04 20:20:00,,False
2021-09-04 20:30:00,1.095835260889242e-16,False
2021-09-04 20:40:00,1.2380340527714697e-16,False
2021-09-04 20:50:00,1.0042470605423986e-16,False
2021-09-04 21:00:00,1.4036780884124333e-16,False
2021-09-04 21:10:00,1.1494588465965405e-16,False
2021-09-04 21:20:00,1.1875431643996603e-16,False
2021-09-04 21:30:00,1.307662821891871e-16,False
2021-09-04 21:40:00,1.1107635133234183e-16,False
2021-09-04 21:50:00,1.0229960545600529e-16,False
2021-09-04 22:00:00,1.046705270333953e-16,False
2021-09-04 22:10:00,1.2273368215379597e-16,False
2021-09-04 22:20:00,1.2085225459375068e-16,False
2021-09-04 22:30:00,1.1759534702053106e-16,False
2021-09-04 22:40:00,1.210237449389746e-16,False
2021-09-04 22:50:00,1.2586985579046864e-16,False
2021-09-04 23:00:00,1.136332879580667e-16,False
2021-09-04 23:10:00,1.291722582801455e-16,False
2021-09-04 23:20:00,,False
2021-09-04 23:30:00,1.2576892122175239e-16,False
2021-09-04 23:40:00,1.220045406505682e-16,False
2021-09-04 23:50:00,1.126335054702592e-16,False
2021-09-05 00:00:00,1.320809892845343e-16,False
2021-09-05 00:10:00,1.3578702000291521e-16,False
2021-09-05 00:20:00,1.2304776604707106e-16,False
2021-09-05 00:30:00,1.203078575636927e-16,False
2021-09-05 00:40:00,1.2717719609295474e-16,False
2021-09-05 00:50:00,,False
2021-09-05 01:00:00,1.0189791138105475e-16,False
2021-09-05 01:10:00,9.739691968456808e-17,False
2021-09-05 01:20:00,1.1805445309980236e-16,False
2021-09-05 01:30:00,9.656637880573277e-17,False
2021-09-05 01:40:00,,False
2021-09-05 01:50:00,1.2219411766948003e-16,False
2021-09-05 02:00:00,1.1702317070673883e-16,False
2021-09-05 02:10:00,1.396030603979069e-16,False
2021-09-05 02:20:00,1.2156373987536295e-16,False
2021-09-05 02:30:00,1.42681325559573e-16,False
2021-09-05 02:40:00,1.25209953780445e-16,False
2021-09-05 02:50:00,1.1804526425507468e-16,False
2021-09-05 03:00:00,1.255213494837602e-16,False
2021-09-05 03:10:00,1.157841347757208e-16,False
2021-09-05 03:20:00,,False
2021-09-05 03:30:00,1.1195149697266424e-16,False
2021-09-05 03:40:00,1.1893109659480942e-16,False
2021-09-05 03:50:00,,False
2021-09-05 04:00:00,9.953199128559531e-17,False
2021-09-05 04:10:00,1.0253073631615093e-16,False
2021-09-05 04:20:00,1.343016610761846e-16,False
2021-09-05 04:30:00,9.653532796258287e-17,False
2021-09-05 04:40:00,1.279607269157552e-16,False
2021-09-05 04:50:00,1.3739168675372308e-16,False
2021-09-05 05:00:00,1.1566963308438067e-16,False
2021-09-05 05:10:00,1.340217601820572e-16,False
2021-09-05 05:20:00,1.2677326653998124e-16,False
2021-09-05 05:30:00,1.395194685701344e-16,False
2021-09-05 05:40:00,1.218063876298013e-16,False
2021-09-05 05:50:00,1.355997151244036e-16,False
2021-09-05 06:00:00,1.2908279595282632e-16,False
2021-09-05 06:10:00,1.3114361579062382e-16,False
2021-09-05 06:20:00,1.3857352650520635e-16,False
2021-09-05 06:30:00,1.4534749068187862e-16,False
2021-09-05 06:40:00,8.770503218257759e-17,False
2021-09-05 06:50:00,1.3573603094293226e-16,False
2021-09-05 07:00:00,1.2824441939034234e-16,False
2021-09-05 07:10:00,,False
2021-09-05 07:20:00,1.3756447828256828e-16,False
2021-09-05 07:30:00,1.0252170038295204e-16,False
2021-09-05 07:40:00,1.1514916158769914e-16,False
2021-09-05 07:50:00,1.307876275278203e-16,False
2021-09-05 08:00:00,8.723500591571434e-17,False
2021-09-05 08:10:00,1.0465419469806365e-16,False
2021-09-05 08:20:00,1.134535918387671e-16,False
2021-09-05 08:30:00,1.153645646950802e-16,False
2021-09-05 08:40:00,1.393567432178108e-16,False
2021-09-05 08:50:00,1.172152207837768e-16,False
2021-09-05 09:00:00,1.3600704496292766e-16,False
2021-09-05 09:10:00,1.1031567449657642e-16,False
2021-09-05 09:20:00,1.169471054679447e-16,False
2021-09-05 09:30:00,1.2343847621570123e-16,False
2021-09-05 09:40:00,1.2213183447389973e-16,False
2021-09-05 09:50:00,1.40510796452665e-16,False
2021-09-05 10:00:00,1.3517942551618898e-16,False
2021-09-05 10:10:00,1.175330930262397e-16,False
2021-09-05 10:20:00,1.0742633268322947e-16,False
2021-09-05 10:30:00,1.2799635480595984e-16,False
2021-09-05 10:40:00,,False
2021-09-05 10:50:00,1.3062627041113211e-16,False
2021-09-05 11:00:00,1.2661372982281649e-16,False
2021-09-05 11:10:00,1.15035799585748e-16,False
2021-09-05 11:20:00,,False
2021-09-05 11:30:00,1.2827697887478607e-16,False
2021-09-05 11:40:00,1.0188830401771453e-16,False
2021-09-05 11:50:00,1.1734830508461584e-16,False
2021-09-05 12:00:00,1.1891253227989857e-16,False
2021-09-05 12:10:00,1.3022474744933825e-16,False
2021-09-05 12:20:00,1.2392033585322218e-16,False
2021-09-05 12:30:00,1.2589358642686442e-16,False
2021-09-05 12:40:00,1.1105849260897724e-16,False
2021-09-05 12:50:00,1.0714405916406023e-16,False
2021-09-05 13:00:00,1.5727570698552838e-16,False
2021-09-05 13:10:00,1.0390412573756263e-16,False
2021-09-05 13:20:00,1.1374678554557737e-16,False
2021-09-05 13:30:00,1.2547732181522873e-16,False
2021-09-05 13:40:00,1.1619996391354285e-16,False
2021-09-05 13:50:00,1.2212244259156952e-16,False
2021-09-05 14:00:00,9.095897021344973e-17,False
2021-09-05 14:10:00,1.2328815514980978e-16,False
2021-09-05 14:20:00,1.3367343889404229e-16,False
2021-09-05 14:30:00,1.1661191578800404e-16,False
2021-09-05 14:40:00,1.2329228965066703e-16,False
2021-09-05 14:50:00,,False
2021-09-05 15:00:00,1.2066882234966144e-16,False
2021-09-05 15:10:00,1.1430087714511755e-16,False
2021-09-05 15:20:00,1.2644690383675518e-16,False
2021-09-05 15:30:00,,False
2021-09-05 15:40:00,1.2230335889478536e-16,False
2021-09-05 15:50:00,1.3109995981977376e-16,False
2021-09-05 16:00:00,9.932806045550037e-17,False
2021-09-05 16:10:00,1.277853373705716e-16,False
2021-09-05 16:20:00,1.2828699097976562e-16,False
2021-09-05 16:30:00,1.1159141611779046e-16,False
2021-09-05 16:40:00,1.1181919153099522e-16,False
2021-09-05 16:50:00,,False
2021-09-05 17:00:00,1.101720479481699e-16,False
2021-09-05 17:10:00,1.221776071472188e-16,False
2021-09-05 17:20:00,1.1683248196736604e-16,False
2021-09-05 17:30:00,1.3956904010203693e-16,False
2021-09-05 17:40:00,,False
2021-09-05 17:50:00,1.2833397633951775e-16,False
2021-09-05 18:00:00,1.1697558200706386e-16,False
2021-09-05 18:10:00,1.1484115961548464e-16,False
2021-09-05 18:20:00,1.174976959199355e-16,False
2021-09-05 18:30:00,,False
2021-09-05 18:40:00,1.2647907630601717e-16,False
2021-09-05 18:50:00,,False
2021-09-05 19:00:00,1.1995932599870464e-16,False
2021-09-05 19:10:00,1.4986186685725237e-16,False
2021-09-05 19:20:00,1.1753323748121201e-16,False
2021-09-05 19:30:00,1.2581080888056286e-16,False
2021-09-05 19:40:00,1.0661632753066836e-16,False
2021-09-05 19:50:00,1.2096621186972537e-16,False
2021-09-05 20:00:00,1.3630646237793784e-16,False
2021-09-05 20:10:00,1.140194120571118e-16,False
2021-09-05 20:20:00,1.3277902051248537e-16,False
2021-09-05 20:30:00,1.2473320729761384e-16,False
2021-09-05 20:40:00,1.2325494175751921e-16,False
2021-09-05 20:50:00,1.2490735873569526e-16,False
2021-09-05 21:00:00,1.1985019481682418e-16,False
2021-09-05 21:10:00,1.1839051204377045e-16,False
2021-09-05 21:20:00,1.0894547944814231e-16,False
2021-09-05 21:30:00,1.270039325749142e-16,False
2021-09-05 21:40:00,1.2084344144196218e-16,False
2021-09-05 21:50:00,1.1491493777596415e-16,False
2021-09-05 22:00:00,1.2806221444605275e-16,False
2021-09-05 22:10:00,,False
2021-09-05 22:20:00,1.2415548882519558e-16,False
2021-09-05 22:30:00,1.1852270265427773e-16,False
2021-09-05 22:40:00,1.286131599435053e-16,False
2021-09-05 22:50:00,1.3921944446713821e-16,False
2021-09-05 23:00:00,1.4000268523440597e-16,False
2021-09-05 23:10:00,1.0919634666758948e-16,False
2021-09-05 23:20:00,1.3845459446424497e-16,False
2021-09-05 23:30:00,1.2943895253234382e-16,False
2021-09-05 23:40:00,1.1371150717249962e-16,False
2021-09-05 23:50:00,1.1951671259637222e-16,False
2021-09-06 00:00:00,1.4259967702972276e-16,False
2021-09-06 00:10:00,1.3024287553991376e-16,False
2021-09-06 00:20:00,1.2270187176930295e-16,False
2021-09-06 00:30:00,1.0295825851391695e-16,False
2021-09-06 00:40:00,1.1308278265830076e-16,False
2021-09-06 00:50:00,1.24366001766618e-16,False
2021-09-06 01:00:00,9.214533665320968e-17,False
2021-09-06 01:10:00,1.0664068331625035e-16,False
2021-09-06 01:20:00,1.350815336215928e-16,False
2021-09-06 01:30:00,1.2803494128691307e-16,False
2021-09-06 01:40:00,1.2858503222402521e-16,False
2021-09-06 01:50:00,1.0807538419347274e-16,False
2021-09-06 02:00:00,1.3008801099985023e-16,False
2021-09-06 02:10:00,1.1865285164775153e-16,False
2021-09-06 02:20:00,1.1467356453496464e-16,False
2021-09-06 02:30:00,,False
2021-09-06 02:40:00,1.2333588971785865e-16,False
2021-09-06 02:50:00,1.2078959017508044e-16,False
2021-09-06 03:00:00,1.5352103996603208e-16,False
2021-09-06 03:10:00,1.217177305635566e-16,False
2021-09-06 03:20:00,1.169074652725942e-16,False
2021-09-06 03:30:00,,False
2021-09-06 03:40:00,1.3616995763246073e-16,False
2021-09-06 03:50:00,1.1182001796051913e-16,False
2021-09-06 04:00:00,1.234549907054419e-16,False
2021-09-06 04:10:00,1.2489952424113664e-16,False
2021-09-06 04:20:00,1.1359868780399712e-16,False
2021-09-06 04:30:00,1.0792150883021354e-16,False
2021-09-06 04:40:00,1.2721738591490624e-16,False
2021-09-06 04:50:00,1.2675802546258495e-16,False
2021-09-06 05:00:00,1.33752858232653e-16,False
2021-09-06 05:10:00,,False
2021-09-06 05:20:00,1.2958166673653048e-16,False
2021-09-06 05:30:00,1.220646315072772e-16,False
2021-09-06 05:40:00,1.2267792956222088e-16,False
2021-09-06 05:50:00,1.2372839893033763e-16,False
2021-09-06 06:00:00,1.205094926523343e-16,False
2021-09-06 06:10:00,1.0592772760532418e-16,False
2021-09-06 06:20:00,1.3205013466153353e-16,False
2021-09-06 06:30:00,1.0869394915114007e-16,False
2021-09-06 06:40:00,9.601265232286159e-17,False
2021-09-06 06:50:00,1.2199618546508375e-16,False
2021-09-06 07:00:00,1.1698492566122637e-16,False
2021-09-06 07:10:00,1.0943712243690901e-16,False
2021-09-06 07:20:00,1.252580177204011e-16,False
2021-09-06 07:30:00,1.1547592745673445e-16,False
2021-09-06 07:40:00,1.1748289033290138e-16,False
2021-09-06 07:50:00,1.1975124327300776e-16,False
2021-09-06 08:00:00,1.147031476109417e-16,False
2021-09-06 08:10:00,1.4025033488058665e-16,False
2021-09-06 08:20:00,1.1992091873950215e-16,False
2021-09-06 08:30:00,1.32487640708681e-16,False
2021-09-06 08:40:00,1.0303737421418577e-16,False
2021-09-06 08:50:00,1.2531778675850426e-16,False
2021-09-06 09:00:00,1.223511195650178e-16,False
2021-09-06 09:10:00,1.14317493130518e-16,False
2021-09-06 09:20:00,9.841350423414525e-17,False
2021-09-06 09:30:00,1.119129124676167e-16,False
2021-09-06 09:40:00,1.1662573146036212e-16,False
2021-09-06 09:50:00,1.2860149716175028e-16,False
2021-09-06 10:00:00,1.3148510444228896e-16,False
2021-09-06 10:10:00,1.3273178901131462e-16,False
2021-09-06 10:20:00,1.3405539723187692e-16,False
2021-09-06 10:30:00,1.4640157595347945e-16,False
2021-09-06 10:40:00,1.0337795224719265e-16,False
2021-09-06 10:50:00,1.3581440535201984e-16,False
2021-09-06 11:00:00,1.362019155416742e-16,False
2021-09-06 11:10:00,1.1002452030468682e-16,False
2021-09-06 11:20:00,1.1117435062698475e-16,False
2021-09-06 11:30:00,1.3511108297805574e-16,False
2021-09-06 11:40:00,1.3587994468491595e-16,False
2021-09-06 11:50:00,1.1481662640680933e-16,False
2021-09-06 12:00:00,1.1033655480154779e-16,False
2021-09-06 12:10:00,,False
2021-09-06 12:20:00,1.2272320971556842e-16,False
2021-09-06 12:30:00,1.175130739923008e-16,False
2021-09-06 12:40:00,1.2810065345458821e-16,False
2021-09-06 12:50:00,1.0337937019116388e-16,False
2021-09-06 13:00:00,1.1970203603915422e-16,False
2021-09-06 13:10:00,1.1569541336385737e-16,False
2021-09-06 13:20:00,9.411543329919863e-17,False
2021-09-06 13:30:00,1.2148429165920554e-16,False
2021-09-06 13:40:00,1.150303418150012e-16,False
2021-09-06 13:50:00,1.2325914148970427e-16,False
2021-09-06 14:00:00,1.2998940831654152e-16,False
2021-09-06 14:10:00,1.2160303408727668e-16,False
2021-09-06 14:20:00,1.2844940216276096e-16,False
2021-09-06 14:30:00,1.211833921592752e-16,False
2021-09-06 14:40:00,9.491700311111442e-17,False
2021-09-06 14:50:00,1.1354403239371515e-16,False
2021-09-06 15:00:00,1.0798435767718823e-16,False
2021-09-06 15:10:00,1.2728608468693733e-16,False
2021-09-06 15:20:00,1.301817788949598e-16,False
2021-09-06 15:30:00,1.1776561356142454e-16,False
2021-09-06 15:40:00,1.3175834994263218e-16,False
2021-09-06 15:50:00,1.2363601044308688e-16,False
2021-09-06 16:00:00,1.1797667691709017e-16,False
2021-09-06 16:10:00,1.122348634460105e-16,False
2021-09-06 16:20:00,1.237966855749852e-16,False
2021-09-06 16:30:00,1.2047779871584207e-16,False
2021-09-06 16:40:00,1.1834937794766533e-16,False
2021-09-06 16:50:00,9.331569044052904e-17,False
2021-09-06 17:00:00,1.4262701193539088e-16,False
2021-09-06 17:10:00,1.0570625386539527e-16,False
2021-09-06 17:20:00,1.280062115900267e-16,False
2021-09-06 17:30:00,1.0684316041872266e-16,False
2021-09-06 17:40:00,1.2747606881873419e-16,False
2021-09-06 17:50:00,1.1895200592754292e-16,False
2021-09-06 18:00:00,1.3408925381310349e-16,False
2021-09-06 18:10:00,1.323955618708433e-16,False
2021-09-06 18:20:00,1.341192457666104e-16,False
2021-09-06 18:30:00,1.27523118919151e-16,False
2021-09-06 18:40:00,,False
2021-09-06 18:50:00,,False
2021-09-06 19:00:00,1.40295134719276e-16,False
2021-09-06 19:10:00,1.1567814242102e-16,False
2021-09-06 19:20:00,1.3644746551566594e-16,False
2021-09-06 19:30:00,,False
2021-09-06 19:40:00,1.3909606320898023e-16,False
2021-09-06 19:50:00,1.2876395337507238e-16,False
2021-09-06 20:00:00,1.1768539803845785e-16,False
2021-09-06 20:10:00,1.2636046083912997e-16,False
2021-09-06 20:20:00,1.1732470741695725e-16,False
2021-09-06 20:30:00,1.2509590822075127e-16,False
2021-09-06 20:40:00,9.983429071782435e-17,False
2021-09-06 20:50:00,1.1632024871635897e-16,False
2021-09-06 21:00:00,1.0658767472257497e-16,False
2021-09-06 21:10:00,1.194795006563952e-16,False
2021-09-06 21:20:00,,False
2021-09-06 21:30:00,1.2683441624104833e-16,False
2021-09-06 21:40:00,1.0335508406887087e-16,False
2021-09-06 21:50:00,1.1561426428953667e-16,False
2021-09-06 22:00:00,1.350461117597137e-16,False
2021-09-06 22:10:00,1.120167677108858e-16,False
2021-09-06 22:20:00,1.1003141864289818e-16,False
2021-09-06 22:30:00,9.122430192964772e-17,False
2021-09-06 22:40:00,1.2480390364763715e-16,False
2021-09-06 22:50:00,1.3583733106783428e-16,False
2021-09-06 23:00:00,,False
2021-09-06 23:10:00,9.565953251200509e-17,False
2021-09-06 23:20:00,,False
2021-09-06 23:30:00,,False
2021-09-06 23:40:00,1.1171706674998096e-16,False
2021-09-06 23:50:00,1.2027308523136853e-16,False
2021-09-07 00:00:00,1.335487859464468e-16,False
2021-09-07 00:10:00,1.2505423324268992e-16,False
2021-09-07 00:20:00,,False
2021-09-07 00:30:00,1.168263554845618e-16,False
2021-09-07 00:40:00,1.118097040044222e-16,False
2021-09-07 00:50:00,1.2743892058156956e-16,False
2021-09-07 01:00:00,1.1869526583134982e-16,False
2021-09-07 01:10:00,1.2539772126595618e-16,False
2021-09-07 01:20:00,1.1330616638573923e-16,False
2021-09-07 01:30:00,1.3504564459762093e-16,False
2021-09-07 01:40:00,1.0858131560799871e-16,False
2021-09-07 01:50:00,1.2055922709594347e-16,False
2021-09-07 02:00:00,9.665180012243306e-17,False
2021-09-07 02:10:00,1.116771159433609e-16,False
2021-09-07 02:20:00,1.203898063266402e-16,False
2021-09-07 02:30:00,1.2907500106342651e-16,False
2021-09-07 02:40:00,1.2345019822202432e-16,False
2021-09-07 02:50:00,1.1786871702182643e-16,False
2021-09-07 03:00:00,1.314876173894763e-16,False
2021-09-07 03:10:00,1.1818586276418265e-16,False
2021-09-07 03:20:00,1.199014893168905e-16,False
2021-09-07 03:30:00,1.2586489148177317e-16,False
2021-09-07 03:40:00,1.091414205070608e-16,False
2021-09-07 03:50:00,1.0588616196723509e-16,False
2021-09-07 04:00:00,1.33513830154277e-16,False
2021-09-07 04:10:00,1.535388953351087e-16,False
2021-09-07 04:20:00,1.2808410873653235e-16,False
2021-09-07 04:30:00,1.4573459984943866e-16,False
2021-09-07 04:40:00,1.3080847706244373e-16,False
2021-09-07 04:50:00,1.2273291131538187e-16,False
2021-09-07 05:00:00,1.0771598499594263e-16,False
2021-09-07 05:10:00,1.2714360250900455e-16,False
2021-09-07 05:20:00,1.1366094488371728e-16,False
2021-09-07 05:30:00,1.4122339892243154e-16,False
2021-09-07 05:40:00,1.3440079018258908e-16,False
2021-09-07 05:50:00,1.1814415958443234e-16,False
2021-09-07 06:00:00,1.3056435196636013e-16,False
2021-09-07 06:10:00,1.3000230929437252e-16,False
2021-09-07 06:20:00,1.148496651679481e-16,False
2021-09-07 06:30:00,1.3788437549745878e-16,False
2021-09-07 06:40:00,1.225073170802539e-16,False
2021-09-07 06:50:00,1.0515854206680818e-16,False
2021-09-07 07:00:00,1.099632093507841e-16,False
2021-09-07 07:10:00,1.2562591421086667e-16,False
2021-09-07 07:20:00,1.2121383617962044e-16,False
2021-09-07 07:30:00,1.0173300531506304e-16,False
2021-09-07 07:40:00,1.269114072768845e-16,False
2021-09-07 07:50:00,1.2414376986760843e-16,False
2021-09-07 08:00:00,1.021337366886765e-16,False
2021-09-07 08:10:00,1.355899452803166e-16,False
2021-09-07 08:20:00,1.387195652588063e-16,False
2021-09-07 08:30:00,1.2881261758733098e-16,False
2021-09-07 08:40:00,1.1643822266397196e-16,False
2021-09-07 08:50:00,1.3029857303784717e-16,False
2021-09-07 09:00:00,1.1394583318684738e-16,False
2021-09-07 09:10:00,1.4986563534670358e-16,False
2021-09-07 09:20:00,1.148902738499729e-16,False
2021-09-07 09:30:00,9.765150764533096e-17,False
2021-09-07 09:40:00,1.2333242396545158e-16,False
2021-09-07 09:50:00,1.0948696187060269e-16,False
2021-09-07 10:00:00,1.033649091140501e-16,False
2021-09-07 10:10:00,1.2848954623005346e-16,False
2021-09-07 10:20:00,1.2769972691723515e-16,False
2021-09-07 10:30:00,1.0449645906752707e-16,False
2021-09-07 10:40:00,1.2715099033712353e-16,False
2021-09-07 10:50:00,1.208392844834456e-16,False
2021-09-07 11:00:00,1.1946577236750762e-16,False
2021-09-07 11:10:00,1.3426116655879248e-16,False
2021-09-07 11:20:00,1.2159018311593943e-16,False
2021-09-07 11:30:00,1.4310040474694264e-16,False
2021-09-07 11:40:00,1.1193448990252246e-16,False
2021-09-07 11:50:00,1.2086635006774614e-16,False
2021-09-07 12:00:00,1.2993581834217226e-16,False
2021-09-07 12:10:00,1.0725722895996115e-16,False
2021-09-07 12:20:00,,False
2021-09-07 12:30:00,1.0846986708137258e-16,False
2021-09-07 12:40:00,1.0584621218872621e-16,False
2021-09-07 12:50:00,1.1125047830773563e-16,False
2021-09-07 13:00:00,1.3008485795807745e-16,False
2021-09-07 13:10:00,1.2839295716880837e-16,False
2021-09-07 13:20:00,1.2404669837319745e-16,False
2021-09-07 13:30:00,9.684084192718155e-17,False
2021-09-07 13:40:00,1.27562334377378e-16,False
2021-09-07 13:50:00,1.3996851409608026e-16,False
2021-09-07 14:00:00,1.1549183121026438e-16,False
2021-09-07 14:10:00,1.324084887359271e-16,False
2021-09-07 14:20:00,1.0911441739005183e-16,False
2021-09-07 14:30:00,1.22525273183656e-16,False
2021-09-07 14:40:00,1.356995638436201e-16,False
2021-09-07 14:50:00,1.218196497582501e-16,False
2021-09-07 15:00:00,1.1896716957033907e-16,False
2021-09-07 15:10:00,1.0858358188881836e-16,False
2021-09-07 15:20:00,1.270384250735027e-16,False
2021-09-07 15:30:00,1.2817167739928893e-16,False
2021-09-07 15:40:00,1.0538662928417955e-16,False
2021-09-07 15:50:00,1.3485795706088902e-16,False
2021-09-07 16:00:00,1.2822928653651694e-16,False
2021-09-07 16:10:00,1.1477907220202533e-16,False
2021-09-07 16:20:00,,False
2021-09-07 16:30:00,1.4268113229846473e-16,False
2021-09-07 16:40:00,1.0836622218797279e-16,False
2021-09-07 16:50:00,1.2102244638816795e-16,False
2021-09-07 17:00:00,1.1213679027591346e-16,False
2021-09-07 17:10:00,1.2163032284021129e-16,False
2021-09-07 17:20:00,1.2454646711428054e-16,False
2021-09-07 17:30:00,1.2156191326440451e-16,False
2021-09-07 17:40:00,1.147966146666916e-16,False
2021-09-07 17:50:00,1.23062339855202e-16,False
2021-09-07 18:00:00,1.4313001707377317e-16,False
2021-09-07 18:10:00,1.2673330480607567e-16,False
2021-09-07 18:20:00,1.147616629482857e-16,False
2021-09-07 18:30:00,1.2991250970140919e-16,False
2021-09-07 18:40:00,1.0923607874565077e-16,False
2021-09-07 18:50:00,1.1635168623558482e-16,False
2021-09-07 19:00:00,1.2648999491101194e-16,False
2021-09-07 19:10:00,1.0974745535420568e-16,False
2021-09-07 19:20:00,1.0946049255572705e-16,False
2021-09-07 19:30:00,1.2628492177408022e-16,False
2021-09-07 19:40:00,1.1445922089008782e-16,False
2021-09-07 19:50:00,1.138230292366419e-16,False
2021-09-07 20:00:00,1.3626700540501523e-16,False
2021-09-07 20:10:00,1.172422426472735e-16,False
2021-09-07 20:20:00,1.1725385583375027e-16,False
2021-09-07 20:30:00,1.1622958969076553e-16,False
2021-09-07 20:40:00,9.557087035747847e-17,False
2021-09-07 20:50:00,1.2190632385064876e-16,False
2021-09-07 21:00:00,1.1673564722827488e-16,False
2021-09-07 21:10:00,1.1390483556221198e-16,False
2021-09-07 21:20:00,1.3188540295425862e-16,False
2021-09-07 21:30:00,1.2455572296517624e-16,False
2021-09-07 21:40:00,1.5023467486139194e-16,False
2021-09-07 21:50:00,1.1038863121826967e-16,False
2021-09-07 22:00:00,,False
2021-09-07 22:10:00,1.2795219723954908e-16,False
2021-09-07 22:20:00,1.0586267728134151e-16,False
2021-09-07 22:30:00,1.242228554157127e-16,False
2021-09-07 22:40:00,1.2580854919904429e-16,False
2021-09-07 22:50:00,1.1651296848799065e-16,False
2021-09-07 23:00:00,1.3925840908447195e-16,False
2021-09-07 23:10:00,1.4281779570124932e-16,False
2021-09-07 23:20:00,1.1849499826745363e-16,False
2021-09-07 23:30:00,8.866790459868526e-17,False
2021-09-07 23:40:00,1.264011894820986e-16,False
2021-09-07 23:50:00,1.3833830268245143e-16,False
2021-09-08 00:00:00,1.3324636526984337e-16,False
2021-09-08 00:10:00,1.195598373607697e-16,False
2021-09-08 00:20:00,1.2341104780968443e-16,False
2021-09-08 00:30:00,1.2374071729715673e-16,False
2021-09-08 00:40:00,1.3712393315206535e-16,False
2021-09-08 00:50:00,1.2800877906921339e-16,False
2021-09-08 01:00:00,1.0668328596186205e-16,False
2021-09-08 01:10:00,1.3047710149669703e-16,False
2021-09-08 01:20:00,1.028535265988256e-16,False
2021-09-08 01:30:00,1.1323998234611293e-16,False
2021-09-08 01:40:00,1.2074674348753736e-16,False
2021-09-08 01:50:00,1.3128895490936222e-16,False
2021-09-08 02:00:00,,False
2021-09-08 02:10:00,1.11205364402705e-16,False
2021-09-08 02:20:00,1.2948622012557487e-16,False
2021-09-08 02:30:00,1.1516576634912506e-16,False
2021-09-08 02:40:00,1.2283477527668433e-16,False
2021-09-08 02:50:00,1.2962198996995476e-16,False
2021-09-08 03:00:00,1.2325880117180352e-16,False
2021-09-08 03:10:00,1.196640309676551e-16,False
2021-09-08 03:20:00,1.2996495368279313e-16,False
2021-09-08 03:30:00,1.2994813103280723e-16,False
2021-09-08 03:40:00,1.119810774387164e-16,False
2021-09-08 03:50:00,1.1799993014962865e-16,False
2021-09-08 04:00:00,1.117223469818789e-16,False
2021-09-08 04:10:00,1.1817071096442646e-16,False
2021-09-08 04:20:00,1.2794673002631508e-16,False
2021-09-08 04:30:00,1.1722634625270052e-16,False
2021-09-08 04:40:00,1.0752987376192085e-16,False
2021-09-08 04:50:00,1.3135124157207128e-16,False
2021-09-08 05:00:00,1.1288001341115924e-16,False
2021-09-08 05:10:00,9.25302985000442e-17,False
2021-09-08 05:20:00,1.0759071752631686e-16,False
2021-09-08 05:30:00,1.1815346277247347e-16,False
2021-09-08 05:40:00,1.211341747943989e-16,False
2021-09-08 05:50:00,1.3011569020630953e-16,False
2021-09-08 06:00:00,1.0161195754341224e-16,False
2021-09-08 06:10:00,1.111574866205629e-16,False
2021-09-08 06:20:00,,False
2021-09-08 06:30:00,1.214367297493377e-16,False
2021-09-08 06:40:00,1.3378012030215806e-16,False
2021-09-08 06:50:00,1.057986217070287e-16,False
2021-09-08 07:00:00,1.2506799886285675e-16,False
2021-09-08 07:10:00,1.0895612075213536e-16,False
2021-09-08 07:20:00,,False
2021-09-08 07:30:00,1.432887616976833e-16,False
2021-09-08 07:40:00,1.2790558049839643e-16,False
2021-09-08 07:50:00,1.126806685513745e-16,False
2021-09-08 08:00:00,1.2736433662773675e-16,False
2021-09-08 08:10:00,1.1300061387860274e-16,False
2021-09-08 08:20:00,1.050957918057734e-16,False
2021-09-08 08:30:00,1.1597561648940005e-16,False
2021-09-08 08:40:00,1.2513017258278584e-16,False
2021-09-08 08:50:00,1.2212385092900135e-16,False
2021-09-08 09:00:00,1.1311667080349796e-16,False
2021-09-08 09:10:00,,False
2021-09-08 09:20:00,1.2931268115429679e-16,False
2021-09-08 09:30:00,1.127056368804011e-16,False
2021-09-08 09:40:00,1.0767984457007588e-16,False
2021-09-08 09:50:00,1.2205889730020802e-16,False
2021-09-08 10:00:00,1.3475189527269376e-16,False
2021-09-08 10:10:00,1.0146951436307722e-16,False
2021-09-08 10:20:00,1.2476512649784217e-16,False
2021-09-08 10:30:00,1.0257446820358821e-16,False
2021-09-08 10:40:00,1.1773869356005482e-16,False
2021-09-08 10:50:00,1.2357599828431676e-16,False
2021-09-08 11:00:00,1.2549390727286045e-16,False
2021-09-08 11:10:00,1.4168679432127463e-16,False
2021-09-08 11:20:00,1.3516626862081093e-16,False
2021-09-08 11:30:00,1.3839889620242133e-16,False
2021-09-08 11:40:00,1.2303440150374233e-16,False
2021-09-08 11:50:00,1.1656958290742015e-16,False
2021-09-08 12:00:00,1.2931004174069625e-16,False
2021-09-08 12:10:00,1.2290164622203565e-16,False
2021-09-08 12:20:00,1.128551533717027e-16,False
2021-09-08 12:30:00,1.2247850106246907e-16,False
2021-09-08 12:40:00,,False
2021-09-08 12:50:00,1.326589082380908e-16,False
2021-09-08 13:00:00,1.2289043643992036e-16,False
2021-09-08 13:10:00,1.2080465184515237e-16,False
2021-09-08 13:20:00,,False
2021-09-08 13:30:00,1.3295473445049109e-16,False
2021-09-08 13:40:00,1.0637911876327838e-16,False
2021-09-08 13:50:00,1.3072122771490845e-16,False
2021-09-08 14:00:00,1.2772571519979045e-16,False
2021-09-08 14:10:00,1.2014476343944893e-16,False
2021-09-08 14:20:00,1.3035460469506315e-16,False
2021-09-08 14:30:00,1.3287802438352607e-16,False
2021-09-08 14:40:00,1.2378579607197542e-16,False
2021-09-08 14:50:00,1.297295252304844e-16,False
2021-09-08 15:00:00,1.1336286448858718e-16,False
2021-09-08 15:10:00,1.1860296270257226e-16,False
2021-09-08 15:20:00,1.2723581316131246e-16,False
2021-09-08 15:30:00,1.1905380328830625e-16,False
2021-09-08 15:40:00,1.1302316228084133e-16,False
2021-09-08 15:50:00,1.2546988528070182e-16,False
2021-09-08 16:00:00,1.1913932306760236e-16,False
2021-09-08 16:10:00,1.1922470691396934e-16,False
2021-09-08 16:20:00,,False
2021-09-08 16:30:00,1.3493472461835503e-16,False
2021-09-08 16:40:00,1.493306571190441e-16,False
2021-09-08 16:50:00,1.3382421231777484e-16,False
2021-09-08 17:00:00,1.2095333280136606e-16,False
2021-09-08 17:10:00,1.175633857744287e-16,False
2021-09-08 17:20:00,1.2176009964481647e-16,False
2021-09-08 17:30:00,1.328623494957452e-16,False
2021-09-08 17:40:00,1.2260159975611753e-16,False
2021-09-08 17:50:00,1.15255949697282e-16,False
2021-09-08 18:00:00,1.0970620246967664e-16,False
2021-09-08 18:10:00,1.4991865635422635e-16,False
2021-09-08 18:20:00,1.2671049160834887e-16,False
2021-09-08 18:30:00,,False
2021-09-08 18:40:00,1.2570370555361709e-16,False
2021-09-08 18:50:00,1.2026986476483842e-16,False
2021-09-08 19:00:00,1.340398288989249e-16,False
2021-09-08 19:10:00,1.187713607774445e-16,False
2021-09-08 19:20:00,1.1914058233538203e-16,False
2021-09-08 19:30:00,1.4404455881959835e-16,False
2021-09-08 19:40:00,1.180946892587063e-16,False
2021-09-08 19:50:00,1.3201880851261819e-16,False
2021-09-08 20:00:00,1.1583728402520186e-16,False
2021-09-08 20:10:00,1.397237417181818e-16,False
2021-09-08 20:20:00,1.1887118587238595e-16,False
2021-09-08 20:30:00,1.3182043238514702e-16,False
2021-09-08 20:40:00,1.1302544242240803e-16,False
2021-09-08 20:50:00,1.3638987473149816e-16,False
2021-09-08 21:00:00,1.4318000329471277e-16,False
2021-09-08 21:10:00,1.0086717787571235e-16,False
2021-09-08 21:20:00,1.0817593342649733e-16,False
2021-09-08 21:30:00,1.181286379527589e-16,False
2021-09-08 21:40:00,1.3531428789412594e-16,False
2021-09-08 21:50:00,1.2071876487071972e-16,False
2021-09-08 22:00:00,1.0886136130346209e-16,False
2021-09-08 22:10:00,1.3836956601995115e-16,False
2021-09-08 22:20:00,1.1695896897277833e-16,False
2021-09-08 22:30:00,1.0874282071908847e-16,False
2021-09-08 22:40:00,1.0517811028612885e-16,False
2021-09-08 22:50:00,1.3754514168099514e-16,False
2021-09-08 23:00:00,1.0723851630258563e-16,False
2021-09-08 23:10:00,1.3634702621649982e-16,False
2021-09-08 23:20:00,1.0854904675759354e-16,False
2021-09-08 23:30:00,1.3492249929755533e-16,False
2021-09-08 23:40:00,1.1281198081783228e-16,False
2021-09-08 23:50:00,1.0717805182445921e-16,False
2021-09-09 00:00:00,1.296421220693854e-16,False
2021-09-09 00:10:00,1.1393021467728486e-16,False
2021-09-09 00:20:00,1.227016049084038e-16,False
2021-09-09 00:30:00,1.171727597878214e-16,False
2021-09-09 00:40:00,1.1333907224779622e-16,False
2021-09-09 00:50:00,1.3322561896888035e-16,False
2021-09-09 01:00:00,1.2895116219487604e-16,False
2021-09-09 01:10:00,1.1613079848710673e-16,False
2021-09-09 01:20:00,1.338453595655702e-16,False
2021-09-09 01:30:00,1.245797280601738e-16,False
2021-09-09 01:40:00,1.2017702192199824e-16,False
2021-09-09 01:50:00,1.1044744931917672e-16,False
2021-09-09 02:00:00,1.2721557881128185e-16,False
2021-09-09 02:10:00,1.3562816089932543e-16,False
2021-09-09 02:20:00,1.3062939871366948e-16,False
2021-09-09 02:30:00,1.0928627175070009e-16,False
2021-09-09 02:40:00,1.1356343059328919e-16,False
2021-09-09 02:50:00,9.49363877190173e-17,False
2021-09-09 03:00:00,1.2704919595780248e-16,False
2021-09-09 03:10:00,9.868684282818927e-17,False
2021-09-09 03:20:00,1.175441884397232e-16,False
2021-09-09 03:30:00,1.2844872891314884e-16,False
2021-09-09 03:40:00,1.316633230514297e-16,False
2021-09-09 03:50:00,1.2235565147208197e-16,False
2021-09-09 04:00:00,1.1957476024894793e-16,False
2021-09-09 04:10:00,1.2369150079688024e-16,False
2021-09-09 04:20:00,1.4270703316575213e-16,False
2021-09-09 04:30:00,1.3379045189048067e-16,False
2021-09-09 04:40:00,1.2309026214685433e-16,False
2021-09-09 04:50:00,1.2474218588199506e-16,False
2021-09-09 05:00:00,1.434461875306797e-16,False
2021-09-09 05:10:00,1.3108651023213777e-16,False
2021-09-09 05:20:00,1.1406592362387807e-16,False
2021-09-09 05:30:00,1.2470069523835053e-16,False
2021-09-09 05:40:00,1.2348292190878105e-16,False
2021-09-09 05:50:00,1.2354143608206346e-16,False
2021-09-09 06:00:00,1.3035042982586846e-16,False
2021-09-09 06:10:00,,False
2021-09-09 06:20:00,1.0609547830061571e-16,False
2021-09-09 06:30:00,1.0992309392264007e-16,False
2021-09-09 06:40:00,1.3505383399114092e-16,False
2021-09-09 06:50:00,1.1170490659597132e-16,False
2021-09-09 07:00:00,1.0823806185996023e-16,False
2021-09-09 07:10:00,1.265105865192967e-16,False
2021-09-09 07:20:00,1.3394339260688848e-16,False
2021-09-09 07:30:00,,False
2021-09-09 07:40:00,1.233586106824593e-16,False
2021-09-09 07:50:00,1.1375427511865062e-16,False
2021-09-09 08:00:00,1.0192579494240803e-16,False
2021-09-09 08:10:00,1.3045690666121008e-16,False
2021-09-09 08:20:00,1.238935403299213e-16,False
2021-09-09 08:30:00,1.2029893228042717e-16,False
2021-09-09 08:40:00,1.2670907027082688e-16,False
2021-09-09 08:50:00,9.878377714814756e-17,False
2021-09-09 09:00:00,1.2182251141510663e-16,False
2021-09-09 09:10:00,1.197572819619105e-16,False
2021-09-09 09:20:00,1.1673382110262183e-16,False
2021-09-09 09:30:00,1.2085809305000016e-16,False
2021-09-09 09:40:00,1.4223734664560428e-16,False
2021-09-09 09:50:00,1.1526122543013558e-16,False
2021-09-09 10:00:00,,False
2021-09-09 10:10:00,1.4007682333902209e-16,False
2021-09-09 10:20:00,1.0485219196606696e-16,False
2021-09-09 10:30:00,9.541483532302556e-17,False
2021-09-09 10:40:00,1.12255851569776e-16,False
2021-09-09 10:50:00,1.075103237994358e-16,False
2021-09-09 11:00:00,1.0522332898641839e-16,False
2021-09-09 11:10:00,1.3582430370708337e-16,False
2021-09-09 11:20:00,1.1549040354579892e-16,False
2021-09-09 11:30:00,1.3180975335778404e-16,False
2021-09-09 11:40:00,1.1744478689338622e-16,False
2021-09-09 11:50:00,1.146275443541106e-16,False
2021-09-09 12:00:00,1.204142264832732e-16,False
2021-09-09 12:10:00,1.1623324352767407e-16,False
2021-09-09 12:20:00,1.1485900141980713e-16,False
2021-09-09 12:30:00,1.1780717526591974e-16,False
2021-09-09 12:40:00,1.2149528611676116e-16,False
2021-09-09 12:50:00,1.1475044084663995e-16,False
2021-09-09 13:00:00,1.294522889635973e-16,False
2021-09-09 13:10:00,1.124657026715288e-16,False
2021-09-09 13:20:00,1.1545900747014407e-16,False
2021-09-09 13:30:00,1.462507992237164e-16,False
2021-09-09 13:40:00,1.1923676889880806e-16,False
2021-09-09 13:50:00,1.1738026504689573e-16,False
2021-09-09 14:00:00,1.0714084484432726e-16,False
2021-09-09 14:10:00,1.30924985499621e-16,False
2021-09-09 14:20:00,1.048502933378515e-16,False
2021-09-09 14:30:00,1.1121752371336662e-16,False
2021-09-09 14:40:00,1.1246429405675243e-16,False
2021-09-09 14:50:00,1.2081063202953065e-16,False
2021-09-09 15:00:00,1.2754309542283147e-16,False
2021-09-09 15:10:00,1.0816988966048432e-16,False
2021-09-09 15:20:00,1.1130386063723646e-16,False
2021-09-09 15:30:00,1.1974562235686826e-16,False
2021-09-09 15:40:00,1.0481421749816208e-16,False
2021-09-09 15:50:00,1.1016928076636586e-16,False
2021-09-09 16:00:00,1.1076291818419306e-16,False
2021-09-09 16:10:00,1.184644208994878e-16,False
2021-09-09 16:20:00,1.1830831157304554e-16,False
2021-09-09 16:30:00,1.165779265244977e-16,False
2021-09-09 16:40:00,1.3311006741619314e-16,False
2021-09-09 16:50:00,1.0284294210230901e-16,False
2021-09-09 17:00:00,1.2252117148761965e-16,False
2021-09-09 17:10:00,9.261611620646664e-17,False
2021-09-09 17:20:00,1.2125413365728258e-16,False
2021-09-09 17:30:00,1.2345956985338716e-16,False
2021-09-09 17:40:00,9.830853587546182e-17,False
2021-09-09 17:50:00,1.287576662299376e-16,False
2021-09-09 18:00:00,1.2853186985366554e-16,False
2021-09-09 18:10:00,1.399762755110474e-16,False
2021-09-09 18:20:00,,False
2021-09-09 18:30:00,1.3619042869048118e-16,False
2021-09-09 18:40:00,1.034038720723216e-16,False
2021-09-09 18:50:00,1.2415022211619941e-16,False
2021-09-09 19:00:00,1.1314499980893657e-16,False
2021-09-09 19:10:00,1.0965037928222716e-16,False
2021-09-09 19:20:00,1.1242309618797457e-16,False
2021-09-09 19:30:00,1.1366760404476002e-16,False
2021-09-09 19:40:00,1.0825426781955374e-16,False
2021-09-09 19:50:00,1.3012371075605046e-16,False
2021-09-09 20:00:00,1.35426619574415e-16,False
2021-09-09 20:10:00,1.2067081401559379e-16,False
2021-09-09 20:20:00,1.1370743231163005e-16,False
2021-09-09 20:30:00,1.2371815079642214e-16,False
2021-09-09 20:40:00,1.2066489915987675e-16,False
2021-09-09 20:50:00,1.0449465141748923e-16,False
2021-09-09 21:00:00,1.2894022273632904e-16,False
2021-09-09 21:10:00,,False
2021-09-09 21:20:00,1.1978481700297845e-16,False
2021-09-09 21:30:00,1.4107416205501945e-16,False
2021-09-09 21:40:00,1.2547694001696653e-16,False
2021-09-09 21:50:00,1.4304329405090074e-16,False
2021-09-09 22:00:00,1.3724344665385543e-16,False
2021-09-09 22:10:00,1.330583307716911e-16,False
2021-09-09 22:20:00,1.349951053692584e-16,False
2021-09-09 22:30:00,1.2045888550822491e-16,False
2021-09-09 22:40:00,1.251043492053079e-16,False
2021-09-09 22:50:00,1.0584712850249226e-16,False
2021-09-09 23:00:00,1.2053041762170882e-16,False
2021-09-09 23:10:00,8.368561226911434e-17,False
2021-09-09 23:20:00,1.2222303040941397e-16,False
2021-09-09 23:30:00,1.2346796748086426e-16,False
2021-09-09 23:40:00,1.03271999312557e-16,False
2021-09-09 23:50:00,1.2983754000126162e-16,False
2021-09-10 00:00:00,1.087166895619854e-16,False
2021-09-10 00:10:00,1.2213535441950923e-16,False
2021-09-10 00:20:00,1.0402225455536804e-16,False
2021-09-10 00:30:00,1.0113070618165342e-16,False
2021-09-10 00:40:00,1.0676357177568873e-16,False
2021-09-10 00:50:00,1.187580221566494e-16,False
2021-09-10 01:00:00,1.4240179918792867e-16,False
2021-09-10 01:10:00,1.349720411235894e-16,False
2021-09-10 01:20:00,1.1375085858334728e-16,False
2021-09-10 01:30:00,,False
2021-09-10 01:40:00,1.228157771561791e-16,False
2021-09-10 01:50:00,1.2501678558579265e-16,False
2021-09-10 02:00:00,1.3627642470782024e-16,False
2021-09-10 02:10:00,1.1652594601186388e-16,False
2021-09-10 02:20:00,1.2706620732661183e-16,False
2021-09-10 02:30:00,1.2364730695907602e-16,False
2021-09-10 02:40:00,1.380976846122892e-16,False
2021-09-10 02:50:00,1.046486854076916e-16,False
2021-09-10 03:00:00,,False
2021-09-10 03:10:00,1.2888033130246209e-16,False
2021-09-10 03:20:00,1.3525205615598176e-16,False
2021-09-10 03:30:00,1.0056481016089636e-16,False
2021-09-10 03:40:00,1.1544686768689e-16,False
2021-09-10 03:50:00,1.1712043341312572e-16,False
2021-09-10 04:00:00,1.2472714145527014e-16,False
2021-09-10 04:10:00,1.0599873477017622e-16,False
2021-09-10 04:20:00,1.2886441041042254e-16,False
2021-09-10 04:30:00,1.1437994492740469e-16,False
2021-09-10 04:40:00,1.2397248199756622e-16,False
2021-09-10 04:50:00,1.1896280985051e-16,False
2021-09-10 05:00:00,1.4226369418324092e-16,False
2021-09-10 05:10:00,1.1949569520823207e-16,False
2021-09-10 05:20:00,1.0906541182101058e-16,False
2021-09-10 05:30:00,1.180861070000442e-16,False
2021-09-10 05:40:00,1.1662167412297909e-16,False
2021-09-10 05:50:00,1.130597711231805e-16,False
2021-09-10 06:00:00,1.2151769901291018e-16,False
2021-09-10 06:10:00,,False
2021-09-10 06:20:00,1.2914486210000884e-16,False
2021-09-10 06:30:00,1.160276894773247e-16,False
2021-09-10 06:40:00,1.4056361074398872e-16,False
2021-09-10 06:50:00,1.1610437916182595e-16,False
2021-09-10 07:00:00,1.2067249442714377e-16,False
2021-09-10 07:10:00,1.1947871397691811e-16,False
2021-09-10 07:20:00,1.1976668751231905e-16,False
2021-09-10 07:30:00,1.2135934636691178e-16,False
2021-09-10 07:40:00,1.1569985496870403e-16,False
2021-09-10 07:50:00,,False
2021-09-10 08:00:00,1.3212014025339052e-16,False
2021-09-10 08:10:00,1.3077196943955798e-16,False
2021-09-10 08:20:00,1.3665506754508667e-16,False
2021-09-10 08:30:00,1.3069531795893119e-16,False
2021-09-10 08:40:00,1.1848093385109776e-16,False
2021-09-10 08:50:00,1.392612109861508e-16,False
2021-09-10 09:00:00,1.4250152766557e-16,False
2021-09-10 09:10:00,1.1824658046246665e-16,False
2021-09-10 09:20:00,1.4804107526119013e-16,False
2021-09-10 09:30:00,1.3847041075403377e-16,False
2021-09-10 09:40:00,1.2664860237148677e-16,False
2021-09-10 09:50:00,1.1346977627077952e-16,False
2021-09-10 10:00:00,1.336876303564577e-16,False
2021-09-10 10:10:00,1.388123706077487e-16,False
2021-09-10 10:20:00,1.3023295385454027e-16,False
2021-09-10 10:30:00,1.0423158321052885e-16,False
2021-09-10 10:40:00,1.287161313041261e-16,False
2021-09-10 10:50:00,1.1849325015951434e-16,False
2021-09-10 11:00:00,,False
2021-09-10 11:10:00,1.5751362131016594e-16,False
2021-09-10 11:20:00,1.2074799313239893e-16,False
2021-09-10 11:30:00,1.0446583603444295e-16,False
2021-09-10 11:40:00,1.2337080852642222e-16,False
2021-09-10 11:50:00,1.255791830001063e-16,False
2021-09-10 12:00:00,1.333047355640975e-16,False
2021-09-10 12:10:00,1.213716187205701e-16,False
2021-09-10 12:20:00,1.1715834381340296e-16,False
2021-09-10 12:30:00,1.2160534208482173e-16,False
2021-09-10 12:40:00,1.1951143485859768e-16,False
2021-09-10 12:50:00,1.0505230698738873e-16,False
2021-09-10 13:00:00,1.0064402959631878e-16,False
2021-09-10 13:10:00,8.919486841827908e-17,False
2021-09-10 13:20:00,1.2524665657277617e-16,False
2021-09-10 13:30:00,1.152733309697437e-16,False
2021-09-10 13:40:00,1.1833470977423125e-16,False
2021-09-10 13:50:00,1.1718680127653715e-16,False
2021-09-10 14:00:00,1.27612250396882e-16,False
2021-09-10 14:10:00,1.367349588349956e-16,False
2021-09-10 14:20:00,9.874055505738656e-17,False
2021-09-10 14:30:00,1.3228537971169507e-16,False
2021-09-10 14:40:00,1.1295244492612645e-16,False
2021-09-10 14:50:00,1.1712770248304465e-16,False
2021-09-10 15:00:00,9.568310886533424e-17,False
2021-09-10 15:10:00,1.2771713794162478e-16,False
2021-09-10 15:20:00,1.159657086126525e-16,False
2021-09-10 15:30:00,1.1833095000695568e-16,False
2021-09-10 15:40:00,,False
2021-09-10 15:50:00,1.3462587328748285e-16,False
2021-09-10 16:00:00,1.1418004819577269e-16,False
2021-09-10 16:10:00,1.2111097050233532e-16,False
2021-09-10 16:20:00,1.2149586611858995e-16,False
2021-09-10 16:30:00,1.1467421865874973e-16,False
2021-09-10 16:40:00,1.3760095512681455e-16,False
2021-09-10 16:50:00,1.1458644154624286e-16,False
2021-09-10 17:00:00,1.128031085966148e-16,False
2021-09-10 17:10:00,1.4844280793959211e-16,False
2021-09-10 17:20:00,1.232873986483667e-16,False
2021-09-10 17:30:00,1.1964847395796034e-16,False
2021-09-10 17:40:00,1.305154373340631e-16,False
2021-09-10 17:50:00,1.0946880583417622e-16,False
2021-09-10 18:00:00,,False
2021-09-10 18:10:00,1.478009756025109e-16,False
2021-09-10 18:20:00,1.2312134817922583e-16,False
2021-09-10 18:30:00,1.2046644012392456e-16,False
2021-09-10 18:40:00,1.431315289562522e-16,False
2021-09-10 18:50:00,1.0728784275361425e-16,False
2021-09-10 19:00:00,1.42766640437072e-16,False
2021-09-10 19:10:00,1.3223001385215429e-16,False
2021-09-10 19:20:00,1.206035857851944e-16,False
2021-09-10 19:30:00,1.114972220544242e-16,False
2021-09-10 19:40:00,9.837219085597989e-17,False
2021-09-10 19:50:00,9.578522961781326e-17,False
2021-09-10 20:00:00,1.1676791623240402e-16,False
2021-09-10 20:10:00,1.2164000119198874e-16,False
2021-09-10 20:20:00,1.2060674585341985e-16,False
2021-09-10 20:30:00,1.2891730082414542e-16,False
2021-09-10 20:40:00,1.173464095174984e-16,False
2021-09-10 20:50:00,1.2515294449353321e-16,False
2021-09-10 21:00:00,9.961935693543384e-17,False
2021-09-10 21:10:00,1.392092186975624e-16,False
2021-09-10 21:20:00,1.1672462550631598e-16,False
2021-09-10 21:30:00,1.253645525108785e-16,False
2021-09-10 21:40:00,1.113376588874469e-16,False
2021-09-10 21:50:00,,False
2021-09-10 22:00:00,1.118263105169294e-16,False
2021-09-10 22:10:00,1.1495578460419367e-16,False
2021-09-10 22:20:00,1.180702205004001e-16,False
2021-09-10 22:30:00,1.243045145524711e-16,False
2021-09-10 22:40:00,1.223686269746298e-16,False
2021-09-10 22:50:00,1.1282026779230302e-16,False
2021-09-10 23:00:00,1.0368134459229526e-16,False
2021-09-10 23:10:00,1.2915405879775505e-16,False
2021-09-10 23:20:00,,False
2021-09-10 23:30:00,1.2300683734968142e-16,False
2021-09-10 23:40:00,1.1205910064027008e-16,False
2021-09-10 23:50:00,1.386161895504874e-16,False
2021-09-11 00:00:00,1.0786229418088424e-16,False
2021-09-11 00:10:00,1.0367942805045475e-16,False
2021-09-11 00:20:00,1.0645325573392328e-16,False
2021-09-11 00:30:00,1.1873038258928292e-16,False
2021-09-11 00:40:00,1.0937450707362069e-16,False
2021-09-11 00:50:00,1.3052304656817274e-16,False
2021-09-11 01:00:00,1.2542623581058383e-16,False
2021-09-11 01:10:00,1.0382433578251241e-16,False
2021-09-11 01:20:00,1.1344574258304048e-16,False
2021-09-11 01:30:00,1.2449185924025098e-16,False
2021-09-11 01:40:00,1.3446595666135066e-16,False
2021-09-11 01:50:00,1.2880862981807287e-16,False
2021-09-11 02:00:00,1.1908331860802547e-16,False
2021-09-11 02:10:00,1.2075057260980398e-16,False
2021-09-11 02:20:00,1.0474833160375838e-16,False
2021-09-11 02:30:00,1.3114483381043536e-16,False
2021-09-11 02:40:00,1.3534489576270398e-16,False
2021-09-11 02:50:00,9.52524831515816e-17,False
2021-09-11 03:00:00,1.0062695106838383e-16,False
2021-09-11 03:10:00,1.2540442236721195e-16,False
2021-09-11 03:20:00,1.1518899041749018e-16,False
2021-09-11 03:30:00,1.1064018756870668e-16,False
2021-09-11 03:40:00,1.4843689550458792e-16,False
2021-09-11 03:50:00,1.2672892152292104e-16,False
2021-09-11 04:00:00,1.1756775509355465e-16,False
2021-09-11 04:10:00,1.2167357110103425e-16,False
2021-09-11 04:20:00,1.3561720007627374e-16,False
2021-09-11 04:30:00,1.4000367771830514e-16,False
2021-09-11 04:40:00,1.3682485320965652e-16,False
2021-09-11 04:50:00,1.15233014816462e-16,False
2021-09-11 05:00:00,1.3518709285627124e-16,False
2021-09-11 05:10:00,1.506174210369113e-16,False
2021-09-11 05:20:00,1.1826708655626467e-16,False
2021-09-11 05:30:00,1.1121799419437452e-16,False
2021-09-11 05:40:00,1.0879067886832031e-16,False
2021-09-11 05:50:00,1.2579763935309602e-16,False
2021-09-11 06:00:00,1.3776693650416588e-16,False
2021-09-11 06:10:00,1.3168989290614212e-16,False
2021-09-11 06:20:00,1.2564307225371375e-16,False
2021-09-11 06:30:00,,False
2021-09-11 06:40:00,1.1599441819426066e-16,False
2021-09-11 06:50:00,1.2994320696509276e-16,False
2021-09-11 07:00:00,1.0960356023019751e-16,False
2021-09-11 07:10:00,1.114448320233899e-16,False
2021-09-11 07:20:00,1.1561750125118265e-16,False
2021-09-11 07:30:00,1.3345367634905885e-16,False
2021-09-11 07:40:00,1.1727282457336791e-16,False
2021-09-11 07:50:00,1.194063141735497e-16,False
2021-09-11 08:00:00,1.4186812221475684e-16,False
2021-09-11 08:10:00,1.4635895654385144e-16,False
2021-09-11 08:20:00,1.1445155050159985e-16,False
2021-09-11 08:30:00,1.0393950061047067e-16,False
2021-09-11 08:40:00,1.2359680193806421e-16,False
2021-09-11 08:50:00,1.1790471604482154e-16,False
2021-09-11 09:00:00,1.3813709382299815e-16,False
2021-09-11 09:10:00,1.2744844112852276e-16,False
2021-09-11 09:20:00,1.0352671073902726e-16,False
2021-09-11 09:30:00,1.1165553714119605e-16,False
2021-09-11 09:40:00,1.2069721527029907e-16,False
2021-09-11 09:50:00,1.3408617000198556e-16,False
2021-09-11 10:00:00,1.372089097314172e-16,False
2021-09-11 10:10:00,1.0777744930890857e-16,False
2021-09-11 10:20:00,1.0589478252679219e-16,False
2021-09-11 10:30:00,9.35163966588222e-17,False
2021-09-11 10:40:00,1.3968774111381891e-16,False
2021-09-11 10:50:00,1.1600599558907603e-16,False
2021-09-11 11:00:00,1.221367186631057e-16,False
2021-09-11 11:10:00,1.0229270830456787e-16,False
2021-09-11 11:20:00,1.1420809827204605e-16,False
2021-09-11 11:30:00,1.2247629952606213e-16,False
2021-09-11 11:40:00,1.1150653357644882e-16,False
2021-09-11 11:50:00,1.2010132125063698e-16,False
2021-09-11 12:00:00,1.3949516214641034e-16,False
2021-09-11 12:10:00,1.4176098674640005e-16,False
2021-09-11 12:20:00,1.2548935139745808e-16,False
2021-09-11 12:30:00,1.4767406473375528e-16,False
2021-09-11 12:40:00,1.1055978566945891e-16,False
2021-09-11 12:50:00,9.956435259901734e-17,False
2021-09-11 13:00:00,1.3150928044458354e-16,False
2021-09-11 13:10:00,1.3011049348339447e-16,False
2021-09-11 13:20:00,1.1828973573389342e-16,False
2021-09-11 13:30:00,1.2272980348417454e-16,False
2021-09-11 13:40:00,1.3352032604747748e-16,False
2021-09-11 13:50:00,1.3136667734138367e-16,False
2021-09-11 14:00:00,1.0835543160745381e-16,False
2021-09-11 14:10:00,1.1859002929348837e-16,False
2021-09-11 14:20:00,1.0612390837101824e-16,False
2021-09-11 14:30:00,1.272931159509816e-16,False
2021-09-11 14:40:00,1.2330063153359962e-16,False
2021-09-11 14:50:00,1.1433488570418175e-16,False
2021-09-11 15:00:00,1.4532189900648133e-16,False
2021-09-11 15:10:00,1.206783061526771e-16,False
2021-09-11 15:20:00,1.2849356109251555e-16,False
2021-09-11 15:30:00,1.1276516206734794e-16,False
2021-09-11 15:40:00,1.0938678878966157e-16,False
2021-09-11 15:50:00,,False
2021-09-11 16:00:00,1.1700147948803507e-16,False
2021-09-11 16:10:00,1.274919285418262e-16,False
2021-09-11 16:20:00,1.114612656866162e-16,False
2021-09-11 16:30:00,1.2346348698356398e-16,False
2021-09-11 16:40:00,1.401502166113889e-16,False
2021-09-11 16:50:00,1.0916346508780887e-16,False
2021-09-11 17:00:00,9.123493650024507e-17,False
2021-09-11 17:10:00,1.0363580255176157e-16,False
2021-09-11 17:20:00,1.2981330470983076e-16,False
2021-09-11 17:30:00,1.1658649334016268e-16,False
2021-09-11 17:40:00,1.2389009686226348e-16,False
2021-09-11 17:50:00,1.3907735814907916e-16,False
2021-09-11 18:00:00,1.2896785973843396e-16,False
2021-09-11 18:10:00,1.5035213643821923e-16,False
2021-09-11 18:20:00,1.1762324184961932e-16,False
2021-09-11 18:30:00,1.3372767716516925e-16,False
2021-09-11 18:40:00,1.136616711932299e-16,False
2021-09-11 18:50:00,1.4968313732931464e-16,False
2021-09-11 19:00:00,1.448628578511942e-16,False
2021-09-11 19:10:00,1.1094602964078172e-16,False
2021-09-11 19:20:00,1.0278252309184941e-16,False
2021-09-11 19:30:00,1.320772125933186e-16,False
2021-09-11 19:40:00,1.238240449015871e-16,False
2021-09-11 19:50:00,1.0337788045946176e-16,False
2021-09-11 20:00:00,1.1834520861547354e-16,False
2021-09-11 20:10:00,1.2640810679677957e-16,False
2021-09-11 20:20:00,1.3976044108452133e-16,False
2021-09-11 20:30:00,1.2972985975591215e-16,False
2021-09-11 20:40:00,1.2923122356305903e-16,False
2021-09-11 20:50:00,1.1461356894747082e-16,False
2021-09-11 21:00:00,1.290290544620168e-16,False
2021-09-11 21:10:00,1.3191693746585284e-16,False
2021-09-11 21:20:00,1.1082021071117316e-16,False
2021-09-11 21:30:00,1.3353650458861252e-16,False
2021-09-11 21:40:00,1.202009253418106e-16,False
2021-09-11 21:50:00,1.1654013639497342e-16,False
2021-09-11 22:00:00,1.1680204217154026e-16,False
2021-09-11 22:10:00,1.2192613766733973e-16,False
2021-09-11 22:20:00,1.204170959393248e-16,False
2021-09-11 22:30:00,1.0101016317771485e-16,False
2021-09-11 22:40:00,1.4193867305631098e-16,False
2021-09-11 22:50:00,1.2575477934131842e-16,False
2021-09-11 23:00:00,1.233972021401051e-16,False
2021-09-11 23:10:00,1.1612371873841917e-16,False
2021-09-11 23:20:00,1.2963150090399713e-16,False
2021-09-11 23:30:00,1.2781544564199717e-16,False
2021-09-11 23:40:00,1.0948060918469197e-16,False
2021-09-11 23:50:00,1.4512023776205936e-16,False
2021-09-12 00:00:00,1.2680774477657208e-16,False
2021-09-12 00:10:00,1.435200722199643e-16,False
2021-09-12 00:20:00,1.1169067296864094e-16,False
2021-09-12 00:30:00,1.1085083900688648e-16,False
2021-09-12 00:40:00,1.2422480400643859e-16,False
2021-09-12 00:50:00,1.557774974162524e-16,False
2021-09-12 01:00:00,1.2661264503766721e-16,False
2021-09-12 01:10:00,9.613230225290938e-17,False
2021-09-12 01:20:00,1.257024286489412e-16,False
2021-09-12 01:30:00,1.1571324409051003e-16,False
2021-09-12 01:40:00,1.2031308899151503e-16,False
2021-09-12 01:50:00,1.252844450377258e-16,False
2021-09-12 02:00:00,1.0353368501129495e-16,False
2021-09-12 02:10:00,1.2482340024536308e-16,False
2021-09-12 02:20:00,1.462695085249047e-16,False
2021-09-12 02:30:00,1.2499278088658357e-16,False
2021-09-12 02:40:00,1.4541274256080762e-16,False
2021-09-12 02:50:00,1.1229199667183448e-16,False
2021-09-12 03:00:00,1.2302680057267935e-16,False
2021-09-12 03:10:00,1.2173352953276374e-16,False
2021-09-12 03:20:00,1.18534561592206e-16,False
2021-09-12 03:30:00,1.1089612454082638e-16,False
2021-09-12 03:40:00,1.3026743437438285e-16,False
2021-09-12 03:50:00,1.1234023168339434e-16,False
2021-09-12 04:00:00,1.2623523466393744e-16,False
2021-09-12 04:10:00,1.29780550091063e-16,False
2021-09-12 04:20:00,1.117631243038596e-16,False
2021-09-12 04:30:00,1.412594998173218e-16,False
2021-09-12 04:40:00,1.3585626619500161e-16,False
2021-09-12 04:50:00,1.079742084618866e-16,False
2021-09-12 05:00:00,1.1837674750504122e-16,False
2021-09-12 05:10:00,1.3520082447923047e-16,False
2021-09-12 05:20:00,1.388674449950345e-16,False
2021-09-12 05:30:00,1.2775188974491008e-16,False
2021-09-12 05:40:00,1.3030135798485627e-16,False
2021-09-12 05:50:00,1.3660924982258287e-16,False
2021-09-12 06:00:00,1.2447841877210974e-16,False
2021-09-12 06:10:00,1.126531024431996e-16,False
2021-09-12 06:20:00,1.341497587440954e-16,False
2021-09-12 06:30:00,1.0533813516183961e-16,False
2021-09-12 06:40:00,1.0947777081908852e-16,False
2021-09-12 06:50:00,1.2170315373426103e-16,False
2021-09-12 07:00:00,1.2211393496764848e-16,False
2021-09-12 07:10:00,1.1801611496592533e-16,False
2021-09-12 07:20:00,1.1199440923130967e-16,False
2021-09-12 07:30:00,1.1847367162864385e-16,False
2021-09-12 07:40:00,1.2262947717477176e-16,False
2021-09-12 07:50:00,1.3801954625501255e-16,False
2021-09-12 08:00:00,1.0866810740885895e-16,False
2021-09-12 08:10:00,1.1023973240003633e-16,False
2021-09-12 08:20:00,1.2436804635363706e-16,False
2021-09-12 08:30:00,1.2225769115599806e-16,False
2021-09-12 08:40:00,1.344431372064363e-16,False
2021-09-12 08:50:00,1.2986291700741555e-16,False
2021-09-12 09:00:00,9.650596100725413e-17,False
2021-09-12 09:10:00,1.0318512015145704e-16,False
2021-09-12 09:20:00,1.268788380764414e-16,False
2021-09-12 09:30:00,1.0569743665168494e-16,False
2021-09-12 09:40:00,8.699609423463577e-17,False
2021-09-12 09:50:00,1.2008872538056726e-16,False
2021-09-12 10:00:00,1.0638800815572954e-16,False
2021-09-12 10:10:00,,False
2021-09-12 10:20:00,1.1309951788397205e-16,False
2021-09-12 10:30:00,1.1024646337689937e-16,False
2021-09-12 10:40:00,1.1821447356165486e-16,False
2021-09-12 10:50:00,1.1789187302155074e-16,False
2021-09-12 11:00:00,9.857819250775588e-17,False
2021-09-12 11:10:00,1.430901932523813e-16,False
2021-09-12 11:20:00,1.1200060063087966e-16,False
2021-09-12 11:30:00,1.1368119546310682e-16,False
2021-09-12 11:40:00,1.1032019212943069e-16,False
2021-09-12 11:50:00,1.1110214429116174e-16,False
2021-09-12 12:00:00,1.303508833916219e-16,False
2021-09-12 12:10:00,1.2041442774863686e-16,False
2021-09-12 12:20:00,1.3361123667994738e-16,False
2021-09-12 12:30:00,1.1488973439734636e-16,False
2021-09-12 12:40:00,1.196128312308686e-16,False
2021-09-12 12:50:00,1.1809399788777087e-16,False
2021-09-12 13:00:00,1.118676319203422e-16,False
2021-09-12 13:10:00,1.1564472879685353e-16,False
2021-09-12 13:20:00,,False
2021-09-12 13:30:00,1.3626545890807705e-16,False
2021-09-12 13:40:00,1.2092491730367954e-16,False
2021-09-12 13:50:00,1.3567869261664004e-16,False
2021-09-12 14:00:00,1.1914311336871067e-16,False
2021-09-12 14:10:00,1.2771376495951462e-16,False
2021-09-12 14:20:00,1.0901461048814167e-16,False
2021-09-12 14:30:00,,False
2021-09-12 14:40:00,1.2323747529173528e-16,False
2021-09-12 14:50:00,1.0101676275727321e-16,False
2021-09-12 15:00:00,1.3230619105486642e-16,False
2021-09-12 15:10:00,1.4840570132158197e-16,False
2021-09-12 15:20:00,1.0572221562280103e-16,False
2021-09-12 15:30:00,1.125030714829942e-16,False
2021-09-12 15:40:00,1.310745752536977e-16,False
2021-09-12 15:50:00,1.329071730456861e-16,False
2021-09-12 16:00:00,1.2461326089116364e-16,False
2021-09-12 16:10:00,1.2766699314681958e-16,False
2021-09-12 16:20:00,1.2574026652158393e-16,False
2021-09-12 16:30:00,1.217317777115723e-16,False
2021-09-12 16:40:00,1.187896703153022e-16,False
2021-09-12 16:50:00,1.271992304661596e-16,False
2021-09-12 17:00:00,1.2522508699230343e-16,False
2021-09-12 17:10:00,1.3483726689264508e-16,False
2021-09-12 17:20:00,1.1733852384947947e-16,False
2021-09-12 17:30:00,,False
2021-09-12 17:40:00,1.381703778671192e-16,False
2021-09-12 17:50:00,1.261159195793976e-16,False
2021-09-12 18:00:00,1.19102956714878e-16,False
2021-09-12 18:10:00,1.3007154934934933e-16,False
2021-09-12 18:20:00,1.3542577823243678e-16,False
2021-09-12 18:30:00,1.2732459773546537e-16,False
2021-09-12 18:40:00,1.0786279167423706e-16,False
2021-09-12 18:50:00,1.2306620670454753e-16,False
2021-09-12 19:00:00,1.0399864340866144e-16,False
2021-09-12 19:10:00,8.498240061134376e-17,False
2021-09-12 19:20:00,1.2117803137817196e-16,False
2021-09-12 19:30:00,1.1971073416235238e-16,False
2021-09-12 19:40:00,1.1817348172369978e-16,False
2021-09-12 19:50:00,1.174900004729324e-16,False
2021-09-12 20:00:00,1.3937441345314243e-16,False
2021-09-12 20:10:00,1.0175152903370633e-16,False
2021-09-12 20:20:00,1.257364641047849e-16,False
2021-09-12 20:30:00,1.3684936624150869e-16,False
2021-09-12 20:40:00,1.1264385429593162e-16,False
2021-09-12 20:50:00,1.0381740887956143e-16,False
2021-09-12 21:00:00,1.3508018234112946e-16,False
2021-09-12 21:10:00,1.0446174103090275e-16,False
2021-09-12 21:20:00,,False
2021-09-12 21:30:00,1.2555620136296144e-16,False
2021-09-12 21:40:00,1.063272353059869e-16,False
2021-09-12 21:50:00,1.4140667410416233e-16,False
2021-09-12 22:00:00,1.220751631544758e-16,False
2021-09-12 22:10:00,1.1380394910797896e-16,False
2021-09-12 22:20:00,1.3414913306621495e-16,False
2021-09-12 22:30:00,1.2650771191533098e-16,False
2021-09-12 22:40:00,1.244313050417247e-16,False
2021-09-12 22:50:00,1.331306230956457e-16,False
2021-09-12 23:00:00,1.1989607414137362e-16,False
2021-09-12 23:10:00,1.337788046023762e-16,False
2021-09-12 23:20:00,1.127147992539684e-16,False
2021-09-12 23:30:00,1.2467346437236733e-16,False
2021-09-12 23:40:00,1.090783865149662e-16,False
2021-09-12 23:50:00,1.168237820510892e-16,False
2021-09-13 00:00:00,1.2998725249371726e-16,False
2021-09-13 00:10:00,1.1036442959585677e-16,False
2021-09-13 00:20:00,1.2351463380928032e-16,False
2021-09-13 00:30:00,1.232529758744326e-16,False
2021-09-13 00:40:00,1.217938547250851e-16,False
2021-09-13 00:50:00,1.1069840154772112e-16,False
2021-09-13 01:00:00,1.195476162804744e-16,False
2021-09-13 01:10:00,1.3803134886387592e-16,False
2021-09-13 01:20:00,,False
2021-09-13 01:30:00,1.2121514522940503e-16,False
2021-09-13 01:40:00,1.292406501487351e-16,False
2021-09-13 01:50:00,1.2860057469125925e-16,False
2021-09-13 02:00:00,1.2401124773401614e-16,False
2021-09-13 02:10:00,1.1026785812563494e-16,False
2021-09-13 02:20:00,1.1709825525949425e-16,False
2021-09-13 02:30:00,1.3192710792619575e-16,False
2021-09-13 02:40:00,1.3186585084007971e-16,False
2021-09-13 02:50:00,1.2101433353547098e-16,False
2021-09-13 03:00:00,1.2598636213508124e-16,False
2021-09-13 03:10:00,,False
2021-09-13 03:20:00,1.1562806981968052e-16,False
2021-09-13 03:30:00,1.2685518120862845e-16,False
2021-09-13 03:40:00,1.0109179974471253e-16,False
2021-09-13 03:50:00,9.062243981197776e-17,False
2021-09-13 04:00:00,1.29249377889467e-16,False
2021-09-13 04:10:00,1.2122346965998346e-16,False
2021-09-13 04:20:00,1.2908105398851353e-16,False
2021-09-13 04:30:00,1.3082586434535264e-16,False
2021-09-13 04:40:00,1.3512061693331504e-16,False
2021-09-13 04:50:00,1.1924227050021002e-16,False
2021-09-13 05:00:00,1.2008362255993273e-16,False
2021-09-13 05:10:00,,False
2021-09-13 05:20:00,,False
2021-09-13 05:30:00,1.2278911216813769e-16,False
2021-09-13 05:40:00,1.308091037618044e-16,False
2021-09-13 05:50:00,,False
2021-09-13 06:00:00,1.2706146883094102e-16,False
2021-09-13 06:10:00,1.1962149576300092e-16,False
2021-09-13 06:20:00,1.0972407330688951e-16,False
2021-09-13 06:30:00,1.3022587184772947e-16,False
2021-09-13 06:40:00,9.999110298663976e-17,False
2021-09-13 06:50:00,1.0932016649964698e-16,False
2021-09-13 07:00:00,1.3885358160994074e-16,False
2021-09-13 07:10:00,1.3650420236657801e-16,False
2021-09-13 07:20:00,1.281699657095552e-16,False
2021-09-13 07:30:00,1.2070303986765442e-16,False
2021-09-13 07:40:00,1.1075987815865039e-16,False
2021-09-13 07:50:00,1.2817418331910224e-16,False
2021-09-13 08:00:00,1.2049768611937238e-16,False
2021-09-13 08:10:00,1.232344354581605e-16,False
2021-09-13 08:20:00,,False
2021-09-13 08:30:00,1.3384029116773928e-16,False
2021-09-13 08:40:00,1.1414723917594911e-16,False
2021-09-13 08:50:00,1.1735427335672115e-16,False
2021-09-13 09:00:00,1.1068753685927928e-16,False
2021-09-13 09:10:00,1.1809508556249424e-16,False
2021-09-13 09:20:00,1.0752159439698742e-16,False
2021-09-13 09:30:00,1.365804216956066e-16,False
2021-09-13 09:40:00,1.3243577049241875e-16,False
2021-09-13 09:50:00,1.1694097493508126e-16,False
2021-09-13 10:00:00,1.1112496777925894e-16,False
2021-09-13 10:10:00,1.4069062617400887e-16,False
2021-09-13 10:20:00,1.0487674494031142e-16,False
2021-09-13 10:30:00,1.2504088768462764e-16,False
2021-09-13 10:40:00,,False
2021-09-13 10:50:00,1.229787578353226e-16,False
2021-09-13 11:00:00,1.4156897599224126e-16,False
2021-09-13 11:10:00,1.2060406481966946e-16,False
2021-09-13 11:20:00,1.2567995591443443e-16,False
2021-09-13 11:30:00,9.957802394939297e-17,False
2021-09-13 11:40:00,1.263231763447249e-16,False
2021-09-13 11:50:00,1.1701911310810833e-16,False
2021-09-13 12:00:00,1.3676183806922447e-16,False
2021-09-13 12:10:00,1.1093916065877959e-16,False
2021-09-13 12:20:00,1.1332913642550086e-16,False
2021-09-13 12:30:00,1.11500836166406e-16,False
2021-09-13 12:40:00,1.127176664494169e-16,False
2021-09-13 12:50:00,1.267893602804718e-16,False
2021-09-13 13:00:00,1.1791166644005269e-16,False
2021-09-13 13:10:00,1.158964138191537e-16,False
2021-09-13 13:20:00,1.323623439137858e-16,False
2021-09-13 13:30:00,1.2429877242473724e-16,False
2021-09-13 13:40:00,1.0572807016334181e-16,False
2021-09-13 13:50:00,1.311620082038167e-16,False
2021-09-13 14:00:00,1.1677736011434948e-16,False
2021-09-13 14:10:00,1.3628709042061642e-16,False
2021-09-13 14:20:00,1.2251252788789465e-16,False
2021-09-13 14:30:00,1.1539814290926954e-16,False
2021-09-13 14:40:00,1.4742319535326836e-16,False
2021-09-13 14:50:00,1.3881317396853257e-16,False
2021-09-13 15:00:00,1.2906763973857862e-16,False
2021-09-13 15:10:00,1.2758043226764404e-16,False
2021-09-13 15:20:00,1.2330449347109693e-16,False
2021-09-13 15:30:00,1.3121050640130692e-16,False
2021-09-13 15:40:00,1.0038409977602768e-16,False
2021-09-13 15:50:00,1.3001272259949712e-16,False
2021-09-13 16:00:00,1.264167346373011e-16,False
2021-09-13 16:10:00,1.368322247482903e-16,False
2021-09-13 16:20:00,1.0032996233486474e-16,False
2021-09-13 16:30:00,9.565272346991075e-17,False
2021-09-13 16:40:00,1.131494634117746e-16,False
2021-09-13 16:50:00,1.0157711353406855e-16,False
2021-09-13 17:00:00,1.410175771028604e-16,False
2021-09-13 17:10:00,1.2776429920354068e-16,False
2021-09-13 17:20:00,1.242580052779345e-16,False
2021-09-13 17:30:00,9.904813108367715e-17,False
2021-09-13 17:40:00,1.227301645820705e-16,False
2021-09-13 17:50:00,1.146638976405583e-16,False
2021-09-13 18:00:00,,False
2021-09-13 18:10:00,1.0644377926234536e-16,False
2021-09-13 18:20:00,1.2104720467862901e-16,False
2021-09-13 18:30:00,1.352028104368022e-16,False
2021-09-13 18:40:00,,False
2021-09-13 18:50:00,9.369393110286687e-17,False
2021-09-13 19:00:00,1.2363575208583412e-16,False
2021-09-13 19:10:00,1.0439023254752515e-16,False
2021-09-13 19:20:00,,False
2021-09-13 19:30:00,1.5071060778372157e-16,False
2021-09-13 19:40:00,1.2938021284021136e-16,False
2021-09-13 19:50:00,1.3990652809536723e-16,False
2021-09-13 20:00:00,1.352640285763127e-16,False
2021-09-13 20:10:00,1.2784174316321743e-16,False
2021-09-13 20:20:00,1.3562284603245457e-16,False
2021-09-13 20:30:00,1.4731969779522405e-16,False
2021-09-13 20:40:00,1.2164425719700672e-16,False
2021-09-13 20:50:00,1.2237834848974621e-16,False
2021-09-13 21:00:00,1.3135494366276924e-16,False
2021-09-13 21:10:00,1.4911531742255102e-16,False
2021-09-13 21:20:00,1.2726743376877678e-16,False
2021-09-13 21:30:00,1.2992268098252144e-16,False
2021-09-13 21:40:00,1.4236175001195197e-16,False
2021-09-13 21:50:00,1.2838590318476812e-16,False
2021-09-13 22:00:00,1.2407787699508674e-16,False
2021-09-13 22:10:00,1.533481437040109e-16,False
2021-09-13 22:20:00,1.256047061384259e-16,False
2021-09-13 22:30:00,1.1702907807225673e-16,False
2021-09-13 22:40:00,1.2338431928461533e-16,False
2021-09-13 22:50:00,1.1231404478837024e-16,False
2021-09-13 23:00:00,1.370504422889727e-16,False
2021-09-13 23:10:00,1.4061087592783364e-16,False
2021-09-13 23:20:00,1.073928774373391e-16,False
2021-09-13 23:30:00,1.2211007512316422e-16,False
2021-09-13 23:40:00,1.2004551399708225e-16,False
2021-09-13 23:50:00,1.3568323651353067e-16,False
2021-09-14 00:00:00,1.0891982342451765e-16,False
2021-09-14 00:10:00,1.3299684757530335e-16,False
2021-09-14 00:20:00,1.2547270476125465e-16,False
2021-09-14 00:30:00,1.2155824060378282e-16,False
2021-09-14 00:40:00,1.2368081195955213e-16,False
2021-09-14 00:50:00,1.4500089618652783e-16,False
2021-09-14 01:00:00,,False
2021-09-14 01:10:00,1.1680096699070217e-16,False
2021-09-14 01:20:00,1.1057125909284647e-16,False
2021-09-14 01:30:00,1.1239455715033576e-16,False
2021-09-14 01:40:00,1.3881301295564074e-16,False
2021-09-14 01:50:00,1.2778608802705172e-16,False
2021-09-14 02:00:00,1.0324151174849263e-16,False
2021-09-14 02:10:00,1.2017187497077127e-16,False
2021-09-14 02:20:00,1.0701092140009513e-16,False
2021-09-14 02:30:00,1.3261783322566427e-16,False
2021-09-14 02:40:00,1.426206295103366e-16,False
2021-09-14 02:50:00,1.3263870599114627e-16,False
2021-09-14 03:00:00,1.279362650083333e-16,False
2021-09-14 03:10:00,1.3795503842833934e-16,False
2021-09-14 03:20:00,1.2291524552834645e-16,False
2021-09-14 03:30:00,1.4288910886490302e-16,False
2021-09-14 03:40:00,1.2439611352728795e-16,False
2021-09-14 03:50:00,1.3251821968411387e-16,False
2021-09-14 04:00:00,1.0996910943807107e-16,False
2021-09-14 04:10:00,9.330539068135977e-17,False
2021-09-14 04:20:00,1.1079001611582237e-16,False
2021-09-14 04:30:00,1.2053628596759473e-16,False
2021-09-14 04:40:00,1.3727767494925375e-16,False
2021-09-14 04:50:00,1.2632948097692137e-16,False
2021-09-14 05:00:00,1.1892012447210096e-16,False
2021-09-14 05:10:00,1.401206030830294e-16,False
2021-09-14 05:20:00,9.691810868235809e-17,False
2021-09-14 05:30:00,1.0745584646462443e-16,False
2021-09-14 05:40:00,1.2400698599323708e-16,False
2021-09-14 05:50:00,,False
2021-09-14 06:00:00,1.2683728602152574e-16,False
2021-09-14 06:10:00,1.1733874201896073e-16,False
2021-09-14 06:20:00,1.1114297938280728e-16,False
2021-09-14 06:30:00,1.3158842346271976e-16,False
2021-09-14 06:40:00,1.1722279744821283e-16,False
2021-09-14 06:50:00,1.1446654811821648e-16,False
2021-09-14 07:00:00,1.2084986486729511e-16,False
2021-09-14 07:10:00,1.2661384630916018e-16,False
2021-09-14 07:20:00,1.389736548787345e-16,False
2021-09-14 07:30:00,1.1370303547013608e-16,False
2021-09-14 07:40:00,1.0701945745701767e-16,False
2021-09-14 07:50:00,1.3234517381315239e-16,False
2021-09-14 08:00:00,9.601974729591377e-17,False
2021-09-14 08:10:00,1.1585906962069807e-16,False
2021-09-14 08:20:00,1.11893340752417e-16,False
2021-09-14 08:30:00,1.2624063921468238e-16,False
2021-09-14 08:40:00,1.354545196754103e-16,False
2021-09-14 08:50:00,1.2925664335671519e-16,False
2021-09-14 09:00:00,1.4814926077455258e-16,False
2021-09-14 09:10:00,1.2412451978066362e-16,False
2021-09-14 09:20:00,1.1703060865136134e-16,False
2021-09-14 09:30:00,1.3701166120141514e-16,False
2021-09-14 09:40:00,1.290420616043315e-16,False
2021-09-14 09:50:00,1.3064152533258591e-16,False
2021-09-14 10:00:00,1.3580397634028622e-16,False
2021-09-14 10:10:00,1.1537303061768468e-16,False
2021-09-14 10:20:00,1.414946923840261e-16,False
2021-09-14 10:30:00,1.3976007570088648e-16,False
2021-09-14 10:40:00,1.3272787206032818e-16,False
2021-09-14 10:50:00,1.1995046425995385e-16,False
2021-09-14 11:00:00,1.3766379445799266e-16,False
2021-09-14 11:10:00,1.0362851016689369e-16,False
2021-09-14 11:20:00,9.945301078631611e-17,False
2021-09-14 11:30:00,1.2839709973373712e-16,False
2021-09-14 11:40:00,1.0721927143305044e-16,False
2021-09-14 11:50:00,1.190725291215411e-16,False
2021-09-14 12:00:00,1.336825031179986e-16,False
2021-09-14 12:10:00,1.1001161406106677e-16,False
2021-09-14 12:20:00,1.2241701578341998e-16,False
2021-09-14 12:30:00,1.2271663374955322e-16,False
2021-09-14 12:40:00,1.319960097413004e-16,False
2021-09-14 12:50:00,1.3751348825985368e-16,False
2021-09-14 13:00:00,1.3177833614751945e-16,False
2021-09-14 13:10:00,1.430579692291688e-16,False
2021-09-14 13:20:00,1.1313529673172546e-16,False
2021-09-14 13:30:00,1.1505809980064954e-16,False
2021-09-14 13:40:00,1.1267211269763412e-16,False
2021-09-14 13:50:00,1.1751246897940266e-16,False
2021-09-14 14:00:00,1.1744424201989636e-16,False
2021-09-14 14:10:00,1.2812374064116116e-16,False
2021-09-14 14:20:00,1.2144475397100423e-16,False
2021-09-14 14:30:00,1.35234615734504e-16,False
2021-09-14 14:40:00,1.0105383238786521e-16,False
2021-09-14 14:50:00,1.1888910383439062e-16,False
2021-09-14 15:00:00,1.3026213621475266e-16,False
2021-09-14 15:10:00,1.3542985683927307e-16,False
2021-09-14 15:20:00,1.330319431244495e-16,False
2021-09-14 15:30:00,9.88429341179005e-17,False
2021-09-14 15:40:00,1.304267677447223e-16,False
2021-09-14 15:50:00,1.0326085370645784e-16,False
2021-09-14 16:00:00,,False
2021-09-14 16:10:00,1.305402040769494e-16,False
2021-09-14 16:20:00,1.1934469803394058e-16,False
2021-09-14 16:30:00,1.1580804595622426e-16,False
2021-09-14 16:40:00,1.280313493293042e-16,False
2021-09-14 16:50:00,1.1717183880839233e-16,False
2021-09-14 17:00:00,1.2968062108755868e-16,False
2021-09-14 17:10:00,1.3652901332523543e-16,False
2021-09-14 17:20:00,1.138431360468212e-16,False
2021-09-14 17:30:00,1.2411652529214933e-16,False
2021-09-14 17:40:00,,False
2021-09-14 17:50:00,1.1081369510337365e-16,False
2021-09-14 18:00:00,1.2594696486798936e-16,False
2021-09-14 18:10:00,1.195238892378602e-16,False
2021-09-14 18:20:00,1.3047142461869064e-16,False
2021-09-14 18:30:00,1.0547190515023522e-16,False
2021-09-14 18:40:00,1.4262386118227827e-16,False
2021-09-14 18:50:00,1.235652876809212e-16,False
2021-09-14 19:00:00,1.1188004093221327e-16,False
2021-09-14 19:10:00,1.1442041143542126e-16,False
2021-09-14 19:20:00,1.356139868471364e-16,False
2021-09-14 19:30:00,1.355179804514096e-16,False
2021-09-14 19:40:00,,False
2021-09-14 19:50:00,9.979879916245214e-17,False
2021-09-14 20:00:00,1.275764325076745e-16,False
2021-09-14 20:10:00,1.298988723043014e-16,False
2021-09-14 20:20:00,1.1619248114399304e-16,False
2021-09-14 20:30:00,1.5518801703964272e-16,False
2021-09-14 20:40:00,1.2356375369446732e-16,False
2021-09-14 20:50:00,1.3532813443034018e-16,False
2021-09-14 21:00:00,1.2304718672306612e-16,False
2021-09-14 21:10:00,1.1760422650620946e-16,False
2021-09-14 21:20:00,1.2939046511765982e-16,False
2021-09-14 21:30:00,1.0517553135951702e-16,False
2021-09-14 21:40:00,1.0216002354347486e-16,False
2021-09-14 21:50:00,1.081298597865376e-16,False
2021-09-14 22:00:00,1.46294469660567e-16,False
2021-09-14 22:10:00,1.163487430932606e-16,False
2021-09-14 22:20:00,1.2226350652503887e-16,False
2021-09-14 22:30:00,1.2393539677319488e-16,False
2021-09-14 22:40:00,1.3499171723426088e-16,False
2021-09-14 22:50:00,1.251124990209971e-16,False
2021-09-14 23:00:00,1.4160157724713856e-16,False
2021-09-14 23:10:00,1.240225667358267e-16,False
2021-09-14 23:20:00,1.3764791905193543e-16,False
2021-09-14 23:30:00,1.2495061497214224e-16,False
2021-09-14 23:40:00,1.3836861923387192e-16,False
2021-09-14 23:50:00,1.177720332110537e-16,False
2021-09-15 00:00:00,1.2351352172998867e-16,False
2021-09-15 00:10:00,,False
2021-09-15 00:20:00,1.1565961798910265e-16,False
2021-09-15 00:30:00,,False
2021-09-15 00:40:00,1.1722662428679657e-16,False
2021-09-15 00:50:00,1.173483910054444e-16,False
2021-09-15 01:00:00,,False
2021-09-15 01:10:00,1.2479284159331888e-16,False
2021-09-15 01:20:00,8.994842039902756e-17,False
2021-09-15 01:30:00,1.1964789628568692e-16,False
2021-09-15 01:40:00,9.959031208522068e-17,False
2021-09-15 01:50:00,1.253510205074841e-16,False
2021-09-15 02:00:00,1.4303826453867604e-16,False
2021-09-15 02:10:00,1.2980883929190264e-16,False
2021-09-15 02:20:00,1.0877140091678569e-16,False
2021-09-15 02:30:00,1.0474434627358074e-16,False
2021-09-15 02:40:00,1.0460019046702851e-16,False
2021-09-15 02:50:00,1.1376145219268739e-16,False
2021-09-15 03:00:00,1.0693051572795628e-16,False
2021-09-15 03:10:00,,False
2021-09-15 03:20:00,1.2728442190334272e-16,False
2021-09-15 03:30:00,1.245043590166619e-16,False
2021-09-15 03:40:00,1.3993413441175558e-16,False
2021-09-15 03:50:00,1.3863276661431331e-16,False
2021-09-15 04:00:00,1.140396585309827e-16,False
2021-09-15 04:10:00,1.241872420392581e-16,False
2021-09-15 04:20:00,1.3472839496869819e-16,False
2021-09-15 04:30:00,1.0922236782600928e-16,False
2021-09-15 04:40:00,1.136782907401461e-16,False
2021-09-15 04:50:00,1.138369920126392e-16,False
2021-09-15 05:00:00,1.2595871432702697e-16,False
2021-09-15 05:10:00,1.2095272487683414e-16,False
2021-09-15 05:20:00,1.0725534250278862e-16,False
2021-09-15 05:30:00,1.509432621361567e-16,False
2021-09-15 05:40:00,1.1301056020390946e-16,False
2021-09-15 05:50:00,9.232542685525811e-17,False
2021-09-15 06:00:00,1.4505593980434115e-16,False
2021-09-15 06:10:00,1.6645389937278918e-16,False
2021-09-15 06:20:00,1.4333572589181774e-16,False
2021-09-15 06:30:00,1.1804714754095858e-16,False
2021-09-15 06:40:00,1.4841077757523649e-16,False
2021-09-15 06:50:00,1.2910240266016068e-16,False
2021-09-15 07:00:00,1.059838371091574e-16,False
2021-09-15 07:10:00,1.0693062189544319e-16,False
2021-09-15 07:20:00,1.2346909183197896e-16,False
2021-09-15 07:30:00,1.464835436659974e-16,False
2021-09-15 07:40:00,1.279310493500481e-16,False
2021-09-15 07:50:00,1.265345229897924e-16,False
2021-09-15 08:00:00,1.1292942897542874e-16,False
2021-09-15 08:10:00,1.1001390234244861e-16,False
2021-09-15 08:20:00,1.3918213229488742e-16,False
2021-09-15 08:30:00,1.3068083253522267e-16,False
2021-09-15 08:40:00,,False
2021-09-15 08:50:00,1.232972648196582e-16,False
2021-09-15 09:00:00,1.252061323245462e-16,False
2021-09-15 09:10:00,1.1646717970837998e-16,False
2021-09-15 09:20:00,1.3867904467910422e-16,False
2021-09-15 09:30:00,1.0568174607421165e-16,False
2021-09-15 09:40:00,1.1199057677611825e-16,False
2021-09-15 09:50:00,9.70285416358003e-17,False
2021-09-15 10:00:00,1.057102688535301e-16,False
2021-09-15 10:10:00,1.1890554504045772e-16,False
2021-09-15 10:20:00,1.2805975317549548e-16,False
2021-09-15 10:30:00,1.0653854530352835e-16,False
2021-09-15 10:40:00,1.320518726785086e-16,False
2021-09-15 10:50:00,1.2798192660680453e-16,False
2021-09-15 11:00:00,1.516965961350867e-16,False
2021-09-15 11:10:00,,False
2021-09-15 11:20:00,,False
2021-09-15 11:30:00,1.3025469166274025e-16,False
2021-09-15 11:40:00,1.269096648194393e-16,False
2021-09-15 11:50:00,1.2183509805938982e-16,False
2021-09-15 12:00:00,1.1564416091345163e-16,False
2021-09-15 12:10:00,1.1951785067252294e-16,False
2021-09-15 12:20:00,1.3084463962786078e-16,False
2021-09-15 12:30:00,1.4198879195978935e-16,False
2021-09-15 12:40:00,1.2514572679961722e-16,False
2021-09-15 12:50:00,1.1726820000645876e-16,False
2021-09-15 13:00:00,1.077129661561265e-16,False
2021-09-15 13:10:00,1.1686055551097051e-16,False
2021-09-15 13:20:00,1.2487349995498235e-16,False
2021-09-15 13:30:00,1.0824185736288078e-16,False
2021-09-15 13:40:00,1.1691299288616848e-16,False
2021-09-15 13:50:00,1.0007868773958485e-16,False
2021-09-15 14:00:00,1.3651938297779733e-16,False
2021-09-15 14:10:00,,False
2021-09-15 14:20:00,9.828607429714631e-17,False
2021-09-15 14:30:00,1.2903309243237271e-16,False
2021-09-15 14:40:00,1.012837205719446e-16,False
2021-09-15 14:50:00,1.3086856726490997e-16,False
2021-09-15 15:00:00,1.0809443139679825e-16,False
2021-09-15 15:10:00,1.245484792742771e-16,False
2021-09-15 15:20:00,1.134861104713486e-16,False
2021-09-15 15:30:00,1.3130042144970668e-16,False
2021-09-15 15:40:00,1.4369231952794228e-16,False
2021-09-15 15:50:00,1.2548017941837388e-16,False
2021-09-15 16:00:00,1.2957181495856707e-16,False
2021-09-15 16:10:00,1.260758659760306e-16,False
2021-09-15 16:20:00,1.2352588593414713e-16,False
2021-09-15 16:30:00,1.3460400815843451e-16,False
2021-09-15 16:40:00,,False
2021-09-15 16:50:00,1.277607293434548e-16,False
2021-09-15 17:00:00,1.2196191665264177e-16,False
2021-09-15 17:10:00,1.2851917564591782e-16,False
2021-09-15 17:20:00,1.2668731120390112e-16,False
2021-09-15 17:30:00,1.0197354660730431e-16,False
2021-09-15 17:40:00,1.2381765094631511e-16,False
2021-09-15 17:50:00,1.1189509825177973e-16,False
2021-09-15 18:00:00,1.4969181948015318e-16,False
2021-09-15 18:10:00,1.5463386202790307e-16,False
2021-09-15 18:20:00,1.3919725947412175e-16,False
2021-09-15 18:30:00,1.1192784820163305e-16,False
2021-09-15 18:40:00,1.0525386382170835e-16,False
2021-09-15 18:50:00,1.4910385247727518e-16,False
2021-09-15 19:00:00,1.2705688392320467e-16,False
2021-09-15 19:10:00,,False
2021-09-15 19:20:00,1.2491443620352649e-16,False
2021-09-15 19:30:00,1.0846911144217912e-16,False
2021-09-15 19:40:00,1.0576100167006584e-16,False
2021-09-15 19:50:00,1.2651975335066848e-16,False
2021-09-15 20:00:00,1.4492571005841745e-16,False
2021-09-15 20:10:00,,False
2021-09-15 20:20:00,1.3065659534084398e-16,False
2021-09-15 20:30:00,1.2599850609487546e-16,False
2021-09-15 20:40:00,1.5281031571737295e-16,False
2021-09-15 20:50:00,1.4336216851515261e-16,False
2021-09-15 21:00:00,1.0091755917976972e-16,False
2021-09-15 21:10:00,1.45114795548415e-16,False
2021-09-15 21:20:00,1.2254219630251098e-16,False
2021-09-15 21:30:00,1.2677905286736457e-16,False
2021-09-15 21:40:00,1.3294243089731733e-16,False
2021-09-15 21:50:00,1.3914292699071502e-16,False
2021-09-15 22:00:00,1.3353814887424844e-16,False
2021-09-15 22:10:00,1.015091705462482e-16,False
2021-09-15 22:20:00,1.0991296245476729e-16,False
2021-09-15 22:30:00,1.2416754301045166e-16,False
2021-09-15 22:40:00,1.2795109153601127e-16,False
2021-09-15 22:50:00,1.0680682542183677e-16,False
2021-09-15 23:00:00,1.410247607473435e-16,False
2021-09-15 23:10:00,1.1457199721173286e-16,False
2021-09-15 23:20:00,1.3421311037260348e-16,False
2021-09-15 23:30:00,,False
2021-09-15 23:40:00,1.2263798881992322e-16,False
2021-09-15 23:50:00,1.2093678152610996e-16,False
2021-09-16 00:00:00,1.223801007234216e-16,False
2021-09-16 00:10:00,1.3148842545154125e-16,False
2021-09-16 00:20:00,1.4517514559786618e-16,False
2021-09-16 00:30:00,1.0577131874940504e-16,False
2021-09-16 00:40:00,1.2021598801063345e-16,False
2021-09-16 00:50:00,1.377241550893562e-16,False
2021-09-16 01:00:00,1.1251253129734656e-16,False
2021-09-16 01:10:00,1.3360626799153452e-16,False
2021-09-16 01:20:00,1.3777919303882024e-16,False
2021-09-16 01:30:00,1.364100520562438e-16,False
2021-09-16 01:40:00,1.0455946145426746e-16,False
2021-09-16 01:50:00,1.3070249286820475e-16,False
2021-09-16 02:00:00,1.0465475201990901e-16,False
2021-09-16 02:10:00,1.239642693942901e-16,False
2021-09-16 02:20:00,1.419061018806119e-16,False
2021-09-16 02:30:00,1.1034646552216134e-16,False
2021-09-16 02:40:00,1.1355181374720685e-16,False
2021-09-16 02:50:00,1.1077516251538928e-16,False
2021-09-16 03:00:00,1.201134264441456e-16,False
2021-09-16 03:10:00,1.0580876578021419e-16,False
2021-09-16 03:20:00,9.11777296614997e-17,False
2021-09-16 03:30:00,1.355584092349001e-16,False
2021-09-16 03:40:00,1.1965269056403793e-16,False
2021-09-16 03:50:00,1.3018408586682352e-16,False
2021-09-16 04:00:00,1.208039068054633e-16,False
2021-09-16 04:10:00,9.569127393162414e-17,False
2021-09-16 04:20:00,1.1788768351245362e-16,False
2021-09-16 04:30:00,1.129712933664171e-16,False
2021-09-16 04:40:00,1.0752313856481177e-16,False
2021-09-16 04:50:00,1.1448270214303035e-16,False
2021-09-16 05:00:00,1.496611819778025e-16,False
2021-09-16 05:10:00,1.2657862201515912e-16,False
2021-09-16 05:20:00,1.1959573676593492e-16,False
2021-09-16 05:30:00,1.0394655365993895e-16,False
2021-09-16 05:40:00,1.4446661563573881e-16,False
2021-09-16 05:50:00,1.2163902260853564e-16,False
2021-09-16 06:00:00,1.1665871179747493e-16,False
2021-09-16 06:10:00,1.1602787617227149e-16,False
2021-09-16 06:20:00,1.4191579095272372e-16,False
2021-09-16 06:30:00,1.334614892358224e-16,False
2021-09-16 06:40:00,1.0637788014435902e-16,False
2021-09-16 06:50:00,9.959492824489804e-17,False
2021-09-16 07:00:00,,False
2021-09-16 07:10:00,1.2538824110575713e-16,False
2021-09-16 07:20:00,1.109510764833628e-16,False
2021-09-16 07:30:00,1.1815869795111688e-16,False
2021-09-16 07:40:00,,False
2021-09-16 07:50:00,1.2432969812779747e-16,False
2021-09-16 08:00:00,1.1085214130104384e-16,False
2021-09-16 08:10:00,,False
2021-09-16 08:20:00,1.1837864568790915e-16,False
2021-09-16 08:30:00,1.0348465548285827e-16,False
2021-09-16 08:40:00,1.0775733304919172e-16,False
2021-09-16 08:50:00,1.202394756185446e-16,False
2021-09-16 09:00:00,1.0719838719718268e-16,False
2021-09-16 09:10:00,1.2328308400364754e-16,False
2021-09-16 09:20:00,1.3361022567379514e-16,False
2021-09-16 09:30:00,1.120138017879912e-16,False
2021-09-16 09:40:00,,False
2021-09-16 09:50:00,1.3016597833082519e-16,False
2021-09-16 10:00:00,1.1329280499735552e-16,False
2021-09-16 10:10:00,1.125403655232377e-16,False
2021-09-16 10:20:00,1.1083032688912156e-16,False
2021-09-16 10:30:00,1.1642909852244098e-16,False
2021-09-16 10:40:00,1.2608765904003223e-16,False
2021-09-16 10:50:00,1.0505877816525288e-16,False
2021-09-16 11:00:00,1.192354259547971e-16,False
2021-09-16 11:10:00,,False
2021-09-16 11:20:00,1.3038918545446891e-16,False
2021-09-16 11:30:00,1.214265264683152e-16,False
2021-09-16 11:40:00,1.252116492380456e-16,False
2021-09-16 11:50:00,1.0631733259725413e-16,False
2021-09-16 12:00:00,1.1433523673679068e-16,False
2021-09-16 12:10:00,1.2473190737823075e-16,False
2021-09-16 12:20:00,1.3332000845782018e-16,False
2021-09-16 12:30:00,1.275927460600288e-16,False
2021-09-16 12:40:00,1.3049375568428846e-16,False
2021-09-16 12:50:00,1.0782669723379119e-16,False
2021-09-16 13:00:00,1.1941304140323672e-16,False
2021-09-16 13:10:00,1.3583622544556108e-16,False
2021-09-16 13:20:00,9.892233879480997e-17,False
2021-09-16 13:30:00,1.244247323627977e-16,False
2021-09-16 13:40:00,,False
2021-09-16 13:50:00,1.2417199982409374e-16,False
2021-09-16 14:00:00,1.0219215201196622e-16,False
2021-09-16 14:10:00,1.115135788458244e-16,False
2021-09-16 14:20:00,1.295285915974584e-16,False
2021-09-16 14:30:00,1.2004072384717873e-16,False
2021-09-16 14:40:00,1.2271633617951628e-16,False
2021-09-16 14:50:00,1.3320772547781215e-16,False
2021-09-16 15:00:00,1.356160369564024e-16,False
2021-09-16 15:10:00,1.179388524994632e-16,False
2021-09-16 15:20:00,1.3277234420133467e-16,False
2021-09-16 15:30:00,1.286466413799328e-16,False
2021-09-16 15:40:00,1.37982565540337e-16,False
2021-09-16 15:50:00,1.1737659238039746e-16,False
2021-09-16 16:00:00,1.2817361012326596e-16,False
2021-09-16 16:10:00,1.409770108668107e-16,False
2021-09-16 16:20:00,1.3095973574078384e-16,False
2021-09-16 16:30:00,1.150388370611189e-16,False
2021-09-16 16:40:00,1.3221917680213813e-16,False
2021-09-16 16:50:00,1.3349736387365464e-16,False
2021-09-16 17:00:00,,False
2021-09-16 17:10:00,1.2260521236935163e-16,False
2021-09-16 17:20:00,,False
2021-09-16 17:30:00,1.157297628296501e-16,False
2021-09-16 17:40:00,1.3198982509263972e-16,False
2021-09-16 17:50:00,1.3265788687488552e-16,False
2021-09-16 18:00:00,1.189576075921003e-16,False
2021-09-16 18:10:00,1.046764405125976e-16,False
2021-09-16 18:20:00,1.124531070147171e-16,False
2021-09-16 18:30:00,1.334223110662e-16,False
2021-09-16 18:40:00,1.1299998156499777e-16,False
2021-09-16 18:50:00,1.3204204628104293e-16,False
2021-09-16 19:00:00,1.2591298122555179e-16,False
2021-09-16 19:10:00,,False
2021-09-16 19:20:00,1.2693541921272262e-16,False
2021-09-16 19:30:00,1.2630818503946566e-16,False
2021-09-16 19:40:00,1.2133502231829984e-16,False
2021-09-16 19:50:00,1.2560966744729144e-16,False
2021-09-16 20:00:00,1.3841718277678144e-16,False
2021-09-16 20:10:00,1.3653411262813218e-16,False
2021-09-16 20:20:00,1.3727023915049533e-16,False
2021-09-16 20:30:00,9.649453576957753e-17,False
2021-09-16 20:40:00,1.2109364893470053e-16,False
2021-09-16 20:50:00,1.1003003356825269e-16,False
2021-09-16 21:00:00,1.3850344096760062e-16,False
2021-09-16 21:10:00,1.1573098439555878e-16,False
2021-09-16 21:20:00,1.4941674511447012e-16,False
2021-09-16 21:30:00,1.329873447535631e-16,False
2021-09-16 21:40:00,1.2513086162385035e-16,False
2021-09-16 21:50:00,8.92919083531869e-17,False
2021-09-16 22:00:00,1.2238192990426964e-16,False
2021-09-16 22:10:00,1.1783224548606054e-16,False
2021-09-16 22:20:00,1.2742470766420795e-16,False
2021-09-16 22:30:00,1.3099827576602755e-16,False
2021-09-16 22:40:00,1.1347949807864608e-16,False
2021-09-16 22:50:00,1.209735571633665e-16,False
2021-09-16 23:00:00,1.2525708090655688e-16,False
2021-09-16 23:10:00,1.2872484885752055e-16,False
2021-09-16 23:20:00,1.246411372159713e-16,False
2021-09-16 23:30:00,1.2038151888528486e-16,False
2021-09-16 23:40:00,1.0637543012684124e-16,False
2021-09-16 23:50:00,1.3260522786510657e-16,False
2021-09-17 00:00:00,1.194783610121535e-16,False
2021-09-17 00:10:00,1.2327363605606371e-16,False
2021-09-17 00:20:00,1.2728249687435384e-16,False
2021-09-17 00:30:00,1.1876717181496157e-16,False
2021-09-17 00:40:00,1.2633349449341395e-16,False
2021-09-17 00:50:00,1.0099829112988214e-16,False
2021-09-17 01:00:00,1.0970508576606328e-16,False
2021-09-17 01:10:00,1.4681430907515077e-16,False
2021-09-17 01:20:00,1.137089420367483e-16,False
2021-09-17 01:30:00,1.0378167464420515e-16,False
2021-09-17 01:40:00,1.4637113486655005e-16,False
2021-09-17 01:50:00,1.1585466042771819e-16,False
2021-09-17 02:00:00,1.1804410561728508e-16,False
2021-09-17 02:10:00,1.2566622740656477e-16,False
2021-09-17 02:20:00,1.2050288254044932e-16,False
2021-09-17 02:30:00,1.271616978942552e-16,False
2021-09-17 02:40:00,1.0014441692429071e-16,False
2021-09-17 02:50:00,1.281724554116171e-16,False
2021-09-17 03:00:00,1.1224411139242368e-16,False
2021-09-17 03:10:00,1.0916530175200946e-16,False
2021-09-17 03:20:00,1.1295669664391498e-16,False
2021-09-17 03:30:00,1.29224779640189e-16,False
2021-09-17 03:40:00,1.093920614816307e-16,False
2021-09-17 03:50:00,1.432346898454762e-16,False
2021-09-17 04:00:00,1.418656474652127e-16,False
2021-09-17 04:10:00,1.242589105125498e-16,False
2021-09-17 04:20:00,1.1788958068607677e-16,False
2021-09-17 04:30:00,1.4251286168100259e-16,False
2021-09-17 04:40:00,1.3831231593720188e-16,False
2021-09-17 04:50:00,9.856488369505678e-17,False
2021-09-17 05:00:00,1.3006314735746875e-16,False
2021-09-17 05:10:00,1.2231257435010788e-16,False
2021-09-17 05:20:00,1.1645342954539743e-16,False
2021-09-17 05:30:00,,False
2021-09-17 05:40:00,1.3635019004927733e-16,False
2021-09-17 05:50:00,1.350123245964779e-16,False
2021-09-17 06:00:00,1.3277425417716664e-16,False
2021-09-17 06:10:00,1.1736604537240215e-16,False
2021-09-17 06:20:00,1.3604929559407938e-16,False
2021-09-17 06:30:00,1.1191466381278465e-16,False
2021-09-17 06:40:00,1.2580615077350296e-16,False
2021-09-17 06:50:00,1.294242787138528e-16,False
2021-09-17 07:00:00,1.1423388277343886e-16,False
2021-09-17 07:10:00,1.2865417910331854e-16,False
2021-09-17 07:20:00,1.1727554700498832e-16,False
2021-09-17 07:30:00,1.169375811861129e-16,False
2021-09-17 07:40:00,1.0624296649036442e-16,False
2021-09-17 07:50:00,1.315160905724889e-16,False
2021-09-17 08:00:00,1.1255292277109954e-16,False
2021-09-17 08:10:00,1.1710564724999823e-16,False
2021-09-17 08:20:00,1.1017058150817838e-16,False
2021-09-17 08:30:00,1.2446222074843859e-16,False
2021-09-17 08:40:00,1.2960902121213236e-16,False
2021-09-17 08:50:00,1.287907721603431e-16,False
2021-09-17 09:00:00,1.3322672587595504e-16,False
2021-09-17 09:10:00,1.272136641879755e-16,False
2021-09-17 09:20:00,1.2518949226096419e-16,False
2021-09-17 09:30:00,1.3362355379705022e-16,False
2021-09-17 09:40:00,1.1734004501600549e-16,False
2021-09-17 09:50:00,1.3070800756648413e-16,False
2021-09-17 10:00:00,1.213970537747768e-16,False
2021-09-17 10:10:00,1.1272458227570293e-16,False
2021-09-17 10:20:00,1.1119382610166414e-16,False
2021-09-17 10:30:00,1.1321072816906913e-16,False
2021-09-17 10:40:00,1.2941842081322421e-16,False
2021-09-17 10:50:00,1.1960775468833705e-16,False
2021-09-17 11:00:00,1.2809291170530218e-16,False
2021-09-17 11:10:00,1.2337502310228855e-16,False
2021-09-17 11:20:00,1.2306410732110074e-16,False
2021-09-17 11:30:00,1.1594098977733756e-16,False
2021-09-17 11:40:00,1.3839186857802746e-16,False
2021-09-17 11:50:00,1.277424427010805e-16,False
2021-09-17 12:00:00,1.3072775552437755e-16,False
2021-09-17 12:10:00,1.2074615262383516e-16,False
2021-09-17 12:20:00,1.149926390448709e-16,False
2021-09-17 12:30:00,1.176257307233001e-16,False
2021-09-17 12:40:00,1.30746000679913e-16,False
2021-09-17 12:50:00,1.235897930198081e-16,False
2021-09-17 13:00:00,,False
2021-09-17 13:10:00,1.2975308290402293e-16,False
2021-09-17 13:20:00,1.36520702025028e-16,False
2021-09-17 13:30:00,1.2713996911928444e-16,False
2021-09-17 13:40:00,1.1712669364168912e-16,False
2021-09-17 13:50:00,1.087502016978882e-16,False
2021-09-17 14:00:00,,False
2021-09-17 14:10:00,1.0957455859453794e-16,False
2021-09-17 14:20:00,1.1128078282911323e-16,False
2021-09-17 14:30:00,1.3553619257208064e-16,False
2021-09-17 14:40:00,1.1494047872164697e-16,False
2021-09-17 14:50:00,1.3641324866935432e-16,False
2021-09-17 15:00:00,1.0918847276018432e-16,False
2021-09-17 15:10:00,1.2301691879001158e-16,False
2021-09-17 15:20:00,1.1782375402507166e-16,False
2021-09-17 15:30:00,1.16015319547932e-16,False
2021-09-17 15:40:00,1.1105132683036177e-16,False
2021-09-17 15:50:00,1.3107213719929407e-16,False
2021-09-17 16:00:00,1.4197017275804664e-16,False
2021-09-17 16:10:00,1.2154589740501927e-16,False
2021-09-17 16:20:00,1.0933032031868429e-16,False
2021-09-17 16:30:00,1.2917117757061002e-16,False
2021-09-17 16:40:00,1.3237912031056754e-16,False
2021-09-17 16:50:00,1.3132330407127039e-16,False
2021-09-17 17:00:00,1.238179049357336e-16,False
2021-09-17 17:10:00,9.879412244560263e-17,False
2021-09-17 17:20:00,1.265798177352558e-16,False
2021-09-17 17:30:00,1.4108898952659215e-16,False
2021-09-17 17:40:00,1.4117743403991188e-16,False
2021-09-17 17:50:00,1.2384696691665948e-16,False
2021-09-17 18:00:00,,False
2021-09-17 18:10:00,1.0967173660156703e-16,False
2021-09-17 18:20:00,1.3346732623437593e-16,False
2021-09-17 18:30:00,1.2850203721304316e-16,False
2021-09-17 18:40:00,1.2753021142226901e-16,False
2021-09-17 18:50:00,1.2603524125049966e-16,False
2021-09-17 19:00:00,,False
2021-09-17 19:10:00,1.2059935677137496e-16,False
2021-09-17 19:20:00,1.256832706052462e-16,False
2021-09-17 19:30:00,1.2819438987662538e-16,False
2021-09-17 19:40:00,8.969697976503057e-17,False
2021-09-17 19:50:00,1.2308359382016493e-16,False
2021-09-17 20:00:00,1.2613466675388134e-16,False
2021-09-17 20:10:00,1.19352334492585e-16,False
2021-09-17 20:20:00,1.1542988578499162e-16,False
2021-09-17 20:30:00,1.2300630850714283e-16,False
2021-09-17 20:40:00,1.4691066476601442e-16,False
2021-09-17 20:50:00,1.0783233563903843e-16,False
2021-09-17 21:00:00,1.4318656263201757e-16,False
2021-09-17 21:10:00,1.3765771390239052e-16,False
2021-09-17 21:20:00,1.4271338951619684e-16,False
2021-09-17 21:30:00,1.367527513292457e-16,False
2021-09-17 21:40:00,1.4533151728713615e-16,False
2021-09-17 21:50:00,1.3313005307310214e-16,False
2021-09-17 22:00:00,1.054749845667079e-16,False
2021-09-17 22:10:00,,False
2021-09-17 22:20:00,,False
2021-09-17 22:30:00,1.0045693075707805e-16,False
2021-09-17 22:40:00,1.1347808342479677e-16,False
2021-09-17 22:50:00,1.3294825376970085e-16,False
2021-09-17 23:00:00,1.2482506549167196e-16,False
2021-09-17 23:10:00,1.1715952327901666e-16,False
2021-09-17 23:20:00,1.1584966069854004e-16,False
2021-09-17 23:30:00,1.1017182366187008e-16,False
2021-09-17 23:40:00,1.225554046305841e-16,False
2021-09-17 23:50:00,1.047879101227602e-16,False
2021-09-18 00:00:00,1.0917003056170328e-16,False
2021-09-18 00:10:00,1.151397401169065e-16,False
2021-09-18 00:20:00,1.0453248358062574e-16,False
2021-09-18 00:30:00,1.2548174794100076e-16,False
2021-09-18 00:40:00,1.3479411868807268e-16,False
2021-09-18 00:50:00,1.1902163798170414e-16,False
2021-09-18 01:00:00,1.1944264564978802e-16,False
2021-09-18 01:10:00,1.1015775679969625e-16,False
2021-09-18 01:20:00,1.1532648053415277e-16,False
2021-09-18 01:30:00,1.1152818931659613e-16,False
2021-09-18 01:40:00,1.3355046381631188e-16,False
2021-09-18 01:50:00,1.3459314183424164e-16,False
2021-09-18 02:00:00,1.2338451710771017e-16,False
2021-09-18 02:10:00,1.0635998810372035e-16,False
2021-09-18 02:20:00,1.056202586870168e-16,False
2021-09-18 02:30:00,1.3282115416489007e-16,False
2021-09-18 02:40:00,1.4361025094027175e-16,False
2021-09-18 02:50:00,1.1800210308053106e-16,False
2021-09-18 03:00:00,1.3209960052459013e-16,False
2021-09-18 03:10:00,1.2575745148116818e-16,False
2021-09-18 03:20:00,1.4452156740601762e-16,False
2021-09-18 03:30:00,1.262430318141771e-16,False
2021-09-18 03:40:00,1.271638189844292e-16,False
2021-09-18 03:50:00,1.1308069799483066e-16,False
2021-09-18 04:00:00,1.1808528474269588e-16,False
2021-09-18 04:10:00,1.2279513382261184e-16,False
2021-09-18 04:20:00,1.1230446291335134e-16,False
2021-09-18 04:30:00,1.0596888046377466e-16,False
2021-09-18 04:40:00,1.1555294834865736e-16,False
2021-09-18 04:50:00,1.1902162036938677e-16,False
2021-09-18 05:00:00,1.218017904914034e-16,False
2021-09-18 05:10:00,1.052246709122978e-16,False
2021-09-18 05:20:00,1.194423452959933e-16,False
2021-09-18 05:30:00,1.1790154028186429e-16,False
2021-09-18 05:40:00,1.2823991121606698e-16,False
2021-09-18 05:50:00,1.2317907442870965e-16,False
2021-09-18 06:00:00,,False
2021-09-18 06:10:00,1.299719682933697e-16,False
2021-09-18 06:20:00,1.2153965952056346e-16,False
2021-09-18 06:30:00,1.3011222254053293e-16,False
2021-09-18 06:40:00,,False
2021-09-18 06:50:00,1.2747332493601435e-16,False
2021-09-18 07:00:00,,False
2021-09-18 07:10:00,1.2420364847174182e-16,False
2021-09-18 07:20:00,1.2308922220380808e-16,False
2021-09-18 07:30:00,1.3054534915837665e-16,False
2021-09-18 07:40:00,1.3272292018476684e-16,False
2021-09-18 07:50:00,1.283337970754803e-16,False
2021-09-18 08:00:00,1.4641363942144639e-16,False
2021-09-18 08:10:00,1.3605293773333872e-16,False
2021-09-18 08:20:00,1.370705587091403e-16,False
2021-09-18 08:30:00,1.265452698377222e-16,False
2021-09-18 08:40:00,,False
2021-09-18 08:50:00,1.1283857691172402e-16,False
2021-09-18 09:00:00,1.1425759222327104e-16,False
2021-09-18 09:10:00,1.433338569699063e-16,False
2021-09-18 09:20:00,1.327743053166858e-16,False
2021-09-18 09:30:00,1.2247583423376595e-16,False
2021-09-18 09:40:00,1.1433387144661039e-16,False
2021-09-18 09:50:00,1.3473101553875582e-16,False
2021-09-18 10:00:00,1.3494997213803187e-16,False
2021-09-18 10:10:00,1.2825390884695796e-16,False
2021-09-18 10:20:00,1.2793146857657583e-16,False
2021-09-18 10:30:00,1.1089148688994851e-16,False
2021-09-18 10:40:00,1.0407611712297531e-16,False
2021-09-18 10:50:00,1.4353434791191158e-16,False
2021-09-18 11:00:00,1.124357578970698e-16,False
2021-09-18 11:10:00,1.165862130101978e-16,False
2021-09-18 11:20:00,1.4450264263103174e-16,False
2021-09-18 11:30:00,1.3680801974437802e-16,False
2021-09-18 11:40:00,1.3433060178669745e-16,False
2021-09-18 11:50:00,1.0255823926222459e-16,False
2021-09-18 12:00:00,1.1153625483824744e-16,False
2021-09-18 12:10:00,1.1554362140248148e-16,False
2021-09-18 12:20:00,1.2376435747047244e-16,False
2021-09-18 12:30:00,1.3312543803603198e-16,False
2021-09-18 12:40:00,1.0794133864386194e-16,False
2021-09-18 12:50:00,1.2209039057844006e-16,False
2021-09-18 13:00:00,1.3294007780743439e-16,False
2021-09-18 13:10:00,1.0752422246057685e-16,False
2021-09-18 13:20:00,1.0682851579036107e-16,False
2021-09-18 13:30:00,1.266761848322369e-16,False
2021-09-18 13:40:00,1.2197309671159897e-16,False
2021-09-18 13:50:00,1.3248293390922356e-16,False
2021-09-18 14:00:00,1.2194592965561496e-16,False
2021-09-18 14:10:00,1.38331772240232e-16,False
2021-09-18 14:20:00,1.2455036562808753e-16,False
2021-09-18 14:30:00,1.1440442637463809e-16,False
2021-09-18 14:40:00,1.1331789697956052e-16,False
2021-09-18 14:50:00,1.4387402931411515e-16,False
2021-09-18 15:00:00,1.1525604687581864e-16,False
2021-09-18 15:10:00,1.2504020313091754e-16,False
2021-09-18 15:20:00,1.243579163233241e-16,False
2021-09-18 15:30:00,1.1021921384247127e-16,False
2021-09-18 15:40:00,1.268805631675818e-16,False
2021-09-18 15:50:00,1.3846563064862366e-16,False
2021-09-18 16:00:00,,False
2021-09-18 16:10:00,1.0826598553829967e-16,False
2021-09-18 16:20:00,1.197838615242307e-16,False
2021-09-18 16:30:00,1.285593626260869e-16,False
2021-09-18 16:40:00,1.0036136863740329e-16,False
2021-09-18 16:50:00,1.2993790498334483e-16,False
2021-09-18 17:00:00,1.3877509555720313e-16,False
2021-09-18 17:10:00,1.4522079179000675e-16,False
2021-09-18 17:20:00,1.2122811925138334e-16,False
2021-09-18 17:30:00,1.497658663662672e-16,False
2021-09-18 17:40:00,1.0966298274339954e-16,False
2021-09-18 17:50:00,1.1951771946182672e-16,False
2021-09-18 18:00:00,9.849806876052571e-17,False
2021-09-18 18:10:00,1.0162340661079388e-16,False
2021-09-18 18:20:00,1.1531220575169877e-16,False
2021-09-18 18:30:00,1.1187729942909298e-16,False
2021-09-18 18:40:00,1.136838313296862e-16,False
2021-09-18 18:50:00,1.2303412708417283e-16,False
2021-09-18 19:00:00,1.129061582495169e-16,False
2021-09-18 19:10:00,,False
2021-09-18 19:20:00,1.1432761864560785e-16,False
2021-09-18 19:30:00,1.119602598186289e-16,False
2021-09-18 19:40:00,1.2034917169776963e-16,False
2021-09-18 19:50:00,1.4056290776128757e-16,False
2021-09-18 20:00:00,1.391858763850059e-16,False
2021-09-18 20:10:00,1.1449924439196482e-16,False
2021-09-18 20:20:00,1.060810622388141e-16,False
2021-09-18 20:30:00,1.366193650836147e-16,False
2021-09-18 20:40:00,1.216815865942678e-16,False
2021-09-18 20:50:00,1.1929085696830253e-16,False
2021-09-18 21:00:00,1.1165354908843915e-16,False
2021-09-18 21:10:00,1.302480340741858e-16,False
2021-09-18 21:20:00,1.257495615267347e-16,False
2021-09-18 21:30:00,1.2949008142912198e-16,False
2021-09-18 21:40:00,1.371960940726296e-16,False
2021-09-18 21:50:00,1.032315129592709e-16,False
2021-09-18 22:00:00,1.1591329403767042e-16,False
2021-09-18 22:10:00,1.2105896410381398e-16,False
2021-09-18 22:20:00,1.291516173554799e-16,False
2021-09-18 22:30:00,1.319348860162679e-16,False
2021-09-18 22:40:00,1.2896760886879522e-16,False
2021-09-18 22:50:00,1.3414267175607405e-16,False
2021-09-18 23:00:00,1.2667496957923124e-16,False
2021-09-18 23:10:00,1.2286898580987877e-16,False
2021-09-18 23:20:00,1.3595516203703543e-16,False
2021-09-18 23:30:00,1.2963599956788036e-16,False
2021-09-18 23:40:00,1.3598672737717915e-16,False
2021-09-18 23:50:00,1.1870588180828407e-16,False
2021-09-19 00:00:00,1.1365361841595473e-16,False
2021-09-19 00:10:00,1.3055030028844698e-16,False
2021-09-19 00:20:00,1.1967430123040888e-16,False
2021-09-19 00:30:00,1.320510924516726e-16,False
2021-09-19 00:40:00,1.0733125128957003e-16,False
2021-09-19 00:50:00,1.260788590525052e-16,False
2021-09-19 01:00:00,1.3844236633506653e-16,False
2021-09-19 01:10:00,1.3275256425917882e-16,False
2021-09-19 01:20:00,1.120143610616271e-16,False
2021-09-19 01:30:00,1.3635779441514929e-16,False
2021-09-19 01:40:00,1.1568746294943755e-16,False
2021-09-19 01:50:00,1.33861684946924e-16,False
2021-09-19 02:00:00,1.193127181846097e-16,False
2021-09-19 02:10:00,,False
2021-09-19 02:20:00,1.2104034983746946e-16,False
2021-09-19 02:30:00,1.3259543170626237e-16,False
2021-09-19 02:40:00,1.2453145903474056e-16,False
2021-09-19 02:50:00,1.1456584121809274e-16,False
2021-09-19 03:00:00,1.4476716285053922e-16,False
2021-09-19 03:10:00,1.1262920343654589e-16,False
2021-09-19 03:20:00,1.2596735784627896e-16,False
2021-09-19 03:30:00,1.1114364411445219e-16,False
2021-09-19 03:40:00,1.2803500940854746e-16,False
2021-09-19 03:50:00,1.306737271564919e-16,False
2021-09-19 04:00:00,1.2442591367632483e-16,False
2021-09-19 04:10:00,1.2942373643555397e-16,False
2021-09-19 04:20:00,1.0738490346341821e-16,False
2021-09-19 04:30:00,1.2744009214110868e-16,False
2021-09-19 04:40:00,1.3731148839652906e-16,False
2021-09-19 04:50:00,1.263224764913288e-16,False
2021-09-19 05:00:00,1.4000519270584934e-16,False
2021-09-19 05:10:00,1.1700326787240162e-16,False
2021-09-19 05:20:00,1.2215827856967634e-16,False
2021-09-19 05:30:00,1.147929527804651e-16,False
2021-09-19 05:40:00,1.1948682592202736e-16,False
2021-09-19 05:50:00,1.0793222261965605e-16,False
2021-09-19 06:00:00,1.1911259763396747e-16,False
2021-09-19 06:10:00,1.4839294570150947e-16,False
2021-09-19 06:20:00,1.0755766082379642e-16,False
2021-09-19 06:30:00,1.070434800015236e-16,False
2021-09-19 06:40:00,,False
2021-09-19 06:50:00,1.242387653850182e-16,False
2021-09-19 07:00:00,1.3582451647218497e-16,False
2021-09-19 07:10:00,1.0119054727844668e-16,False
2021-09-19 07:20:00,1.1845764863825816e-16,False
2021-09-19 07:30:00,1.067532526054873e-16,False
2021-09-19 07:40:00,1.2930082436648967e-16,False
2021-09-19 07:50:00,1.2440895083789472e-16,False
2021-09-19 08:00:00,1.4462115099981117e-16,False
2021-09-19 08:10:00,1.1395533929997394e-16,False
2021-09-19 08:20:00,1.31647785014242e-16,False
2021-09-19 08:30:00,1.3871950340067632e-16,False
2021-09-19 08:40:00,1.1204112740923727e-16,False
2021-09-19 08:50:00,1.0778909092756463e-16,False
2021-09-19 09:00:00,1.276504779887728e-16,False
2021-09-19 09:10:00,9.757461723510681e-17,False
2021-09-19 09:20:00,1.127715511977968e-16,False
2021-09-19 09:30:00,1.1609043471404546e-16,False
2021-09-19 09:40:00,1.2508054962665844e-16,False
2021-09-19 09:50:00,9.950720919234175e-17,False
2021-09-19 10:00:00,1.169908981060018e-16,False
2021-09-19 10:10:00,1.3219375852365194e-16,False
2021-09-19 10:20:00,1.194101761376109e-16,False
2021-09-19 10:30:00,1.478520909949856e-16,False
2021-09-19 10:40:00,1.2267427254637045e-16,False
2021-09-19 10:50:00,1.1405142489211195e-16,False
2021-09-19 11:00:00,1.2942679418659034e-16,False
2021-09-19 11:10:00,1.264316118087755e-16,False
2021-09-19 11:20:00,1.2040093168813522e-16,False
2021-09-19 11:30:00,1.176033406269577e-16,False
2021-09-19 11:40:00,1.1420275513764739e-16,False
2021-09-19 11:50:00,1.094436563349638e-16,False
2021-09-19 12:00:00,1.1251665049581655e-16,False
2021-09-19 12:10:00,1.280213734785738e-16,False
2021-09-19 12:20:00,1.2340444014825325e-16,False
2021-09-19 12:30:00,1.064018199691619e-16,False
2021-09-19 12:40:00,1.260010140479522e-16,False
2021-09-19 12:50:00,1.2555395283523888e-16,False
2021-09-19 13:00:00,1.3094473394176242e-16,False
2021-09-19 13:10:00,1.3294158884981068e-16,False
2021-09-19 13:20:00,1.0873846685234719e-16,False
2021-09-19 13:30:00,1.1263173660800638e-16,False
2021-09-19 13:40:00,1.1842440002611012e-16,False
2021-09-19 13:50:00,1.2921536020144057e-16,False
2021-09-19 14:00:00,1.3050117523870996e-16,False
2021-09-19 14:10:00,1.15585256938989e-16,False
2021-09-19 14:20:00,1.1830448913813172e-16,False
2021-09-19 14:30:00,1.2571597947871998e-16,False
2021-09-19 14:40:00,1.0579269952985661e-16,False
2021-09-19 14:50:00,1.4111873239720294e-16,False
2021-09-19 15:00:00,1.1809241174894283e-16,False
2021-09-19 15:10:00,1.231393506990551e-16,False
2021-09-19 15:20:00,,False
2021-09-19 15:30:00,1.409455494205078e-16,False
2021-09-19 15:40:00,1.1304490422396712e-16,False
2021-09-19 15:50:00,1.2098431664735213e-16,False
2021-09-19 16:00:00,1.2591570704106002e-16,False
2021-09-19 16:10:00,1.1541346668346842e-16,False
2021-09-19 16:20:00,1.1878190076469993e-16,False
2021-09-19 16:30:00,1.4130720561115382e-16,False
2021-09-19 16:40:00,1.2477397129717275e-16,False
2021-09-19 16:50:00,9.757219337139857e-17,False
2021-09-19 17:00:00,1.4595597719402136e-16,False
2021-09-19 17:10:00,1.215751556204475e-16,False
2021-09-19 17:20:00,1.1217971097151643e-16,False
2021-09-19 17:30:00,1.1043499414061438e-16,False
2021-09-19 17:40:00,1.2283585588552876e-16,False
2021-09-19 17:50:00,,False
2021-09-19 18:00:00,1.0696205003569373e-16,False
2021-09-19 18:10:00,1.256925467907414e-16,False
2021-09-19 18:20:00,1.4429011643865902e-16,False
2021-09-19 18:30:00,1.5072435616618253e-16,False
2021-09-19 18:40:00,1.1519936819297863e-16,False
2021-09-19 18:50:00,1.243880153205251e-16,False
2021-09-19 19:00:00,9.049219530233907e-17,False
2021-09-19 19:10:00,1.1147013792135091e-16,False
2021-09-19 19:20:00,1.4665347923243185e-16,False
2021-09-19 19:30:00,1.1028001513497249e-16,False
2021-09-19 19:40:00,1.1453003773196795e-16,False
2021-09-19 19:50:00,1.2408222737181676e-16,False
2021-09-19 20:00:00,1.0294000344215667e-16,False
2021-09-19 20:10:00,1.2750838946935385e-16,False
2021-09-19 20:20:00,1.127855699594838e-16,False
2021-09-19 20:30:00,1.149236906758953e-16,False
2021-09-19 20:40:00,1.3790944238127745e-16,False
2021-09-19 20:50:00,1.3598062822057501e-16,False
2021-09-19 21:00:00,1.4071836195937187e-16,False
2021-09-19 21:10:00,1.331008403954172e-16,False
2021-09-19 21:20:00,1.3123384630114497e-16,False
2021-09-19 21:30:00,1.2296605186388115e-16,False
2021-09-19 21:40:00,1.2143894253717455e-16,False
2021-09-19 21:50:00,1.2193075126245826e-16,False
2021-09-19 22:00:00,1.2102760813546927e-16,False
2021-09-19 22:10:00,1.0839654258295866e-16,False
2021-09-19 22:20:00,1.0974096754237323e-16,False
2021-09-19 22:30:00,1.143028347751463e-16,False
2021-09-19 22:40:00,1.4341533255996127e-16,False
2021-09-19 22:50:00,1.37748359324396e-16,False
2021-09-19 23:00:00,1.3878276875605942e-16,False
2021-09-19 23:10:00,1.0626938440291837e-16,False
2021-09-19 23:20:00,1.217262550943822e-16,False
2021-09-19 23:30:00,1.193532940637e-16,False
2021-09-19 23:40:00,1.3879507793624418e-16,False
2021-09-19 23:50:00,1.4475993819516792e-16,False
2021-09-20 00:00:00,1.246641956931681e-16,False
2021-09-20 00:10:00,9.833963807334259e-17,False
2021-09-20 00:20:00,1.384758488437132e-16,False
2021-09-20 00:30:00,1.1694554852973455e-16,False
2021-09-20 00:40:00,1.2570271642559778e-16,False
2021-09-20 00:50:00,1.1176245608566885e-16,False
2021-09-20 01:00:00,,False
2021-09-20 01:10:00,1.0400344432974115e-16,False
2021-09-20 01:20:00,1.331319616688794e-16,False
2021-09-20 01:30:00,1.1912133314292312e-16,False
2021-09-20 01:40:00,,False
2021-09-20 01:50:00,1.162541409874678e-16,False
2021-09-20 02:00:00,1.5028929247811138e-16,False
2021-09-20 02:10:00,1.2034412898360964e-16,False
2021-09-20 02:20:00,1.1563288920573588e-16,False
2021-09-20 02:30:00,,False
2021-09-20 02:40:00,1.2175943556121378e-16,False
2021-09-20 02:50:00,1.3709667193821764e-16,False
2021-09-20 03:00:00,1.1771530995395712e-16,False
2021-09-20 03:10:00,1.3724800764187543e-16,False
2021-09-20 03:20:00,1.307997078477421e-16,False
2021-09-20 03:30:00,1.2789920414800147e-16,False
2021-09-20 03:40:00,9.947185550740816e-17,False
2021-09-20 03:50:00,1.1785400402964444e-16,False
2021-09-20 04:00:00,1.0783087902909505e-16,False
2021-09-20 04:10:00,1.4086676098436342e-16,False
2021-09-20 04:20:00,1.1830629613819496e-16,False
2021-09-20 04:30:00,1.2224347653304098e-16,False
2021-09-20 04:40:00,1.364745509339406e-16,False
2021-09-20 04:50:00,1.1213177367372027e-16,False
2021-09-20 05:00:00,,False
2021-09-20 05:10:00,1.2062659498156042e-16,False
2021-09-20 05:20:00,9.06801497978362e-17,False
2021-09-20 05:30:00,1.2375757384089295e-16,False
2021-09-20 05:40:00,1.376593126024295e-16,False
2021-09-20 05:50:00,1.1621931795074535e-16,False
2021-09-20 06:00:00,1.3062932921360883e-16,False
2021-09-20 06:10:00,1.3733929466917746e-16,False
2021-09-20 06:20:00,1.1324396908315045e-16,False
2021-09-20 06:30:00,1.1904648351604656e-16,False
2021-09-20 06:40:00,1.2718973901795754e-16,False
2021-09-20 06:50:00,1.1818243092737629e-16,False
2021-09-20 07:00:00,1.3453693106305702e-16,False
2021-09-20 07:10:00,1.1120050168333076e-16,False
2021-09-20 07:20:00,1.361533181743343e-16,False
2021-09-20 07:30:00,1.2624255120924665e-16,False
2021-09-20 07:40:00,1.1500075177847822e-16,False
2021-09-20 07:50:00,1.1630209724973028e-16,False
2021-09-20 08:00:00,1.3405041248078064e-16,False
2021-09-20 08:10:00,1.4482397298067009e-16,False
2021-09-20 08:20:00,1.2911755894790162e-16,False
2021-09-20 08:30:00,1.1145498154754e-16,False
2021-09-20 08:40:00,1.3277659033891134e-16,False
2021-09-20 08:50:00,1.1688875384323556e-16,False
2021-09-20 09:00:00,1.0304538507770253e-16,False
2021-09-20 09:10:00,1.1060263356224243e-16,False
2021-09-20 09:20:00,1.0963803806327152e-16,False
2021-09-20 09:30:00,1.1033352085542144e-16,False
2021-09-20 09:40:00,1.1957415741343379e-16,False
2021-09-20 09:50:00,1.1355446488205674e-16,False
2021-09-20 10:00:00,1.2890706863966636e-16,False
2021-09-20 10:10:00,1.1682196756059392e-16,False
2021-09-20 10:20:00,1.1299863984694219e-16,False
2021-09-20 10:30:00,1.4339391171378958e-16,False
2021-09-20 10:40:00,1.070945373836419e-16,False
2021-09-20 10:50:00,1.206426127053524e-16,False
2021-09-20 11:00:00,1.2133228485961912e-16,False
2021-09-20 11:10:00,1.197074928751784e-16,False
2021-09-20 11:20:00,1.208205023240921e-16,False
2021-09-20 11:30:00,1.3498713802316454e-16,False
2021-09-20 11:40:00,1.4686112820419902e-16,False
2021-09-20 11:50:00,1.2061286558070056e-16,False
2021-09-20 12:00:00,1.3790857524363352e-16,False
2021-09-20 12:10:00,9.997989410773966e-17,False
2021-09-20 12:20:00,1.2257851797867484e-16,False
2021-09-20 12:30:00,1.2461809238571468e-16,False
2021-09-20 12:40:00,1.1453345641864722e-16,False
2021-09-20 12:50:00,1.2358562869353671e-16,False
2021-09-20 13:00:00,1.0941076248244967e-16,False
2021-09-20 13:10:00,1.1041603022439013e-16,False
2021-09-20 13:20:00,1.1656641326024334e-16,False
2021-09-20 13:30:00,9.832073552987374e-17,False
2021-09-20 13:40:00,1.1100086985270916e-16,False
2021-09-20 13:50:00,1.3294009791225775e-16,False
2021-09-20 14:00:00,1.0311733193052835e-16,False
2021-09-20 14:10:00,1.2589142265158258e-16,False
2021-09-20 14:20:00,1.1037544828252774e-16,False
2021-09-20 14:30:00,1.2451316930163406e-16,False
2021-09-20 14:40:00,1.1383605416726353e-16,False
2021-09-20 14:50:00,1.4193885148551714e-16,False
2021-09-20 15:00:00,1.1964941637490655e-16,False
2021-09-20 15:10:00,1.3046062068051125e-16,False
2021-09-20 15:20:00,1.23491416046627e-16,False
2021-09-20 15:30:00,1.2454171119888678e-16,False
2021-09-20 15:40:00,1.3903595172284767e-16,False
2021-09-20 15:50:00,1.1233968416147335e-16,False
2021-09-20 16:00:00,1.42076440803673e-16,False
2021-09-20 16:10:00,1.3567746055411454e-16,False
2021-09-20 16:20:00,8.838693524869713e-17,False
2021-09-20 16:30:00,1.2446790732880154e-16,False
2021-09-20 16:40:00,1.0680537723691437e-16,False
2021-09-20 16:50:00,1.1289982412459913e-16,False
2021-09-20 17:00:00,1.2156311839046747e-16,False
2021-09-20 17:10:00,1.60964549782691e-16,False
2021-09-20 17:20:00,,False
2021-09-20 17:30:00,1.090499292971236e-16,False
2021-09-20 17:40:00,9.499929774530063e-17,False
2021-09-20 17:50:00,1.1661810002353244e-16,False
2021-09-20 18:00:00,9.943536623969093e-17,False
2021-09-20 18:10:00,1.0778560591898942e-16,False
2021-09-20 18:20:00,1.1502687923091255e-16,False
2021-09-20 18:30:00,1.3817196648292188e-16,False
2021-09-20 18:40:00,1.185787308113177e-16,False
2021-09-20 18:50:00,1.2183496012618047e-16,False
2021-09-20 19:00:00,1.1480310354754853e-16,False
2021-09-20 19:10:00,1.2673622774713962e-16,False
2021-09-20 19:20:00,1.114079968228436e-16,False
2021-09-20 19:30:00,1.0355179446422274e-16,False
2021-09-20 19:40:00,1.1749753623800403e-16,False
2021-09-20 19:50:00,1.3459253671231336e-16,False
2021-09-20 20:00:00,1.4118918645570722e-16,False
2021-09-20 20:10:00,1.1991187904673591e-16,False
2021-09-20 20:20:00,9.951732454694788e-17,False
2021-09-20 20:30:00,1.187014589192955e-16,False
2021-09-20 20:40:00,1.4064133914450232e-16,False
2021-09-20 20:50:00,1.3026496332395917e-16,False
2021-09-20 21:00:00,1.2286327269247547e-16,False
2021-09-20 21:10:00,1.2484788588362187e-16,False
2021-09-20 21:20:00,1.1957040665923043e-16,False
2021-09-20 21:30:00,1.2154507509316252e-16,False
2021-09-20 21:40:00,1.280275821919267e-16,False
2021-09-20 21:50:00,1.2133824486826805e-16,False
2021-09-20 22:00:00,1.401279668462943e-16,False
2021-09-20 22:10:00,1.3705572941320126e-16,False
2021-09-20 22:20:00,1.3301906266877093e-16,False
2021-09-20 22:30:00,1.3939646726358884e-16,False
2021-09-20 22:40:00,1.2493875549266241e-16,False
2021-09-20 22:50:00,1.2448559163643309e-16,False
2021-09-20 23:00:00,1.2948193889488735e-16,False
2021-09-20 23:10:00,1.0873129275806062e-16,False
2021-09-20 23:20:00,1.4246912075199905e-16,False
2021-09-20 23:30:00,1.4189244380285248e-16,False
2021-09-20 23:40:00,1.1789375654151513e-16,False
2021-09-20 23:50:00,1.2962460961567718e-16,False
2021-09-21 00:00:00,1.1479826842191275e-16,False
2021-09-21 00:10:00,1.3650627682283354e-16,False
2021-09-21 00:20:00,1.4349816642909904e-16,False
2021-09-21 00:30:00,1.4268160003582411e-16,False
2021-09-21 00:40:00,9.326040808749458e-17,False
2021-09-21 00:50:00,,False
2021-09-21 01:00:00,1.261462132163844e-16,False
2021-09-21 01:10:00,1.0353639314463372e-16,False
2021-09-21 01:20:00,1.2654954038134635e-16,False
2021-09-21 01:30:00,1.4399879029324873e-16,False
2021-09-21 01:40:00,1.144888256370483e-16,False
2021-09-21 01:50:00,1.371792451139406e-16,False
2021-09-21 02:00:00,1.1487157550920616e-16,False
2021-09-21 02:10:00,1.3794728231601473e-16,False
2021-09-21 02:20:00,1.2786395061875116e-16,False
2021-09-21 02:30:00,1.3579649667777062e-16,False
2021-09-21 02:40:00,1.2554663635289138e-16,False
2021-09-21 02:50:00,1.2045227425349878e-16,False
2021-09-21 03:00:00,1.3799724222889905e-16,False
2021-09-21 03:10:00,1.1435414346247772e-16,False
2021-09-21 03:20:00,1.201136120873565e-16,False
2021-09-21 03:30:00,1.1313338120867213e-16,False
2021-09-21 03:40:00,1.3369867096386435e-16,False
2021-09-21 03:50:00,1.366471297567418e-16,False
2021-09-21 04:00:00,1.2686287213731507e-16,False
2021-09-21 04:10:00,1.367103246058968e-16,False
2021-09-21 04:20:00,1.3075539261798714e-16,False
2021-09-21 04:30:00,1.3076426030408872e-16,False
2021-09-21 04:40:00,1.305186932572049e-16,False
2021-09-21 04:50:00,1.3557913745504872e-16,False
2021-09-21 05:00:00,1.0804804001178732e-16,False
2021-09-21 05:10:00,1.4835825045419076e-16,False
2021-09-21 05:20:00,1.2598224260680052e-16,False
2021-09-21 05:30:00,1.4176780872831987e-16,False
2021-09-21 05:40:00,1.2960144942117088e-16,False
2021-09-21 05:50:00,1.3007278542745333e-16,False
2021-09-21 06:00:00,1.0184501277258553e-16,False
2021-09-21 06:10:00,1.3719158565131823e-16,False
2021-09-21 06:20:00,1.276201874633644e-16,False
2021-09-21 06:30:00,1.3499633727785136e-16,False
2021-09-21 06:40:00,1.419943025379901e-16,False
2021-09-21 06:50:00,1.2633099281950702e-16,False
2021-09-21 07:00:00,1.274439357494175e-16,False
2021-09-21 07:10:00,1.2451382379469422e-16,False
2021-09-21 07:20:00,1.0359691638533964e-16,False
2021-09-21 07:30:00,1.349662867244206e-16,False
2021-09-21 07:40:00,1.4447194460155851e-16,False
2021-09-21 07:50:00,1.1990025364637276e-16,False
2021-09-21 08:00:00,1.2618061809875437e-16,False
2021-09-21 08:10:00,1.2658146322937558e-16,False
2021-09-21 08:20:00,1.441760738250417e-16,False
2021-09-21 08:30:00,1.2075509278783793e-16,False
2021-09-21 08:40:00,1.5192616812846693e-16,False
2021-09-21 08:50:00,1.3704555499127322e-16,False
2021-09-21 09:00:00,1.2085552540741808e-16,False
2021-09-21 09:10:00,1.4292590635101264e-16,False
2021-09-21 09:20:00,1.4069583347768806e-16,False
2021-09-21 09:30:00,1.3293807815801918e-16,False
2021-09-21 09:40:00,1.2664197215141552e-16,False
2021-09-21 09:50:00,1.164720715011815e-16,False
2021-09-21 10:00:00,,False
2021-09-21 10:10:00,1.154403118582436e-16,False
2021-09-21 10:20:00,1.2320725865787848e-16,False
2021-09-21 10:30:00,1.3219057728506874e-16,False
2021-09-21 10:40:00,1.338733869855769e-16,False
2021-09-21 10:50:00,1.3281322277104994e-16,False
2021-09-21 11:00:00,1.2544240254806003e-16,False
2021-09-21 11:10:00,1.1567434204434134e-16,False
2021-09-21 11:20:00,1.2913852717532145e-16,False
2021-09-21 11:30:00,1.4766385424618356e-16,False
2021-09-21 11:40:00,1.2412428683631153e-16,False
2021-09-21 11:50:00,,False
2021-09-21 12:00:00,1.3106622265609547e-16,False
2021-09-21 12:10:00,1.238115405769483e-16,False
2021-09-21 12:20:00,1.188547760730062e-16,False
2021-09-21 12:30:00,1.0789139472510675e-16,False
2021-09-21 12:40:00,1.182835018979342e-16,False
2021-09-21 12:50:00,1.4012416765556696e-16,False
2021-09-21 13:00:00,1.2175303318847932e-16,False
2021-09-21 13:10:00,9.704518872897789e-17,False
2021-09-21 13:20:00,1.4471358359525198e-16,False
2021-09-21 13:30:00,1.402568494221775e-16,False
2021-09-21 13:40:00,1.2275609535657064e-16,False
2021-09-21 13:50:00,1.346252500726292e-16,False
2021-09-21 14:00:00,1.2531972902289426e-16,False
2021-09-21 14:10:00,1.3609770010539034e-16,False
2021-09-21 14:20:00,1.2908084459524283e-16,False
2021-09-21 14:30:00,1.0220659255425846e-16,False
2021-09-21 14:40:00,1.1834206176281615e-16,False
2021-09-21 14:50:00,1.39734634624851e-16,False
2021-09-21 15:00:00,1.2572794760957783e-16,False
2021-09-21 15:10:00,1.432076827031608e-16,False
2021-09-21 15:20:00,1.1180731543557803e-16,False
2021-09-21 15:30:00,1.395479765256842e-16,False
2021-09-21 15:40:00,1.198202508884732e-16,False
2021-09-21 15:50:00,1.3982830519067533e-16,False
2021-09-21 16:00:00,1.0183460834672868e-16,False
2021-09-21 16:10:00,1.39075161265681e-16,False
2021-09-21 16:20:00,1.1567391124121564e-16,False
2021-09-21 16:30:00,1.1942576109861187e-16,False
2021-09-21 16:40:00,1.1096542969518483e-16,False
2021-09-21 16:50:00,1.221258495233957e-16,False
2021-09-21 17:00:00,1.1678192656160523e-16,False
2021-09-21 17:10:00,1.2564773568359407e-16,False
2021-09-21 17:20:00,1.127613340470258e-16,False
2021-09-21 17:30:00,1.0651182037059711e-16,False
2021-09-21 17:40:00,1.4588326216337742e-16,False
2021-09-21 17:50:00,1.0449335765672448e-16,False
2021-09-21 18:00:00,1.2646484686761077e-16,False
2021-09-21 18:10:00,1.508928261423367e-16,False
2021-09-21 18:20:00,1.1118852172113826e-16,False
2021-09-21 18:30:00,1.235980230877963e-16,False
2021-09-21 18:40:00,1.270636597589773e-16,False
2021-09-21 18:50:00,1.467348766019648e-16,False
2021-09-21 19:00:00,1.2984082315853027e-16,False
2021-09-21 19:10:00,1.199337122967405e-16,False
2021-09-21 19:20:00,1.0347869836080911e-16,False
2021-09-21 19:30:00,1.5056144794751733e-16,False
2021-09-21 19:40:00,1.1896498815071142e-16,False
2021-09-21 19:50:00,1.2837850386289884e-16,False
2021-09-21 20:00:00,1.1477873537663633e-16,False
2021-09-21 20:10:00,1.1145263355098098e-16,False
2021-09-21 20:20:00,1.0526506274729867e-16,False
2021-09-21 20:30:00,1.2970658465533295e-16,False
2021-09-21 20:40:00,1.2887163716622877e-16,False
2021-09-21 20:50:00,1.3969306648987088e-16,False
2021-09-21 21:00:00,1.0248517322587556e-16,False
2021-09-21 21:10:00,1.2896657608218545e-16,False
2021-09-21 21:20:00,1.0685205377497539e-16,False
2021-09-21 21:30:00,1.2685935554418953e-16,False
2021-09-21 21:40:00,1.289008098938764e-16,False
2021-09-21 21:50:00,1.36901323974239e-16,False
2021-09-21 22:00:00,1.309576678027052e-16,False
2021-09-21 22:10:00,1.4887913152365915e-16,False
2021-09-21 22:20:00,1.1920620807710935e-16,False
2021-09-21 22:30:00,,False
2021-09-21 22:40:00,1.0668632541745173e-16,False
2021-09-21 22:50:00,1.1807845724929448e-16,False
2021-09-21 23:00:00,1.2693820752827522e-16,False
2021-09-21 23:10:00,1.2028922971131869e-16,False
2021-09-21 23:20:00,1.232988267118294e-16,False
2021-09-21 23:30:00,1.28151763681782e-16,False
2021-09-21 23:40:00,1.0515560031562973e-16,False
2021-09-21 23:50:00,1.1451074793697956e-16,False
2021-09-22 00:00:00,1.1148313829002508e-16,False
2021-09-22 00:10:00,,False
2021-09-22 00:20:00,1.1885777405944549e-16,False
2021-09-22 00:30:00,1.2034347550823684e-16,False
2021-09-22 00:40:00,1.293854397267696e-16,False
2021-09-22 00:50:00,1.1979602768859238e-16,False
2021-09-22 01:00:00,1.3235701217389633e-16,False
2021-09-22 01:10:00,1.0796631195620177e-16,False
2021-09-22 01:20:00,1.2668136797748974e-16,False
2021-09-22 01:30:00,1.1391455091266792e-16,False
2021-09-22 01:40:00,1.2899646208035208e-16,False
2021-09-22 01:50:00,1.2139900370741267e-16,False
2021-09-22 02:00:00,1.1267603792190622e-16,False
2021-09-22 02:10:00,1.3765872980664507e-16,False
2021-09-22 02:20:00,1.2311783394767312e-16,False
2021-09-22 02:30:00,1.227100765393814e-16,False
2021-09-22 02:40:00,1.3335397038030884e-16,False
2021-09-22 02:50:00,1.163432668375726e-16,False
2021-09-22 03:00:00,1.2083941821517404e-16,False
2021-09-22 03:10:00,1.1949501009435655e-16,False
2021-09-22 03:20:00,1.1558881779587928e-16,False
2021-09-22 03:30:00,1.2239153796134198e-16,False
2021-09-22 03:40:00,1.2269635015635755e-16,False
2021-09-22 03:50:00,1.1622304173617334e-16,False
2021-09-22 04:00:00,1.2335390739167755e-16,False
2021-09-22 04:10:00,1.3078150852747301e-16,False
2021-09-22 04:20:00,,False
2021-09-22 04:30:00,,False
2021-09-22 04:40:00,1.2382524628491094e-16,False
2021-09-22 04:50:00,1.1174159575169266e-16,False
2021-09-22 05:00:00,1.2175243635442565e-16,False
2021-09-22 05:10:00,9.247919340595168e-17,False
2021-09-22 05:20:00,1.0679286089018911e-16,False
2021-09-22 05:30:00,1.1340452519399493e-16,False
2021-09-22 05:40:00,1.2893915663638936e-16,False
2021-09-22 05:50:00,1.1436634666105559e-16,False
2021-09-22 06:00:00,1.226736491479495e-16,False
2021-09-22 06:10:00,1.0493001003406853e-16,False
2021-09-22 06:20:00,1.0536768134002074e-16,False
2021-09-22 06:30:00,1.1737193093353395e-16,False
2021-09-22 06:40:00,1.432280742612523e-16,False
2021-09-22 06:50:00,1.307324112932055e-16,False
2021-09-22 07:00:00,1.258369796458255e-16,False
2021-09-22 07:10:00,1.1484162273618975e-16,False
2021-09-22 07:20:00,1.1912600564151629e-16,False
2021-09-22 07:30:00,1.113964529303706e-16,False
2021-09-22 07:40:00,1.196910988081113e-16,False
2021-09-22 07:50:00,1.1637493449147978e-16,False
2021-09-22 08:00:00,1.0809292806981029e-16,False
2021-09-22 08:10:00,1.2784387510019117e-16,False
2021-09-22 08:20:00,1.13995083836388e-16,False
2021-09-22 08:30:00,1.323948528719301e-16,False
2021-09-22 08:40:00,1.1584591155894162e-16,False
2021-09-22 08:50:00,1.1881628351786454e-16,False
2021-09-22 09:00:00,1.0001008287356209e-16,False
2021-09-22 09:10:00,1.168140625756026e-16,False
2021-09-22 09:20:00,1.2526523158760141e-16,False
2021-09-22 09:30:00,1.05615590653864e-16,False
2021-09-22 09:40:00,1.3637692975156691e-16,False
2021-09-22 09:50:00,1.2167526557072583e-16,False
2021-09-22 10:00:00,9.442921622957684e-17,False
2021-09-22 10:10:00,1.2547805642745552e-16,False
2021-09-22 10:20:00,1.387767584220043e-16,False
2021-09-22 10:30:00,1.4041682654077832e-16,False
2021-09-22 10:40:00,1.2961291238909941e-16,False
2021-09-22 10:50:00,,False
2021-09-22 11:00:00,1.1347580020659433e-16,False
2021-09-22 11:10:00,1.44950840343073e-16,False
2021-09-22 11:20:00,1.348139431313028e-16,False
2021-09-22 11:30:00,1.1774417567431959e-16,False
2021-09-22 11:40:00,1.4751098036704448e-16,False
2021-09-22 11:50:00,1.1896736603178445e-16,False
2021-09-22 12:00:00,1.3045080057385478e-16,False
2021-09-22 12:10:00,1.453787054454338e-16,False
2021-09-22 12:20:00,1.36650770191454e-16,False
2021-09-22 12:30:00,1.1804566623337543e-16,False
2021-09-22 12:40:00,1.2671882964949476e-16,False
2021-09-22 12:50:00,1.2477679249494117e-16,False
2021-09-22 13:00:00,1.2629390894432591e-16,False
2021-09-22 13:10:00,1.4787392719528705e-16,False
2021-09-22 13:20:00,1.218083967879876e-16,False
2021-09-22 13:30:00,1.258974388387453e-16,False
2021-09-22 13:40:00,1.266396253201038e-16,False
2021-09-22 13:50:00,1.0883313507481048e-16,False
2021-09-22 14:00:00,1.1658422530220378e-16,False
2021-09-22 14:10:00,1.1879520259153499e-16,False
2021-09-22 14:20:00,1.3950740474575806e-16,False
2021-09-22 14:30:00,,False
2021-09-22 14:40:00,1.1173417277372293e-16,False
2021-09-22 14:50:00,1.0868183686436643e-16,False
2021-09-22 15:00:00,1.2946523559633058e-16,False
2021-09-22 15:10:00,1.4082763980909602e-16,False
2021-09-22 15:20:00,1.216746972028155e-16,False
2021-09-22 15:30:00,1.3254271492996168e-16,False
2021-09-22 15:40:00,1.1131998135408552e-16,False
2021-09-22 15:50:00,1.2530868072518257e-16,False
2021-09-22 16:00:00,1.0607119534697038e-16,False
2021-09-22 16:10:00,1.2239916983691127e-16,False
2021-09-22 16:20:00,1.0964415712254354e-16,False
2021-09-22 16:30:00,1.297731986360453e-16,False
2021-09-22 16:40:00,1.3507146181647323e-16,False
2021-09-22 16:50:00,,False
2021-09-22 17:00:00,1.1353383380263348e-16,False
2021-09-22 17:10:00,1.1390046890737292e-16,False
2021-09-22 17:20:00,1.1940217113075017e-16,False
2021-09-22 17:30:00,1.3680518893933747e-16,False
2021-09-22 17:40:00,1.028979474188954e-16,False
2021-09-22 17:50:00,1.1380290208367687e-16,False
2021-09-22 18:00:00,1.3482943317062366e-16,False
2021-09-22 18:10:00,1.3578281711467704e-16,False
2021-09-22 18:20:00,,False
2021-09-22 18:30:00,1.2993283423019768e-16,False
2021-09-22 18:40:00,1.1745840270682883e-16,False
2021-09-22 18:50:00,1.3182140945425635e-16,False
2021-09-22 19:00:00,1.2871824294042e-16,False
2021-09-22 19:10:00,1.384805489361958e-16,False
2021-09-22 19:20:00,1.2616941850773953e-16,False
2021-09-22 19:30:00,1.099082473521994e-16,False
2021-09-22 19:40:00,1.266875891813121e-16,False
2021-09-22 19:50:00,1.0911574822441986e-16,False
2021-09-22 20:00:00,1.1818877638856226e-16,False
2021-09-22 20:10:00,1.242698555098033e-16,False
2021-09-22 20:20:00,1.0416917693138149e-16,False
2021-09-22 20:30:00,1.2079013055215376e-16,False
2021-09-22 20:40:00,1.4144500341793585e-16,False
2021-09-22 20:50:00,9.869560547778768e-17,False
2021-09-22 21:00:00,1.2533541724068127e-16,False
2021-09-22 21:10:00,1.1209434610191148e-16,False
2021-09-22 21:20:00,1.1504974662878536e-16,False
2021-09-22 21:30:00,9.673695068446163e-17,False
2021-09-22 21:40:00,1.2624497214763827e-16,False
2021-09-22 21:50:00,1.4290709947083313e-16,False
2021-09-22 22:00:00,1.24331987027744e-16,False
2021-09-22 22:10:00,1.3161347832033446e-16,False
2021-09-22 22:20:00,1.2312729650531373e-16,False
2021-09-22 22:30:00,1.2229712534480335e-16,False
2021-09-22 22:40:00,1.229314259425346e-16,False
2021-09-22 22:50:00,1.3300327730470148e-16,False
2021-09-22 23:00:00,9.879482574740441e-17,False
2021-09-22 23:10:00,1.20494072994455e-16,False
2021-09-22 23:20:00,1.2385832409490997e-16,False
2021-09-22 23:30:00,1.2608030823167644e-16,False
2021-09-22 23:40:00,1.3040762270071182e-16,False
2021-09-22 23:50:00,9.862782491480368e-17,False
2021-09-23 00:00:00,1.2668925536736932e-16,False
2021-09-23 00:10:00,1.3519375027577645e-16,False
2021-09-23 00:20:00,1.148705331753706e-16,False
2021-09-23 00:30:00,1.1828187533004222e-16,False
2021-09-23 00:40:00,1.477150396273513e-16,False
2021-09-23 00:50:00,1.387596879017919e-16,False
2021-09-23 01:00:00,1.333666867281392e-16,False
2021-09-23 01:10:00,9.807966639030023e-17,False
2021-09-23 01:20:00,1.1260555168246487e-16,False
2021-09-23 01:30:00,1.4100909676043636e-16,False
2021-09-23 01:40:00,1.1760259807280034e-16,False
2021-09-23 01:50:00,1.1880181810861035e-16,False
2021-09-23 02:00:00,1.2452901554101454e-16,False
2021-09-23 02:10:00,1.410572960171209e-16,False
2021-09-23 02:20:00,1.0991001880812925e-16,False
2021-09-23 02:30:00,1.3728620951583842e-16,False
2021-09-23 02:40:00,1.182318037043273e-16,False
2021-09-23 02:50:00,1.0469851563187745e-16,False
2021-09-23 03:00:00,1.1687597707196787e-16,False
2021-09-23 03:10:00,1.2287141564372897e-16,False
2021-09-23 03:20:00,1.2634201693480717e-16,False
2021-09-23 03:30:00,1.189598870922234e-16,False
2021-09-23 03:40:00,1.3328177905445605e-16,False
2021-09-23 03:50:00,1.1526767384380443e-16,False
2021-09-23 04:00:00,1.3534880759641767e-16,False
2021-09-23 04:10:00,1.3894799224117625e-16,False
2021-09-23 04:20:00,1.4383574107886584e-16,False
2021-09-23 04:30:00,1.2673028561331437e-16,False
2021-09-23 04:40:00,1.2518331274278096e-16,False
2021-09-23 04:50:00,1.2677399007224125e-16,False
2021-09-23 05:00:00,1.175327687311647e-16,False
2021-09-23 05:10:00,,False
2021-09-23 05:20:00,1.123373213028627e-16,False
2021-09-23 05:30:00,1.196206058670361e-16,False
2021-09-23 05:40:00,1.09125227726061e-16,False
2021-09-23 05:50:00,1.2168158624233316e-16,False
2021-09-23 06:00:00,9.923337568942152e-17,False
2021-09-23 06:10:00,1.245071246811168e-16,False
2021-09-23 06:20:00,1.1638177108468878e-16,False
2021-09-23 06:30:00,1.3606031192683758e-16,False
2021-09-23 06:40:00,1.3040854032912095e-16,False
2021-09-23 06:50:00,,False
2021-09-23 07:00:00,,False
2021-09-23 07:10:00,1.3526596059264673e-16,False
2021-09-23 07:20:00,1.3110514527083566e-16,False
2021-09-23 07:30:00,1.3055058809063635e-16,False
2021-09-23 07:40:00,1.3538040864951686e-16,False
2021-09-23 07:50:00,1.595067891299937e-16,False
2021-09-23 08:00:00,1.173202616190579e-16,False
2021-09-23 08:10:00,1.205202211626901e-16,False
2021-09-23 08:20:00,1.0537561995277342e-16,False
2021-09-23 08:30:00,1.2332823028808032e-16,False
2021-09-23 08:40:00,1.4426117310352078e-16,False
2021-09-23 08:50:00,1.3262268448463945e-16,False
2021-09-23 09:00:00,1.226676667993089e-16,False
2021-09-23 09:10:00,1.348007463195941e-16,False
2021-09-23 09:20:00,1.1548747317446615e-16,False
2021-09-23 09:30:00,1.0964388109376746e-16,False
2021-09-23 09:40:00,1.1754577851883432e-16,False
2021-09-23 09:50:00,1.4456719802226375e-16,False
2021-09-23 10:00:00,1.3924256235329741e-16,False
2021-09-23 10:10:00,1.1363377871727632e-16,False
2021-09-23 10:20:00,1.3709044327063765e-16,False
2021-09-23 10:30:00,1.5040573440822006e-16,False
2021-09-23 10:40:00,1.252809383011858e-16,False
2021-09-23 10:50:00,1.0025131658940526e-16,False
2021-09-23 11:00:00,1.229521818151998e-16,False
2021-09-23 11:10:00,1.326206437331767e-16,False
2021-09-23 11:20:00,1.3289304016181575e-16,False
2021-09-23 11:30:00,1.2022532611504834e-16,False
2021-09-23 11:40:00,1.2786525099600847e-16,False
2021-09-23 11:50:00,1.2519249134972912e-16,False
2021-09-23 12:00:00,1.4202375104760472e-16,False
2021-09-23 12:10:00,1.2591223843630416e-16,False
2021-09-23 12:20:00,,False
2021-09-23 12:30:00,1.4013769781626803e-16,False
2021-09-23 12:40:00,1.2868788192186498e-16,False
2021-09-23 12:50:00,1.2014462937074214e-16,False
2021-09-23 13:00:00,1.182498821694328e-16,False
2021-09-23 13:10:00,1.139410461872154e-16,False
2021-09-23 13:20:00,1.3019133979355173e-16,False
2021-09-23 13:30:00,1.276365056173287e-16,False
2021-09-23 13:40:00,1.3191473522072853e-16,False
2021-09-23 13:50:00,1.2931001149251512e-16,False
2021-09-23 14:00:00,,False
2021-09-23 14:10:00,1.1769786954605611e-16,False
2021-09-23 14:20:00,1.1946762491585236e-16,False
2021-09-23 14:30:00,1.1758434583318095e-16,False
2021-09-23 14:40:00,1.338196791362531e-16,False
2021-09-23 14:50:00,1.1230182827802784e-16,False
2021-09-23 15:00:00,1.1844143393487517e-16,False
2021-09-23 15:10:00,1.139050398007271e-16,False
2021-09-23 15:20:00,1.2491476112389844e-16,False
2021-09-23 15:30:00,1.3498720111564647e-16,False
2021-09-23 15:40:00,1.535920425753443e-16,False
2021-09-23 15:50:00,1.408099463521491e-16,False
2021-09-23 16:00:00,1.0705813133648996e-16,False
2021-09-23 16:10:00,1.2109850750522306e-16,False
2021-09-23 16:20:00,1.1858289169385662e-16,False
2021-09-23 16:30:00,1.2005419000718897e-16,False
2021-09-23 16:40:00,1.2355881102589502e-16,False
2021-09-23 16:50:00,1.2663795027679706e-16,False
2021-09-23 17:00:00,1.3082462468337803e-16,False
2021-09-23 17:10:00,1.1492423048887414e-16,False
2021-09-23 17:20:00,1.2108741645107434e-16,False
2021-09-23 17:30:00,1.2324911006837863e-16,False
2021-09-23 17:40:00,1.451362034445136e-16,False
2021-09-23 17:50:00,1.1469589225852363e-16,False
2021-09-23 18:00:00,,False
2021-09-23 18:10:00,1.2473055123543184e-16,False
2021-09-23 18:20:00,1.1127109547927196e-16,False
2021-09-23 18:30:00,1.476605407611409e-16,False
2021-09-23 18:40:00,9.912358108773329e-17,False
2021-09-23 18:50:00,1.1304960523329287e-16,False
2021-09-23 19:00:00,1.1722350601411495e-16,False
2021-09-23 19:10:00,1.2071030565617017e-16,False
2021-09-23 19:20:00,1.4896243003046074e-16,False
2021-09-23 19:30:00,1.446715329380364e-16,False
2021-09-23 19:40:00,1.2604664347309965e-16,False
2021-09-23 19:50:00,1.243398279171992e-16,False
2021-09-23 20:00:00,1.2990772862190678e-16,False
2021-09-23 20:10:00,,False
2021-09-23 20:20:00,1.2219044410649375e-16,False
2021-09-23 20:30:00,1.1085172878729156e-16,False
2021-09-23 20:40:00,1.1943120821506122e-16,False
2021-09-23 20:50:00,1.3040671960423036e-16,False
2021-09-23 21:00:00,1.2031573516373671e-16,False
2021-09-23 21:10:00,1.239284495681208e-16,False
2021-09-23 21:20:00,1.4567878816284092e-16,False
2021-09-23 21:30:00,1.0816043063560974e-16,False
2021-09-23 21:40:00,1.1837849453257158e-16,False
2021-09-23 21:50:00,1.234796492235013e-16,False
2021-09-23 22:00:00,1.3804405992350682e-16,False
2021-09-23 22:10:00,,False
2021-09-23 22:20:00,1.2362564719792743e-16,False
2021-09-23 22:30:00,1.3375716016841191e-16,False
2021-09-23 22:40:00,1.3613746380879646e-16,False
2021-09-23 22:50:00,1.379467303250512e-16,False
2021-09-23 23:00:00,1.2525124774966246e-16,False
2021-09-23 23:10:00,1.3469680511069186e-16,False
2021-09-23 23:20:00,1.3315190137126085e-16,False
2021-09-23 23:30:00,1.001698734567802e-16,False
2021-09-23 23:40:00,1.4550240128383938e-16,False
2021-09-23 23:50:00,1.3090911709151838e-16,False
2021-09-24 00:00:00,1.2938528666808667e-16,False
2021-09-24 00:10:00,,False
2021-09-24 00:20:00,1.0929578304873119e-16,False
2021-09-24 00:30:00,1.0461258666818346e-16,False
2021-09-24 00:40:00,1.2617122260930963e-16,False
2021-09-24 00:50:00,1.1888907375034719e-16,False
2021-09-24 01:00:00,1.1764849865172696e-16,False
2021-09-24 01:10:00,1.3674484093589846e-16,False
2021-09-24 01:20:00,1.0151532209313476e-16,False
2021-09-24 01:30:00,1.157166750072118e-16,False
2021-09-24 01:40:00,1.0928754577317085e-16,False
2021-09-24 01:50:00,1.1783692312333057e-16,False
2021-09-24 02:00:00,,False
2021-09-24 02:10:00,1.4083841701230413e-16,False
2021-09-24 02:20:00,1.2498941547340878e-16,False
2021-09-24 02:30:00,1.3008636457070362e-16,False
2021-09-24 02:40:00,1.1442644939261405e-16,False
2021-09-24 02:50:00,1.186259519432243e-16,False
2021-09-24 03:00:00,1.2195651075238282e-16,False
2021-09-24 03:10:00,1.1575883580998408e-16,False
2021-09-24 03:20:00,1.1925591077369398e-16,False
2021-09-24 03:30:00,1.2988963700249983e-16,False
2021-09-24 03:40:00,1.1740637392080244e-16,False
2021-09-24 03:50:00,1.0939486513780477e-16,False
2021-09-24 04:00:00,1.2125988473095844e-16,False
2021-09-24 04:10:00,1.0991264551034678e-16,False
2021-09-24 04:20:00,1.3326431077591967e-16,False
2021-09-24 04:30:00,1.262396259484477e-16,False
2021-09-24 04:40:00,1.020348916455892e-16,False
2021-09-24 04:50:00,1.0607161729673808e-16,False
2021-09-24 05:00:00,1.0468928765878364e-16,False
2021-09-24 05:10:00,1.2048312815710266e-16,False
2021-09-24 05:20:00,1.305329175516321e-16,False
2021-09-24 05:30:00,1.4200806671329674e-16,False
2021-09-24 05:40:00,1.2582662308065562e-16,False
2021-09-24 05:50:00,1.232940133208721e-16,False
2021-09-24 06:00:00,,False
2021-09-24 06:10:00,1.0400465574603674e-16,False
2021-09-24 06:20:00,1.3880263308494073e-16,False
2021-09-24 06:30:00,,False
2021-09-24 06:40:00,1.1714235352542004e-16,False
2021-09-24 06:50:00,1.1055893724958723e-16,False
2021-09-24 07:00:00,1.4206486326988816e-16,False
2021-09-24 07:10:00,1.02616560868255e-16,False
2021-09-24 07:20:00,1.103675316829944e-16,False
2021-09-24 07:30:00,9.003312815352554e-17,False
2021-09-24 07:40:00,1.2054505849855893e-16,False
2021-09-24 07:50:00,1.261658223616469e-16,False
2021-09-24 08:00:00,1.0010182554977652e-16,False
2021-09-24 08:10:00,1.2898499092981932e-16,False
2021-09-24 08:20:00,1.0094703315687205e-16,False
2021-09-24 08:30:00,,False
2021-09-24 08:40:00,1.2531750322661136e-16,False
2021-09-24 08:50:00,1.297867614404447e-16,False
2021-09-24 09:00:00,1.200786140320309e-16,False
2021-09-24 09:10:00,1.2732907606737676e-16,False
2021-09-24 09:20:00,1.1455507051323624e-16,False
2021-09-24 09:30:00,1.327149210176084e-16,False
2021-09-24 09:40:00,1.1436121334064723e-16,False
2021-09-24 09:50:00,1.5464474118762617e-16,False
2021-09-24 10:00:00,1.1704439572132797e-16,False
2021-09-24 10:10:00,1.1368015306131856e-16,False
2021-09-24 10:20:00,1.3330590051432305e-16,False
2021-09-24 10:30:00,1.3170355646592883e-16,False
2021-09-24 10:40:00,1.148103648104603e-16,False
2021-09-24 10:50:00,1.2981833467712237e-16,False
2021-09-24 11:00:00,1.3633370690061748e-16,False
2021-09-24 11:10:00,1.1757295200048306e-16,False
2021-09-24 11:20:00,1.4953774092943505e-16,False
2021-09-24 11:30:00,1.116440047815915e-16,False
2021-09-24 11:40:00,1.0186149411459316e-16,False
2021-09-24 11:50:00,1.0983179618188278e-16,False
2021-09-24 12:00:00,1.2905483675432564e-16,False
2021-09-24 12:10:00,1.473192916885427e-16,False
2021-09-24 12:20:00,1.2820814937440192e-16,False
2021-09-24 12:30:00,1.4134286279827146e-16,False
2021-09-24 12:40:00,,False
2021-09-24 12:50:00,1.280736352434994e-16,False
2021-09-24 13:00:00,1.0905017886320371e-16,False
2021-09-24 13:10:00,1.2013963784237663e-16,False
2021-09-24 13:20:00,1.341921973146967e-16,False
2021-09-24 13:30:00,9.837354259507316e-17,False
2021-09-24 13:40:00,1.1273672589726832e-16,False
2021-09-24 13:50:00,1.209846664122242e-16,False
2021-09-24 14:00:00,1.3662775196370046e-16,False
2021-09-24 14:10:00,1.0522081591283307e-16,False
2021-09-24 14:20:00,1.1066905367147281e-16,False
2021-09-24 14:30:00,1.2174478807215365e-16,False
2021-09-24 14:40:00,1.127256886089824e-16,False
2021-09-24 14:50:00,1.329169003373508e-16,False
2021-09-24 15:00:00,1.3037259724998356e-16,False
2021-09-24 15:10:00,9.919187381918744e-17,False
2021-09-24 15:20:00,1.268860419257965e-16,False
2021-09-24 15:30:00,1.3002344052515399e-16,False
2021-09-24 15:40:00,1.2611773768117439e-16,False
2021-09-24 15:50:00,1.2880906316295936e-16,False
2021-09-24 16:00:00,1.2349254348252263e-16,False
2021-09-24 16:10:00,1.2358906057800336e-16,False
2021-09-24 16:20:00,1.103257605933398e-16,False
2021-09-24 16:30:00,1.098216604970206e-16,False
2021-09-24 16:40:00,1.262076301490584e-16,False
2021-09-24 16:50:00,1.517861511993775e-16,False
2021-09-24 17:00:00,1.146348897896817e-16,False
2021-09-24 17:10:00,1.3363675308758655e-16,False
2021-09-24 17:20:00,1.5064933911028206e-16,False
2021-09-24 17:30:00,1.0294787483400391e-16,False
2021-09-24 17:40:00,9.974320123018843e-17,False
2021-09-24 17:50:00,1.5360408259486215e-16,False
2021-09-24 18:00:00,1.2649947732086604e-16,False
2021-09-24 18:10:00,1.321674391764525e-16,False
2021-09-24 18:20:00,1.2462644752498134e-16,False
2021-09-24 18:30:00,1.191148090197517e-16,False
2021-09-24 18:40:00,1.137831438295105e-16,False
2021-09-24 18:50:00,1.3552762737459672e-16,False
2021-09-24 19:00:00,1.3630927910646595e-16,False
2021-09-24 19:10:00,1.3943210494611813e-16,False
2021-09-24 19:20:00,1.0475698810536476e-16,False
2021-09-24 19:30:00,1.0943780641776559e-16,False
2021-09-24 19:40:00,1.2871381328317445e-16,False
2021-09-24 19:50:00,1.4169270318686666e-16,False
2021-09-24 20:00:00,1.250785615866482e-16,False
2021-09-24 20:10:00,1.1670834481945343e-16,False
2021-09-24 20:20:00,1.3193887453969368e-16,False
2021-09-24 20:30:00,1.0735781756089158e-16,False
2021-09-24 20:40:00,1.1894895547293223e-16,False
2021-09-24 20:50:00,1.106411604219348e-16,False
2021-09-24 21:00:00,1.141270208414751e-16,False
2021-09-24 21:10:00,1.251064038914533e-16,False
2021-09-24 21:20:00,1.1536495078636863e-16,False
2021-09-24 21:30:00,1.4698518806088896e-16,False
2021-09-24 21:40:00,1.4766972910802158e-16,False
2021-09-24 21:50:00,1.1057007305218914e-16,False
2021-09-24 22:00:00,1.1689572977443347e-16,False
2021-09-24 22:10:00,1.1601681176750142e-16,False
2021-09-24 22:20:00,1.4597434673199035e-16,False
2021-09-24 22:30:00,1.188712229502074e-16,False
2021-09-24 22:40:00,1.2692389031798632e-16,False
2021-09-24 22:50:00,9.864806973900129e-17,False
2021-09-24 23:00:00,9.935136737185274e-17,False
2021-09-24 23:10:00,,False
2021-09-24 23:20:00,1.3383770318866688e-16,False
2021-09-24 23:30:00,9.215544557585378e-17,False
2021-09-24 23:40:00,1.3715105420167368e-16,False
2021-09-24 23:50:00,1.3401300221804944e-16,False
2021-09-25 00:00:00,,False
2021-09-25 00:10:00,1.135896541838237e-16,False
2021-09-25 00:20:00,1.2213189015083115e-16,False
2021-09-25 00:30:00,1.4121033138764202e-16,False
2021-09-25 00:40:00,1.2130084498658142e-16,False
2021-09-25 00:50:00,1.219128277489527e-16,False
2021-09-25 01:00:00,1.4317018730021655e-16,False
2021-09-25 01:10:00,1.2316249139443457e-16,False
2021-09-25 01:20:00,1.1228240054803795e-16,False
2021-09-25 01:30:00,1.3745303856768975e-16,False
2021-09-25 01:40:00,1.2367747543262432e-16,False
2021-09-25 01:50:00,1.2010045408828388e-16,False
2021-09-25 02:00:00,9.867847216933948e-17,False
2021-09-25 02:10:00,1.284203398446828e-16,False
2021-09-25 02:20:00,1.4824228285165282e-16,False
2021-09-25 02:30:00,1.212781369751616e-16,False
2021-09-25 02:40:00,1.243311734965394e-16,False
2021-09-25 02:50:00,1.2236819097785752e-16,False
2021-09-25 03:00:00,1.1795303450187237e-16,False
2021-09-25 03:10:00,1.3364254062501085e-16,False
2021-09-25 03:20:00,1.1699962881912684e-16,False
2021-09-25 03:30:00,1.207740938687707e-16,False
2021-09-25 03:40:00,1.2094797755626695e-16,False
2021-09-25 03:50:00,1.2628581149456908e-16,False
2021-09-25 04:00:00,9.635374051071854e-17,False
2021-09-25 04:10:00,,False
2021-09-25 04:20:00,1.3667725430425388e-16,False
2021-09-25 04:30:00,1.4130011902634525e-16,False
2021-09-25 04:40:00,1.0268655336833025e-16,False
2021-09-25 04:50:00,1.278375153485716e-16,False
2021-09-25 05:00:00,1.0376179296478784e-16,False
2021-09-25 05:10:00,1.1202821473787931e-16,False
2021-09-25 05:20:00,1.309286174276069e-16,False
2021-09-25 05:30:00,1.2602893226313484e-16,False
2021-09-25 05:40:00,1.2048481880226591e-16,False
2021-09-25 05:50:00,1.372910565816552e-16,False
2021-09-25 06:00:00,1.3567965593052588e-16,False
2021-09-25 06:10:00,1.1494331607416107e-16,False
2021-09-25 06:20:00,1.2684692827531744e-16,False
2021-09-25 06:30:00,1.502533624667843e-16,False
2021-09-25 06:40:00,1.3005650978987213e-16,False
2021-09-25 06:50:00,1.114753659235643e-16,False
2021-09-25 07:00:00,1.4002375512965838e-16,False
2021-09-25 07:10:00,1.3648952820339679e-16,False
2021-09-25 07:20:00,1.1863947660467143e-16,False
2021-09-25 07:30:00,1.1463780588380941e-16,False
2021-09-25 07:40:00,1.083967489622902e-16,False
2021-09-25 07:50:00,1.175268996700271e-16,False
2021-09-25 08:00:00,1.435191736071196e-16,False
2021-09-25 08:10:00,1.1118321229026383e-16,False
2021-09-25 08:20:00,1.3820376897854993e-16,False
2021-09-25 08:30:00,1.2129455946309038e-16,False
2021-09-25 08:40:00,1.3502886547097745e-16,False
2021-09-25 08:50:00,1.3975658664882428e-16,False
2021-09-25 09:00:00,1.1798365716433143e-16,False
2021-09-25 09:10:00,1.1090011038640772e-16,False
2021-09-25 09:20:00,1.2376602159934043e-16,False
2021-09-25 09:30:00,1.2975270440388433e-16,False
2021-09-25 09:40:00,1.1083870939420867e-16,False
2021-09-25 09:50:00,1.187562284429299e-16,False
2021-09-25 10:00:00,1.0580372455708698e-16,False
2021-09-25 10:10:00,1.438850833630241e-16,False
2021-09-25 10:20:00,1.2835537040375146e-16,False
2021-09-25 10:30:00,1.082656119570667e-16,False
2021-09-25 10:40:00,1.2068926400888547e-16,False
2021-09-25 10:50:00,1.4129131040801687e-16,False
2021-09-25 11:00:00,1.262978205956544e-16,False
2021-09-25 11:10:00,,False
2021-09-25 11:20:00,1.0977482462904303e-16,False
2021-09-25 11:30:00,1.1843418908565844e-16,False
2021-09-25 11:40:00,1.3329015128167722e-16,False
2021-09-25 11:50:00,1.2696443795368208e-16,False
2021-09-25 12:00:00,1.081862051611456e-16,False
2021-09-25 12:10:00,,False
2021-09-25 12:20:00,1.4147468892270547e-16,False
2021-09-25 12:30:00,1.346756706437627e-16,False
2021-09-25 12:40:00,1.2315695030693949e-16,False
2021-09-25 12:50:00,1.0102336929004466e-16,False
2021-09-25 13:00:00,1.2562074116086633e-16,False
2021-09-25 13:10:00,1.321549616629926e-16,False
2021-09-25 13:20:00,1.5784341944576873e-16,False
2021-09-25 13:30:00,1.2564886916006263e-16,False
2021-09-25 13:40:00,1.120568160831565e-16,False
2021-09-25 13:50:00,1.120481003748744e-16,False
2021-09-25 14:00:00,1.4000961536804638e-16,False
2021-09-25 14:10:00,1.271249848358967e-16,False
2021-09-25 14:20:00,1.3264267773829236e-16,False
2021-09-25 14:30:00,1.303000520143315e-16,False
2021-09-25 14:40:00,1.1370256406570535e-16,False
2021-09-25 14:50:00,1.1037562763671293e-16,False
2021-09-25 15:00:00,1.0715038887913808e-16,False
2021-09-25 15:10:00,,False
2021-09-25 15:20:00,1.1821525468915345e-16,False
2021-09-25 15:30:00,1.2418787672638007e-16,False
2021-09-25 15:40:00,1.1331179935309923e-16,False
2021-09-25 15:50:00,1.1595042528402857e-16,False
2021-09-25 16:00:00,1.3138258492742278e-16,False
2021-09-25 16:10:00,1.2751423236745705e-16,False
2021-09-25 16:20:00,1.2364163997747225e-16,False
2021-09-25 16:30:00,1.306673086920017e-16,False
2021-09-25 16:40:00,1.3453012407328273e-16,False
2021-09-25 16:50:00,1.084385948719232e-16,False
2021-09-25 17:00:00,1.1721900402263986e-16,False
2021-09-25 17:10:00,1.1771370151275198e-16,False
2021-09-25 17:20:00,1.112585762813778e-16,False
2021-09-25 17:30:00,1.2642805123482835e-16,False
2021-09-25 17:40:00,1.2095932702693604e-16,False
2021-09-25 17:50:00,1.2036279095689766e-16,False
2021-09-25 18:00:00,1.1315880015735317e-16,False
2021-09-25 18:10:00,1.3592575019535797e-16,False
2021-09-25 18:20:00,1.2261183172363983e-16,False
2021-09-25 18:30:00,9.652743365967985e-17,False
2021-09-25 18:40:00,1.2203876200593953e-16,False
2021-09-25 18:50:00,,False
2021-09-25 19:00:00,1.2875517675290714e-16,False
2021-09-25 19:10:00,1.2607116427469154e-16,False
2021-09-25 19:20:00,1.3639836656240505e-16,False
2021-09-25 19:30:00,1.4223404089827227e-16,False
2021-09-25 19:40:00,1.0605709802877669e-16,False
2021-09-25 19:50:00,1.3682305558149646e-16,False
2021-09-25 20:00:00,1.189223868750281e-16,False
2021-09-25 20:10:00,1.292859195474019e-16,False
2021-09-25 20:20:00,9.926852409057403e-17,False
2021-09-25 20:30:00,1.4654859247161774e-16,False
2021-09-25 20:40:00,1.2555024440053596e-16,False
2021-09-25 20:50:00,1.0403475999190352e-16,False
2021-09-25 21:00:00,1.0456218815685706e-16,False
2021-09-25 21:10:00,1.2155278851461334e-16,False
2021-09-25 21:20:00,1.243342016406686e-16,False
2021-09-25 21:30:00,1.3179770037170991e-16,False
2021-09-25 21:40:00,,False
2021-09-25 21:50:00,9.944481789281197e-17,False
2021-09-25 22:00:00,1.1264580117592488e-16,False
2021-09-25 22:10:00,1.2587653704413436e-16,False
2021-09-25 22:20:00,1.35652687229841e-16,False
2021-09-25 22:30:00,1.175041471399651e-16,False
2021-09-25 22:40:00,1.3158098353849365e-16,False
2021-09-25 22:50:00,1.0960401093544575e-16,False
2021-09-25 23:00:00,1.0430382530453968e-16,False
2021-09-25 23:10:00,1.4071441582897115e-16,False
2021-09-25 23:20:00,1.1168160360509735e-16,False
2021-09-25 23:30:00,1.3359550969559932e-16,False
2021-09-25 23:40:00,1.3618211619919865e-16,False
2021-09-25 23:50:00,1.228898775806961e-16,False
2021-09-26 00:00:00,1.3338178982192898e-16,False
2021-09-26 00:10:00,1.201497205042866e-16,False
2021-09-26 00:20:00,1.223745360694203e-16,False
2021-09-26 00:30:00,1.0592468754435799e-16,False
2021-09-26 00:40:00,1.35734320819145e-16,False
2021-09-26 00:50:00,1.1877718429838895e-16,False
2021-09-26 01:00:00,1.065497040453195e-16,False
2021-09-26 01:10:00,,False
2021-09-26 01:20:00,1.0881222632744901e-16,False
2021-09-26 01:30:00,,False
2021-09-26 01:40:00,1.1642012359257576e-16,False
2021-09-26 01:50:00,1.1445102294265537e-16,False
2021-09-26 02:00:00,1.162993969299261e-16,False
2021-09-26 02:10:00,1.2088407606704367e-16,False
2021-09-26 02:20:00,1.1177372823902852e-16,False
2021-09-26 02:30:00,1.121231638940841e-16,False
2021-09-26 02:40:00,1.050845813520756e-16,False
2021-09-26 02:50:00,1.1985488487047732e-16,False
2021-09-26 03:00:00,1.123145025523103e-16,False
2021-09-26 03:10:00,1.4121514780918458e-16,False
2021-09-26 03:20:00,1.1179371366044435e-16,False
2021-09-26 03:30:00,1.1547832409359708e-16,False
2021-09-26 03:40:00,1.4242169279302724e-16,False
2021-09-26 03:50:00,1.3071664722049072e-16,False
2021-09-26 04:00:00,1.1927708734053302e-16,False
2021-09-26 04:10:00,1.2269104518530664e-16,False
2021-09-26 04:20:00,1.2009670468235302e-16,False
2021-09-26 04:30:00,1.2812935826165698e-16,False
2021-09-26 04:40:00,1.1235799914939478e-16,False
2021-09-26 04:50:00,9.997508165400706e-17,False
2021-09-26 05:00:00,1.1210357474980203e-16,False
2021-09-26 05:10:00,1.1853017717558095e-16,False
2021-09-26 05:20:00,1.4064157324554053e-16,False
2021-09-26 05:30:00,1.2369011604482534e-16,False
2021-09-26 05:40:00,,False
2021-09-26 05:50:00,1.2350467581295366e-16,False
2021-09-26 06:00:00,1.0093494881422068e-16,False
2021-09-26 06:10:00,1.2319764610180493e-16,False
2021-09-26 06:20:00,1.2826955731320885e-16,False
2021-09-26 06:30:00,1.127943200161664e-16,False
2021-09-26 06:40:00,1.3345448073352255e-16,False
2021-09-26 06:50:00,1.2027325106820773e-16,False
2021-09-26 07:00:00,1.2213273291889162e-16,False
2021-09-26 07:10:00,1.3567864030304115e-16,False
2021-09-26 07:20:00,1.0825132193452827e-16,False
2021-09-26 07:30:00,1.2963331014738956e-16,False
2021-09-26 07:40:00,1.383164476974577e-16,False
2021-09-26 07:50:00,1.132155533049166e-16,False
2021-09-26 08:00:00,1.3955159854272475e-16,False
2021-09-26 08:10:00,1.1453550205064878e-16,False
2021-09-26 08:20:00,,False
2021-09-26 08:30:00,,False
2021-09-26 08:40:00,1.0807674149208772e-16,False
2021-09-26 08:50:00,1.3510265829147525e-16,False
2021-09-26 09:00:00,1.2280229207524894e-16,False
2021-09-26 09:10:00,1.2019622612407924e-16,False
2021-09-26 09:20:00,1.3084273150067916e-16,False
2021-09-26 09:30:00,1.3399395029461153e-16,False
2021-09-26 09:40:00,1.094129702308301e-16,False
2021-09-26 09:50:00,1.1472906833037605e-16,False
2021-09-26 10:00:00,1.0501617580569003e-16,False
2021-09-26 10:10:00,1.3288453421159133e-16,False
2021-09-26 10:20:00,1.3150976930156258e-16,False
2021-09-26 10:30:00,1.248630473277501e-16,False
2021-09-26 10:40:00,1.1634396101187769e-16,False
2021-09-26 10:50:00,1.2337357207942161e-16,False
2021-09-26 11:00:00,,False
2021-09-26 11:10:00,1.227570909844297e-16,False
2021-09-26 11:20:00,1.405271127529313e-16,False
2021-09-26 11:30:00,1.0945505735163879e-16,False
2021-09-26 11:40:00,1.144513007165591e-16,False
2021-09-26 11:50:00,1.2426316885499664e-16,False
2021-09-26 12:00:00,1.443762260651771e-16,False
2021-09-26 12:10:00,1.3959913313172578e-16,False
2021-09-26 12:20:00,1.150766407456272e-16,False
2021-09-26 12:30:00,1.4363320872434288e-16,False
2021-09-26 12:40:00,1.299970586419694e-16,False
2021-09-26 12:50:00,1.2088528386430197e-16,False
2021-09-26 13:00:00,1.2749216293210325e-16,False
2021-09-26 13:10:00,1.203102554591156e-16,False
2021-09-26 13:20:00,1.500999936137612e-16,False
2021-09-26 13:30:00,9.04715164819251e-17,False
2021-09-26 13:40:00,1.3228903739577654e-16,False
2021-09-26 13:50:00,1.2778644763938711e-16,False
2021-09-26 14:00:00,1.1660795604030688e-16,False
2021-09-26 14:10:00,1.248624379420748e-16,False
2021-09-26 14:20:00,1.3840209073657206e-16,False
2021-09-26 14:30:00,1.2944594681232781e-16,False
2021-09-26 14:40:00,1.1020794608405803e-16,False
2021-09-26 14:50:00,1.0781028376615966e-16,False
2021-09-26 15:00:00,1.2139518140160717e-16,False
2021-09-26 15:10:00,1.2369523865110553e-16,False
2021-09-26 15:20:00,1.3464721697999232e-16,False
2021-09-26 15:30:00,,False
2021-09-26 15:40:00,,False
2021-09-26 15:50:00,1.174838329897869e-16,False
2021-09-26 16:00:00,1.1757716092691252e-16,False
2021-09-26 16:10:00,1.228291997058065e-16,False
2021-09-26 16:20:00,,False
2021-09-26 16:30:00,1.295390788046994e-16,False
2021-09-26 16:40:00,1.340241119808997e-16,False
2021-09-26 16:50:00,,False
2021-09-26 17:00:00,1.2123573532340633e-16,False
2021-09-26 17:10:00,1.2040175495537256e-16,False
2021-09-26 17:20:00,1.3372903493163804e-16,False
2021-09-26 17:30:00,1.2904349491822003e-16,False
2021-09-26 17:40:00,1.2437318544045228e-16,False
2021-09-26 17:50:00,1.2523203075322334e-16,False
2021-09-26 18:00:00,1.2310255276605155e-16,False
2021-09-26 18:10:00,1.3542758683005e-16,False
2021-09-26 18:20:00,1.2119493709866613e-16,False
2021-09-26 18:30:00,1.171731016966188e-16,False
2021-09-26 18:40:00,1.1044056084072556e-16,False
2021-09-26 18:50:00,1.3029710717498878e-16,False
2021-09-26 19:00:00,1.3180922860489634e-16,False
2021-09-26 19:10:00,1.357198720588486e-16,False
2021-09-26 19:20:00,9.566355123560853e-17,False
2021-09-26 19:30:00,1.215498011641235e-16,False
2021-09-26 19:40:00,1.1053174922602734e-16,False
2021-09-26 19:50:00,1.2546146162411233e-16,False
2021-09-26 20:00:00,1.2181124855677582e-16,False
2021-09-26 20:10:00,1.1035425728073765e-16,False
2021-09-26 20:20:00,1.173880970522789e-16,False
2021-09-26 20:30:00,1.3104894050917927e-16,False
2021-09-26 20:40:00,1.2812519358023726e-16,False
2021-09-26 20:50:00,1.3030505437681408e-16,False
2021-09-26 21:00:00,1.2596637180750902e-16,False
2021-09-26 21:10:00,1.3138242115736023e-16,False
2021-09-26 21:20:00,1.2761416581280193e-16,False
2021-09-26 21:30:00,1.2949982480306612e-16,False
2021-09-26 21:40:00,1.3646183013491096e-16,False
2021-09-26 21:50:00,1.3168362384525536e-16,False
2021-09-26 22:00:00,1.3403398031736328e-16,False
2021-09-26 22:10:00,1.1003346632965889e-16,False
2021-09-26 22:20:00,1.145709780597259e-16,False
2021-09-26 22:30:00,,False
2021-09-26 22:40:00,1.4233183985571966e-16,False
2021-09-26 22:50:00,1.1167298067535765e-16,False
2021-09-26 23:00:00,1.1052811609886595e-16,False
2021-09-26 23:10:00,1.3789285250174667e-16,False
2021-09-26 23:20:00,1.1434336056844426e-16,False
2021-09-26 23:30:00,1.2767099155103468e-16,False
2021-09-26 23:40:00,1.3023131080066755e-16,False
2021-09-26 23:50:00,1.3810182148149866e-16,False
2021-09-27 00:00:00,1.3140058173937333e-16,False
2021-09-27 00:10:00,1.0717996276817707e-16,False
2021-09-27 00:20:00,1.4405874203475922e-16,False
2021-09-27 00:30:00,1.2664793067403407e-16,False
2021-09-27 00:40:00,1.3992252205161043e-16,False
2021-09-27 00:50:00,1.1499084807593272e-16,False
2021-09-27 01:00:00,1.139331543216026e-16,False
2021-09-27 01:10:00,9.993986606707897e-17,False
2021-09-27 01:20:00,1.1784003583566962e-16,False
2021-09-27 01:30:00,1.306857690641316e-16,False
2021-09-27 01:40:00,1.0529378524637212e-16,False
2021-09-27 01:50:00,1.3728518977770308e-16,False
2021-09-27 02:00:00,,False
2021-09-27 02:10:00,1.165193518424791e-16,False
2021-09-27 02:20:00,1.1769473448317372e-16,False
2021-09-27 02:30:00,1.127314619932083e-16,False
2021-09-27 02:40:00,9.456782894240704e-17,False
2021-09-27 02:50:00,1.2156686691466727e-16,False
2021-09-27 03:00:00,1.1534829272486128e-16,False
2021-09-27 03:10:00,1.2751326633809494e-16,False
2021-09-27 03:20:00,1.14950273354706e-16,False
2021-09-27 03:30:00,1.3523382416336105e-16,False
2021-09-27 03:40:00,1.0326743397176495e-16,False
2021-09-27 03:50:00,1.2021585648136261e-16,False
2021-09-27 04:00:00,1.315199971020931e-16,False
2021-09-27 04:10:00,1.2709357149028105e-16,False
2021-09-27 04:20:00,1.221396840770426e-16,False
2021-09-27 04:30:00,1.0020579049634024e-16,False
2021-09-27 04:40:00,1.1335256543113185e-16,False
2021-09-27 04:50:00,1.4057742624992075e-16,False
2021-09-27 05:00:00,1.4273765104996842e-16,False
2021-09-27 05:10:00,1.2946337306303554e-16,False
2021-09-27 05:20:00,1.286453248230904e-16,False
2021-09-27 05:30:00,1.1803638757139793e-16,False
2021-09-27 05:40:00,8.953424728829246e-17,False
2021-09-27 05:50:00,1.1539959919275902e-16,False
2021-09-27 06:00:00,1.1969202815108547e-16,False
2021-09-27 06:10:00,1.0266086456965935e-16,False
2021-09-27 06:20:00,1.396999735912327e-16,False
2021-09-27 06:30:00,1.2861719969546848e-16,False
2021-09-27 06:40:00,1.22695625625081e-16,False
2021-09-27 06:50:00,1.0629831163272315e-16,False
2021-09-27 07:00:00,1.3763254208898105e-16,False
2021-09-27 07:10:00,1.1838431637914797e-16,False
2021-09-27 07:20:00,1.412679512492152e-16,False
2021-09-27 07:30:00,1.3363585129165747e-16,False
2021-09-27 07:40:00,1.2055618803894058e-16,False
2021-09-27 07:50:00,1.2622152051787122e-16,False
2021-09-27 08:00:00,1.1870539024426859e-16,False
2021-09-27 08:10:00,1.3119102138571492e-16,False
2021-09-27 08:20:00,1.4200551974545382e-16,False
2021-09-27 08:30:00,1.2543978569993393e-16,False
2021-09-27 08:40:00,1.4035480110811597e-16,False
2021-09-27 08:50:00,1.2290482126770813e-16,False
2021-09-27 09:00:00,1.0807334707992342e-16,False
2021-09-27 09:10:00,1.123127386722295e-16,False
2021-09-27 09:20:00,1.4498869711142775e-16,False
2021-09-27 09:30:00,1.2383300730835823e-16,False
2021-09-27 09:40:00,1.3392657196677395e-16,False
2021-09-27 09:50:00,1.0175014438762415e-16,False
2021-09-27 10:00:00,1.0372463625651121e-16,False
2021-09-27 10:10:00,1.2076023471884637e-16,False
2021-09-27 10:20:00,1.3139033361276684e-16,False
2021-09-27 10:30:00,1.2452489793007428e-16,False
2021-09-27 10:40:00,1.3148799585778712e-16,False
2021-09-27 10:50:00,9.90572597584905e-17,False
2021-09-27 11:00:00,1.2167678368441055e-16,False
2021-09-27 11:10:00,1.2604187058217188e-16,False
2021-09-27 11:20:00,1.269567638688934e-16,False
2021-09-27 11:30:00,1.2518143827301814e-16,False
2021-09-27 11:40:00,1.163051481543424e-16,False
2021-09-27 11:50:00,1.3371953279745807e-16,False
2021-09-27 12:00:00,1.4159848546643336e-16,False
2021-09-27 12:10:00,1.329623557855574e-16,False
2021-09-27 12:20:00,8.495016452470093e-17,False
2021-09-27 12:30:00,1.008106646670435e-16,False
2021-09-27 12:40:00,1.3871679563490496e-16,False
2021-09-27 12:50:00,1.1811029423077834e-16,False
2021-09-27 13:00:00,1.3084189016986594e-16,False
2021-09-27 13:10:00,1.4533830860433375e-16,False
2021-09-27 13:20:00,1.1343616846432083e-16,False
2021-09-27 13:30:00,1.0814092200295614e-16,False
2021-09-27 13:40:00,1.1143026571577018e-16,False
2021-09-27 13:50:00,1.0720068031721285e-16,False
2021-09-27 14:00:00,1.352648707747605e-16,False
2021-09-27 14:10:00,1.289664407166693e-16,False
2021-09-27 14:20:00,1.464167518173684e-16,False
2021-09-27 14:30:00,1.1556182214538236e-16,False
2021-09-27 14:40:00,1.25939246119541e-16,False
2021-09-27 14:50:00,1.2891479739731598e-16,False
2021-09-27 15:00:00,1.201989832335053e-16,False
2021-09-27 15:10:00,1.0202467026565988e-16,False
2021-09-27 15:20:00,1.339120076431904e-16,False
2021-09-27 15:30:00,1.2275977806921532e-16,False
2021-09-27 15:40:00,1.3133357323160373e-16,False
2021-09-27 15:50:00,1.0375373196601404e-16,False
2021-09-27 16:00:00,1.2371017246259834e-16,False
2021-09-27 16:10:00,1.2549536558938075e-16,False
2021-09-27 16:20:00,1.3846785325274538e-16,False
2021-09-27 16:30:00,1.168599050773415e-16,False
2021-09-27 16:40:00,1.0318810622436932e-16,False
2021-09-27 16:50:00,1.3081242682504852e-16,False
2021-09-27 17:00:00,1.160079502670721e-16,False
2021-09-27 17:10:00,1.0935397872728814e-16,False
2021-09-27 17:20:00,1.2523806128405924e-16,False
2021-09-27 17:30:00,1.1429880496454112e-16,False
2021-09-27 17:40:00,1.248968304091739e-16,False
2021-09-27 17:50:00,,False
2021-09-27 18:00:00,1.3150341019346793e-16,False
2021-09-27 18:10:00,1.420205148734316e-16,False
2021-09-27 18:20:00,1.280721778193321e-16,False
2021-09-27 18:30:00,1.382550504779618e-16,False
2021-09-27 18:40:00,1.2867964486072736e-16,False
2021-09-27 18:50:00,1.0733576115660744e-16,False
2021-09-27 19:00:00,1.2002078461441426e-16,False
2021-09-27 19:10:00,1.2042421841190947e-16,False
2021-09-27 19:20:00,1.1588026093446537e-16,False
2021-09-27 19:30:00,1.2402814403419264e-16,False
2021-09-27 19:40:00,1.323269142688973e-16,False
2021-09-27 19:50:00,,False
2021-09-27 20:00:00,1.0756080842839602e-16,False
2021-09-27 20:10:00,1.3908417033910887e-16,False
2021-09-27 20:20:00,1.375626922072604e-16,False
2021-09-27 20:30:00,1.1807987882803006e-16,False
2021-09-27 20:40:00,1.3045028882722165e-16,False
2021-09-27 20:50:00,1.2034519486922538e-16,False
2021-09-27 21:00:00,1.066639204997346e-16,False
2021-09-27 21:10:00,1.136169355133766e-16,False
2021-09-27 21:20:00,1.2509625658282518e-16,False
2021-09-27 21:30:00,1.0933814685327849e-16,False
2021-09-27 21:40:00,1.3281720689259832e-16,False
2021-09-27 21:50:00,1.1365075906244322e-16,False
2021-09-27 22:00:00,1.2036565436548707e-16,False
2021-09-27 22:10:00,1.271667797207393e-16,False
2021-09-27 22:20:00,1.1642903887125744e-16,False
2021-09-27 22:30:00,1.102116255720977e-16,False
2021-09-27 22:40:00,1.1806023261475567e-16,False
2021-09-27 22:50:00,1.1885542433546676e-16,False
2021-09-27 23:00:00,1.3305628611665225e-16,False
2021-09-27 23:10:00,1.2731995731043929e-16,False
2021-09-27 23:20:00,1.366889219173973e-16,False
2021-09-27 23:30:00,1.228241531379456e-16,False
2021-09-27 23:40:00,1.1407506104708718e-16,False
2021-09-27 23:50:00,1.2636935569268226e-16,False
2021-09-28 00:00:00,1.191539560519653e-16,False
2021-09-28 00:10:00,1.238863510992284e-16,False
2021-09-28 00:20:00,1.18752746810706e-16,False
2021-09-28 00:30:00,1.2524542581202728e-16,False
2021-09-28 00:40:00,1.0446680489177304e-16,False
2021-09-28 00:50:00,1.3515768419394142e-16,False
2021-09-28 01:00:00,1.0923685704996728e-16,False
2021-09-28 01:10:00,1.121755673815195e-16,False
2021-09-28 01:20:00,1.1102707695805471e-16,False
2021-09-28 01:30:00,1.1493251284832352e-16,False
2021-09-28 01:40:00,1.5012270162088862e-16,False
2021-09-28 01:50:00,1.3633771750144355e-16,False
2021-09-28 02:00:00,1.1322204289644656e-16,False
2021-09-28 02:10:00,1.287668727811366e-16,False
2021-09-28 02:20:00,1.4415337229788052e-16,False
2021-09-28 02:30:00,1.1755821423076086e-16,False
2021-09-28 02:40:00,1.3405025414797905e-16,False
2021-09-28 02:50:00,1.3953070121302172e-16,False
2021-09-28 03:00:00,1.2886956689657193e-16,False
2021-09-28 03:10:00,1.2986546921728867e-16,False
2021-09-28 03:20:00,1.3261109330177145e-16,False
2021-09-28 03:30:00,,False
2021-09-28 03:40:00,1.1091447344880558e-16,False
2021-09-28 03:50:00,1.1586491316996574e-16,False
2021-09-28 04:00:00,1.1650618360356914e-16,False
2021-09-28 04:10:00,1.1349648296310337e-16,False
2021-09-28 04:20:00,1.3852002124583053e-16,False
2021-09-28 04:30:00,1.1962992183086382e-16,False
2021-09-28 04:40:00,1.070243907155397e-16,False
2021-09-28 04:50:00,1.134392867115864e-16,False
2021-09-28 05:00:00,1.1408077790859443e-16,False
2021-09-28 05:10:00,1.2497104860653635e-16,False
2021-09-28 05:20:00,1.1708290080512127e-16,False
2021-09-28 05:30:00,1.1066089381937506e-16,False
2021-09-28 05:40:00,1.240543166211351e-16,False
2021-09-28 05:50:00,1.2016925939654004e-16,False
2021-09-28 06:00:00,1.3241429380647712e-16,False
2021-09-28 06:10:00,1.2915482150000765e-16,False
2021-09-28 06:20:00,1.133064433713801e-16,False
2021-09-28 06:30:00,1.3446869378075345e-16,False
2021-09-28 06:40:00,1.5233278362345327e-16,False
2021-09-28 06:50:00,1.1258837269347908e-16,False
2021-09-28 07:00:00,1.15362314345534e-16,False
2021-09-28 07:10:00,1.1775946723415857e-16,False
2021-09-28 07:20:00,1.3888393314936955e-16,False
2021-09-28 07:30:00,1.2664735463833652e-16,False
2021-09-28 07:40:00,1.2058770284869338e-16,False
2021-09-28 07:50:00,1.2071843847893078e-16,False
2021-09-28 08:00:00,1.0875754633772773e-16,False
2021-09-28 08:10:00,1.2200840731257407e-16,False
2021-09-28 08:20:00,1.0787902753136461e-16,False
2021-09-28 08:30:00,1.1939144152914764e-16,False
2021-09-28 08:40:00,1.1125663863561807e-16,False
2021-09-28 08:50:00,1.1921187743735986e-16,False
2021-09-28 09:00:00,1.0902158404604789e-16,False
2021-09-28 09:10:00,1.411581171286874e-16,False
2021-09-28 09:20:00,,False
2021-09-28 09:30:00,1.148415041662269e-16,False
2021-09-28 09:40:00,1.0482445893203092e-16,False
2021-09-28 09:50:00,1.0851622511381444e-16,False
2021-09-28 10:00:00,1.332730695947687e-16,False
2021-09-28 10:10:00,1.1469422642563448e-16,False
2021-09-28 10:20:00,1.3133327257873178e-16,False
2021-09-28 10:30:00,1.0956762398029545e-16,False
2021-09-28 10:40:00,1.1940592161173226e-16,False
2021-09-28 10:50:00,1.2418755247594805e-16,False
2021-09-28 11:00:00,1.4364140431665737e-16,False
2021-09-28 11:10:00,1.1721933715479903e-16,False
2021-09-28 11:20:00,1.2775391941017439e-16,False
2021-09-28 11:30:00,1.047822816421457e-16,False
2021-09-28 11:40:00,1.1921924970735125e-16,False
2021-09-28 11:50:00,1.1713522915534786e-16,False
2021-09-28 12:00:00,1.1783376594168244e-16,False
2021-09-28 12:10:00,1.2165959010909995e-16,False
2021-09-28 12:20:00,1.2344245455556444e-16,False
2021-09-28 12:30:00,1.1341875963834024e-16,False
2021-09-28 12:40:00,1.3136210084853194e-16,False
2021-09-28 12:50:00,1.280250394101404e-16,False
2021-09-28 13:00:00,1.0807783710335533e-16,False
2021-09-28 13:10:00,1.1495092030248672e-16,False
2021-09-28 13:20:00,9.243070044008048e-17,False
2021-09-28 13:30:00,1.2689834759177029e-16,False
2021-09-28 13:40:00,1.1628339880175987e-16,False
2021-09-28 13:50:00,1.1119257103851866e-16,False
2021-09-28 14:00:00,1.191369074197061e-16,False
2021-09-28 14:10:00,1.158872748246588e-16,False
2021-09-28 14:20:00,1.3253274227089463e-16,False
2021-09-28 14:30:00,1.1365413597282073e-16,False
2021-09-28 14:40:00,1.395315227139277e-16,False
2021-09-28 14:50:00,1.1291184658920734e-16,False
2021-09-28 15:00:00,1.3543216561792357e-16,False
2021-09-28 15:10:00,1.5523982760167174e-16,False
2021-09-28 15:20:00,1.0084647310192286e-16,False
2021-09-28 15:30:00,1.1077847304260945e-16,False
2021-09-28 15:40:00,1.33289239420371e-16,False
2021-09-28 15:50:00,1.3392585591953793e-16,False
2021-09-28 16:00:00,1.1289202566917767e-16,False
2021-09-28 16:10:00,1.2961800476096268e-16,False
2021-09-28 16:20:00,1.4022909003633849e-16,False
2021-09-28 16:30:00,1.216368138972737e-16,False
2021-09-28 16:40:00,1.1805839380810893e-16,False
2021-09-28 16:50:00,1.2179630525162464e-16,False
2021-09-28 17:00:00,1.3696283864581617e-16,False
2021-09-28 17:10:00,1.3476613440294424e-16,False
2021-09-28 17:20:00,,False
2021-09-28 17:30:00,1.1593715803332468e-16,False
2021-09-28 17:40:00,1.1521796382093696e-16,False
2021-09-28 17:50:00,1.0385231306729263e-16,False
2021-09-28 18:00:00,1.3303664991546266e-16,False
2021-09-28 18:10:00,1.3066358658227493e-16,False
2021-09-28 18:20:00,1.1683804718208836e-16,False
2021-09-28 18:30:00,1.2133405333581844e-16,False
2021-09-28 18:40:00,1.366777259612281e-16,False
2021-09-28 18:50:00,1.4602762370921396e-16,False
2021-09-28 19:00:00,1.209733689959675e-16,False
2021-09-28 19:10:00,1.3581399064389744e-16,False
2021-09-28 19:20:00,1.247605991483518e-16,False
2021-09-28 19:30:00,1.4216688570234477e-16,False
2021-09-28 19:40:00,1.1510157828854822e-16,False
2021-09-28 19:50:00,1.2887849551433256e-16,False
2021-09-28 20:00:00,,False
2021-09-28 20:10:00,1.1706642694414316e-16,False
2021-09-28 20:20:00,1.1553086563971178e-16,False
2021-09-28 20:30:00,1.1315059132689194e-16,False
2021-09-28 20:40:00,1.3312288136233104e-16,False
2021-09-28 20:50:00,1.1252430468419427e-16,False
2021-09-28 21:00:00,1.5109204742524982e-16,False
2021-09-28 21:10:00,1.2126503707095875e-16,False
2021-09-28 21:20:00,1.2241465667294925e-16,False
2021-09-28 21:30:00,,False
2021-09-28 21:40:00,1.2392109169916433e-16,False
2021-09-28 21:50:00,1.1332841648743587e-16,False
2021-09-28 22:00:00,1.0340048010035954e-16,False
2021-09-28 22:10:00,,False
2021-09-28 22:20:00,1.1280595757783638e-16,False
2021-09-28 22:30:00,1.0947201122177031e-16,False
2021-09-28 22:40:00,1.4655427163226415e-16,False
2021-09-28 22:50:00,1.1593989933940207e-16,False
2021-09-28 23:00:00,1.1737943885273488e-16,False
2021-09-28 23:10:00,1.2986641533858756e-16,False
2021-09-28 23:20:00,1.155928345327679e-16,False
2021-09-28 23:30:00,1.3474500236327091e-16,False
2021-09-28 23:40:00,1.198912073275754e-16,False
2021-09-28 23:50:00,1.1252450022890972e-16,False
2021-09-29 00:00:00,1.341246171269954e-16,False
2021-09-29 00:10:00,1.4908988585885655e-16,False
2021-09-29 00:20:00,1.2624555057753298e-16,False
2021-09-29 00:30:00,1.0079483391644847e-16,False
2021-09-29 00:40:00,1.0262378749186206e-16,False
2021-09-29 00:50:00,1.2010642022177564e-16,False
2021-09-29 01:00:00,1.4953016520031481e-16,False
2021-09-29 01:10:00,1.2671039618489333e-16,False
2021-09-29 01:20:00,1.3935005911062426e-16,False
2021-09-29 01:30:00,1.1270281882988313e-16,False
2021-09-29 01:40:00,1.1877681378919175e-16,False
2021-09-29 01:50:00,1.0315993554209126e-16,False
2021-09-29 02:00:00,,False
2021-09-29 02:10:00,1.364203066307537e-16,False
2021-09-29 02:20:00,1.1507358600655177e-16,False
2021-09-29 02:30:00,1.240988056310896e-16,False
2021-09-29 02:40:00,1.4201509000107875e-16,False
2021-09-29 02:50:00,1.3794927787772522e-16,False
2021-09-29 03:00:00,1.1619025441513253e-16,False
2021-09-29 03:10:00,1.2749548646227786e-16,False
2021-09-29 03:20:00,9.773322806169444e-17,False
2021-09-29 03:30:00,1.4936586059839636e-16,False
2021-09-29 03:40:00,1.14936997515931e-16,False
2021-09-29 03:50:00,1.3052220886230105e-16,False
2021-09-29 04:00:00,1.175373412919313e-16,False
2021-09-29 04:10:00,1.1645266013839178e-16,False
2021-09-29 04:20:00,1.327761818658319e-16,False
2021-09-29 04:30:00,1.0825163697631507e-16,False
2021-09-29 04:40:00,1.445459292087487e-16,False
2021-09-29 04:50:00,1.1355814957659457e-16,False
2021-09-29 05:00:00,1.1904044949827618e-16,False
2021-09-29 05:10:00,1.0888689746289977e-16,False
2021-09-29 05:20:00,1.1704667397929064e-16,False
2021-09-29 05:30:00,1.1763600384108644e-16,False
2021-09-29 05:40:00,1.2025693166816914e-16,False
2021-09-29 05:50:00,1.2934379429037303e-16,False
2021-09-29 06:00:00,1.2742594034930457e-16,False
2021-09-29 06:10:00,1.1569421939506302e-16,False
2021-09-29 06:20:00,1.0005869958728827e-16,False
2021-09-29 06:30:00,1.1107874526647963e-16,False
2021-09-29 06:40:00,1.2081063478448098e-16,False
2021-09-29 06:50:00,9.580647649616359e-17,False
2021-09-29 07:00:00,1.2938587715369785e-16,False
2021-09-29 07:10:00,9.850496284639049e-17,False
2021-09-29 07:20:00,,False
2021-09-29 07:30:00,1.3203217651439526e-16,False
2021-09-29 07:40:00,9.003152751997997e-17,False
2021-09-29 07:50:00,9.583352034944606e-17,False
2021-09-29 08:00:00,1.2177201033187993e-16,False
2021-09-29 08:10:00,1.0957414623135959e-16,False
2021-09-29 08:20:00,1.1113813533234713e-16,False
2021-09-29 08:30:00,1.385087213461847e-16,False
2021-09-29 08:40:00,1.3389272618340184e-16,False
2021-09-29 08:50:00,1.2829854860030496e-16,False
2021-09-29 09:00:00,1.3755757304954736e-16,False
2021-09-29 09:10:00,1.3010967122272333e-16,False
2021-09-29 09:20:00,1.1972412552521464e-16,False
2021-09-29 09:30:00,1.211804791907629e-16,False
2021-09-29 09:40:00,1.202157959849095e-16,False
2021-09-29 09:50:00,1.2948526493283892e-16,False
2021-09-29 10:00:00,1.351473703354624e-16,False
2021-09-29 10:10:00,1.1566383262368667e-16,False
2021-09-29 10:20:00,1.1353178236547608e-16,False
2021-09-29 10:30:00,1.3042096850386207e-16,False
2021-09-29 10:40:00,1.4233605601083318e-16,False
2021-09-29 10:50:00,1.306963771774871e-16,False
2021-09-29 11:00:00,1.4204090258322337e-16,False
2021-09-29 11:10:00,1.326966849912203e-16,False
2021-09-29 11:20:00,9.855387537076266e-17,False
2021-09-29 11:30:00,,False
2021-09-29 11:40:00,1.054463605675219e-16,False
2021-09-29 11:50:00,1.2171110314723267e-16,False
2021-09-29 12:00:00,1.3155445556654962e-16,False
2021-09-29 12:10:00,1.093298345876237e-16,False
2021-09-29 12:20:00,1.3303391125417145e-16,False
2021-09-29 12:30:00,1.3192468014179612e-16,False
2021-09-29 12:40:00,1.0668095373632415e-16,False
2021-09-29 12:50:00,1.2747453842595914e-16,False
2021-09-29 13:00:00,1.2893472877556789e-16,False
2021-09-29 13:10:00,1.2051426374648543e-16,False
2021-09-29 13:20:00,1.251251163274037e-16,False
2021-09-29 13:30:00,1.3279373185054132e-16,False
2021-09-29 13:40:00,,False
2021-09-29 13:50:00,1.0072945923286044e-16,False
2021-09-29 14:00:00,,False
2021-09-29 14:10:00,1.3555649348190921e-16,False
2021-09-29 14:20:00,1.3085894591545446e-16,False
2021-09-29 14:30:00,1.1731497992626171e-16,False
2021-09-29 14:40:00,1.1131413983410573e-16,False
2021-09-29 14:50:00,1.237489706633846e-16,False
2021-09-29 15:00:00,1.0673449367364166e-16,False
2021-09-29 15:10:00,1.208262143661386e-16,False
2021-09-29 15:20:00,1.163184261856672e-16,False
2021-09-29 15:30:00,1.1577752388943196e-16,False
2021-09-29 15:40:00,1.1038399592053944e-16,False
2021-09-29 15:50:00,1.159279276011188e-16,False
2021-09-29 16:00:00,1.2621371612375295e-16,False
2021-09-29 16:10:00,1.415679625239422e-16,False
2021-09-29 16:20:00,,False
2021-09-29 16:30:00,1.3438353904349356e-16,False
2021-09-29 16:40:00,1.3465511943845145e-16,False
2021-09-29 16:50:00,1.3497201135341452e-16,False
2021-09-29 17:00:00,1.1182809121084406e-16,False
2021-09-29 17:10:00,1.0504256395767191e-16,False
2021-09-29 17:20:00,1.1109531174409137e-16,False
2021-09-29 17:30:00,1.2569488114541793e-16,False
2021-09-29 17:40:00,1.3062035838817724e-16,False
2021-09-29 17:50:00,1.266026444960132e-16,False
2021-09-29 18:00:00,,False
2021-09-29 18:10:00,1.2360750822538808e-16,False
2021-09-29 18:20:00,1.117785474150844e-16,False
2021-09-29 18:30:00,1.151203763322573e-16,False
2021-09-29 18:40:00,1.0296370829465307e-16,False
2021-09-29 18:50:00,1.243643599079037e-16,False
2021-09-29 19:00:00,1.282675528815363e-16,False
2021-09-29 19:10:00,1.4489924603716366e-16,False
2021-09-29 19:20:00,1.0141976509063294e-16,False
2021-09-29 19:30:00,1.2962672637558737e-16,False
2021-09-29 19:40:00,,False
2021-09-29 19:50:00,1.0883919891381882e-16,False
2021-09-29 20:00:00,1.3640338412809868e-16,False
2021-09-29 20:10:00,1.1668204331492845e-16,False
2021-09-29 20:20:00,1.1285268393916215e-16,False
2021-09-29 20:30:00,1.1082509215663434e-16,False
2021-09-29 20:40:00,1.3445245183153721e-16,False
2021-09-29 20:50:00,1.3063112790248653e-16,False
2021-09-29 21:00:00,1.402235123380342e-16,False
2021-09-29 21:10:00,,False
2021-09-29 21:20:00,1.198923673818476e-16,False
2021-09-29 21:30:00,1.2223434987080908e-16,False
2021-09-29 21:40:00,1.2786193562533812e-16,False
2021-09-29 21:50:00,1.1692158273660583e-16,False
2021-09-29 22:00:00,1.0477693912403686e-16,False
2021-09-29 22:10:00,1.3138033062372426e-16,False
2021-09-29 22:20:00,1.1967293557679211e-16,False
2021-09-29 22:30:00,,False
2021-09-29 22:40:00,,False
2021-09-29 22:50:00,1.287067557383365e-16,False
2021-09-29 23:00:00,1.2079038068454055e-16,False
2021-09-29 23:10:00,1.1393077841014516e-16,False
2021-09-29 23:20:00,1.0596035093979863e-16,False
2021-09-29 23:30:00,1.3148743062031161e-16,False
2021-09-29 23:40:00,1.0866383967719311e-16,False
2021-09-29 23:50:00,1.0640802924973665e-16,False
2021-09-30 00:00:00,1.0620675050402038e-16,False
2021-09-30 00:10:00,1.314242125639371e-16,False
2021-09-30 00:20:00,1.037843846626799e-16,False
2021-09-30 00:30:00,1.2442447474994735e-16,False
2021-09-30 00:40:00,1.4438318969624665e-16,False
2021-09-30 00:50:00,1.0220072907149428e-16,False
2021-09-30 01:00:00,1.0299393782076177e-16,False
2021-09-30 01:10:00,1.186757763141103e-16,False
2021-09-30 01:20:00,1.1575044264258656e-16,False
2021-09-30 01:30:00,1.1544750075549405e-16,False
2021-09-30 01:40:00,1.1879479239139254e-16,False
2021-09-30 01:50:00,1.1653565789366783e-16,False
2021-09-30 02:00:00,1.2939725798281755e-16,False
2021-09-30 02:10:00,1.2802130786495577e-16,False
2021-09-30 02:20:00,1.1476566835939693e-16,False
2021-09-30 02:30:00,1.3945054397739628e-16,False
2021-09-30 02:40:00,1.0369925191593636e-16,False
2021-09-30 02:50:00,1.4468666882757328e-16,False
2021-09-30 03:00:00,1.2128378699525371e-16,False
2021-09-30 03:10:00,1.203691454093963e-16,False
2021-09-30 03:20:00,1.2390246978961622e-16,False
2021-09-30 03:30:00,1.353092427841051e-16,False
2021-09-30 03:40:00,1.1786074681973962e-16,False
2021-09-30 03:50:00,1.21703902683011e-16,False
2021-09-30 04:00:00,9.737496460724808e-17,False
2021-09-30 04:10:00,1.184291857392722e-16,False
2021-09-30 04:20:00,1.168500274504384e-16,False
2021-09-30 04:30:00,1.3645702053666873e-16,False
2021-09-30 04:40:00,1.2509365228162793e-16,False
2021-09-30 04:50:00,1.380102586731941e-16,False
2021-09-30 05:00:00,1.501799029685984e-16,False
2021-09-30 05:10:00,1.2988075488599808e-16,False
2021-09-30 05:20:00,1.0957627308310277e-16,False
2021-09-30 05:30:00,1.1505699221109043e-16,False
2021-09-30 05:40:00,1.1750821237467555e-16,False
2021-09-30 05:50:00,1.2785228874111386e-16,False
2021-09-30 06:00:00,1.0486390432844153e-16,False
2021-09-30 06:10:00,1.1976786570452237e-16,False
2021-09-30 06:20:00,1.237711433589568e-16,False
2021-09-30 06:30:00,1.4272851376715344e-16,False
2021-09-30 06:40:00,1.149925701481988e-16,False
2021-09-30 06:50:00,1.3822357811116176e-16,False
2021-09-30 07:00:00,1.1177190937335837e-16,False
2021-09-30 07:10:00,1.1473531293119692e-16,False
2021-09-30 07:20:00,1.3019493146691523e-16,False
2021-09-30 07:30:00,1.3504682942884094e-16,False
2021-09-30 07:40:00,1.3025143039207833e-16,False
2021-09-30 07:50:00,1.280862376869636e-16,False
2021-09-30 08:00:00,1.0877468762049496e-16,False
2021-09-30 08:10:00,1.1512813202205339e-16,False
2021-09-30 08:20:00,1.2696946950632988e-16,False
2021-09-30 08:30:00,1.060266984396454e-16,False
2021-09-30 08:40:00,1.187905926288047e-16,False
2021-09-30 08:50:00,1.233467041890212e-16,False
2021-09-30 09:00:00,1.2289556315821634e-16,False
2021-09-30 09:10:00,1.11107228237153e-16,False
2021-09-30 09:20:00,1.1493077568417688e-16,False
2021-09-30 09:30:00,1.4993387810275818e-16,False
2021-09-30 09:40:00,1.2194938810504224e-16,False
2021-09-30 09:50:00,,False
2021-09-30 10:00:00,1.3986642562001338e-16,False
2021-09-30 10:10:00,1.197683040931901e-16,False
2021-09-30 10:20:00,1.3229974537535168e-16,False
2021-09-30 10:30:00,1.2478358163680098e-16,False
2021-09-30 10:40:00,1.1859694267605285e-16,False
2021-09-30 10:50:00,1.1929830688429073e-16,False
2021-09-30 11:00:00,1.2365075299699826e-16,False
2021-09-30 11:10:00,9.516337382605784e-17,False
2021-09-30 11:20:00,1.4280002487363217e-16,False
2021-09-30 11:30:00,1.2234976871603167e-16,False
2021-09-30 11:40:00,1.1466873348097285e-16,False
2021-09-30 11:50:00,1.3194424918246977e-16,False
2021-09-30 12:00:00,1.1527781692180262e-16,False
2021-09-30 12:10:00,1.1916298512788407e-16,False
2021-09-30 12:20:00,1.302744778503019e-16,False
2021-09-30 12:30:00,1.3342695917246912e-16,False
2021-09-30 12:40:00,1.3086795174252493e-16,False
2021-09-30 12:50:00,1.1478243926549673e-16,False
2021-09-30 13:00:00,1.1385639363544325e-16,False
2021-09-30 13:10:00,1.30117335246277e-16,False
2021-09-30 13:20:00,1.4226039733876235e-16,False
2021-09-30 13:30:00,9.630461303724451e-17,False
2021-09-30 13:40:00,1.1952194230271697e-16,False
2021-09-30 13:50:00,,False
2021-09-30 14:00:00,,False
2021-09-30 14:10:00,1.0351912270369127e-16,False
2021-09-30 14:20:00,9.590139400344728e-17,False
2021-09-30 14:30:00,1.282413905609843e-16,False
2021-09-30 14:40:00,1.349156760386964e-16,False
2021-09-30 14:50:00,1.2375700884327993e-16,False
2021-09-30 15:00:00,1.17834406232988e-16,False
2021-09-30 15:10:00,1.2152665832738994e-16,False
2021-09-30 15:20:00,1.3606703370871065e-16,False
2021-09-30 15:30:00,,False
2021-09-30 15:40:00,9.891661366062384e-17,False
2021-09-30 15:50:00,1.0174454659117965e-16,False
2021-09-30 16:00:00,1.1511407947002102e-16,False
2021-09-30 16:10:00,1.0137409495767303e-16,False
2021-09-30 16:20:00,1.318448010035185e-16,False
2021-09-30 16:30:00,1.143852229551516e-16,False
2021-09-30 16:40:00,1.304272064908311e-16,False
2021-09-30 16:50:00,1.0936150093268262e-16,False
2021-09-30 17:00:00,1.206108134188632e-16,False
2021-09-30 17:10:00,1.1910099351215365e-16,False
2021-09-30 17:20:00,1.4006701118172426e-16,False
2021-09-30 17:30:00,1.356142270025346e-16,False
2021-09-30 17:40:00,,False
2021-09-30 17:50:00,1.2319898796917416e-16,False
2021-09-30 18:00:00,1.2202312133387018e-16,False
2021-09-30 18:10:00,1.0688821464637473e-16,False
2021-09-30 18:20:00,1.4278759861980796e-16,False
2021-09-30 18:30:00,1.3726735016403373e-16,False
2021-09-30 18:40:00,1.1184835967987453e-16,False
2021-09-30 18:50:00,,False
2021-09-30 19:00:00,1.067186695810889e-16,False
2021-09-30 19:10:00,1.0437248508612216e-16,False
2021-09-30 19:20:00,1.347815323325162e-16,False
2021-09-30 19:30:00,1.1548217146530064e-16,False
2021-09-30 19:40:00,1.163708469832431e-16,False
2021-09-30 19:50:00,1.328330583222064e-16,False
2021-09-30 20:00:00,1.2719783411436928e-16,False
2021-09-30 20:10:00,1.5497407907696208e-16,False
2021-09-30 20:20:00,1.2598634864788271e-16,False
2021-09-30 20:30:00,1.2147867138755523e-16,False
2021-09-30 20:40:00,1.3626888278189412e-16,False
2021-09-30 20:50:00,1.234943090011014e-16,False
2021-09-30 21:00:00,1.3210737791717013e-16,False
2021-09-30 21:10:00,1.0703446558991432e-16,False
2021-09-30 21:20:00,1.421550294199883e-16,False
2021-09-30 21:30:00,1.3621554419311228e-16,False
2021-09-30 21:40:00,1.2149418740229836e-16,False
2021-09-30 21:50:00,1.2539171382018992e-16,False
2021-09-30 22:00:00,1.3051292077247436e-16,False
2021-09-30 22:10:00,1.335567572784528e-16,False
2021-09-30 22:20:00,1.1344102239527375e-16,False
2021-09-30 22:30:00,1.160005245399589e-16,False
2021-09-30 22:40:00,1.1655926499040844e-16,False
2021-09-30 22:50:00,1.3556918663163035e-16,False
2021-09-30 23:00:00,1.2429155998854222e-16,False
2021-09-30 23:10:00,1.2976716843718268e-16,False
2021-09-30 23:20:00,1.3274082082362686e-16,False
2021-09-30 23:30:00,1.412795795271523e-16,False
2021-09-30 23:40:00,1.256808884777553e-16,False
2021-09-30 23:50:00,1.036421022590651e-16,False
2021-10-01 00:00:00,-1.0716809338844762,False
2021-10-01 00:10:00,-1.1280628437051778,False
2021-10-01 00:20:00,-1.1105068315671527,False
2021-10-01 00:30:00,-0.974081136662077,False
2021-10-01 00:40:00,-0.7668546837801034,False
2021-10-01 00:50:00,-0.945690814040694,False
2021-10-01 01:00:00,-0.8869028161221335,False
2021-10-01 01:10:00,,False
2021-10-01 01:20:00,-1.015687977308495,False
2021-10-01 01:30:00,-0.8358818013428521,False
2021-10-01 01:40:00,-1.0613710462295476,False
2021-10-01 01:50:00,-0.8378396521995748,False
2021-10-01 02:00:00,-0.9064692099065405,False
2021-10-01 02:10:00,-0.9099639627033563,False
2021-10-01 02:20:00,-0.8275348694416954,False
2021-10-01 02:30:00,-1.0440357512560863,False
2021-10-01 02:40:00,-1.0928960093360451,False
2021-10-01 02:50:00,-0.9404825631299,False
2021-10-01 03:00:00,,False
2021-10-01 03:10:00,-1.0582448371434192,False
2021-10-01 03:20:00,-1.0490153465003373,False
2021-10-01 03:30:00,-0.9735575737560507,False
2021-10-01 03:40:00,-1.043002619730168,False
2021-10-01 03:50:00,-0.9005943228703261,False
2021-10-01 04:00:00,-1.0707507261732996,False
2021-10-01 04:10:00,-1.0140880721899124,False
2021-10-01 04:20:00,-0.8185432547840956,False
2021-10-01 04:30:00,-0.9002176031069857,False
2021-10-01 04:40:00,-1.0490838692824864,False
2021-10-01 04:50:00,-0.9580499776672823,False
2021-10-01 05:00:00,-1.0227390808133463,False
2021-10-01 05:10:00,-0.9254238998163921,False
2021-10-01 05:20:00,-0.8719150149420003,False
2021-10-01 05:30:00,-1.014975952215104,False
2021-10-01 05:40:00,-0.875675949140445,False
2021-10-01 05:50:00,-1.0315509084275827,False
2021-10-01 06:00:00,-1.0648314559044012,False
2021-10-01 06:10:00,-0.9747768039946473,False
2021-10-01 06:20:00,,False
2021-10-01 06:30:00,-1.074395475480842,False
2021-10-01 06:40:00,,False
2021-10-01 06:50:00,-0.9734324226877673,False
2021-10-01 07:00:00,-0.9532405147071572,False
2021-10-01 07:10:00,-1.0863790094986796,False
2021-10-01 07:20:00,-1.0320277165959444,False
2021-10-01 07:30:00,-0.8815029231689829,False
2021-10-01 07:40:00,-1.0325329286380178,False
2021-10-01 07:50:00,-1.12547988839297,False
2021-10-01 08:00:00,-1.2550486497566455,False
2021-10-01 08:10:00,-1.0604868453175438,False
2021-10-01 08:20:00,-0.9252200302915385,False
2021-10-01 08:30:00,,False
2021-10-01 08:40:00,-1.00503474025798,False
2021-10-01 08:50:00,-0.8173253888656101,False
2021-10-01 09:00:00,,False
2021-10-01 09:10:00,-1.282269162129242,False
2021-10-01 09:20:00,-0.9370555622815006,False
2021-10-01 09:30:00,-0.9837377370947868,False
2021-10-01 09:40:00,-1.1694172115162098,False
2021-10-01 09:50:00,-0.789748606841937,False
2021-10-01 10:00:00,-1.2050295165055664,False
2021-10-01 10:10:00,-0.9997935721805855,False
2021-10-01 10:20:00,-0.9553234926567171,False
2021-10-01 10:30:00,,False
2021-10-01 10:40:00,-0.9540308817324775,False
2021-10-01 10:50:00,-1.0294173392617165,False
2021-10-01 11:00:00,-0.9945380250039159,False
2021-10-01 11:10:00,-0.8346010954750027,False
2021-10-01 11:20:00,-1.0546006749846384,False
2021-10-01 11:30:00,-1.066195184795852,False
2021-10-01 11:40:00,-0.8934173447400723,False
2021-10-01 11:50:00,-0.9893258598168718,False
2021-10-01 12:00:00,-1.0869380447436854,False
2021-10-01 12:10:00,-0.9859011561616703,False
2021-10-01 12:20:00,,False
2021-10-01 12:30:00,-0.8413016910738018,False
2021-10-01 12:40:00,-1.17492707257697,False
2021-10-01 12:50:00,-1.0131647509919337,False
2021-10-01 13:00:00,-0.9869605658936572,False
2021-10-01 13:10:00,-0.6889737293093983,False
2021-10-01 13:20:00,-1.1081129273039119,False
2021-10-01 13:30:00,-1.108573822766428,False
2021-10-01 13:40:00,,False
2021-10-01 13:50:00,-0.9216529854086176,False
2021-10-01 14:00:00,-1.0789489605852307,False
2021-10-01 14:10:00,-1.045484093235472,False
2021-10-01 14:20:00,-0.876127301283445,False
2021-10-01 14:30:00,-0.930967166463537,False
2021-10-01 14:40:00,-1.0764056055460314,False
2021-10-01 14:50:00,-1.018276474341817,False
2021-10-01 15:00:00,,False
2021-10-01 15:10:00,-1.054859279796497,False
2021-10-01 15:20:00,-1.0302308599873757,False
2021-10-01 15:30:00,-0.9272209255218631,False
2021-10-01 15:40:00,-0.9364643504466615,False
2021-10-01 15:50:00,-0.9965107086628802,False
2021-10-01 16:00:00,-1.1078744478818092,False
2021-10-01 16:10:00,-1.0844433548235857,False
2021-10-01 16:20:00,-0.8619123595836662,False
2021-10-01 16:30:00,-0.9116537865026576,False
2021-10-01 16:40:00,-0.9332219151641309,False
2021-10-01 16:50:00,-0.972572027599725,False
2021-10-01 17:00:00,-0.8495900329291358,False
2021-10-01 17:10:00,-0.9952671782106675,False
2021-10-01 17:20:00,-0.8425185658353823,False
2021-10-01 17:30:00,-0.859399108003149,False
2021-10-01 17:40:00,-1.0539626990792945,False
2021-10-01 17:50:00,-0.9264024573424657,False
2021-10-01 18:00:00,-1.0910718304502696,False
2021-10-01 18:10:00,-0.8940712214529689,False
2021-10-01 18:20:00,-0.9820972262416163,False
2021-10-01 18:30:00,-0.9319711265377576,False
2021-10-01 18:40:00,-1.0240644004683686,False
2021-10-01 18:50:00,-0.9824934798219906,False
2021-10-01 19:00:00,-1.0612046927091836,False
2021-10-01 19:10:00,-0.9883400337827986,False
2021-10-01 19:20:00,-1.067540812255019,False
2021-10-01 19:30:00,-1.006137852387422,False
2021-10-01 19:40:00,-1.104338018945903,False
2021-10-01 19:50:00,-1.0410910442316568,False
2021-10-01 20:00:00,-0.9183551091427584,False
2021-10-01 20:10:00,-0.8834881832305715,False
2021-10-01 20:20:00,-1.0828984719760195,False
2021-10-01 20:30:00,-1.0565835716525196,False
2021-10-01 20:40:00,-0.9728133885991522,False
2021-10-01 20:50:00,-1.038513543586589,False
2021-10-01 21:00:00,-0.7127080770792378,False
2021-10-01 21:10:00,-0.9304752667130853,False
2021-10-01 21:20:00,-1.0022075420751309,False
2021-10-01 21:30:00,-0.9931374509951213,False
2021-10-01 21:40:00,-0.922710920115083,False
2021-10-01 21:50:00,-1.111590763706004,False
2021-10-01 22:00:00,-1.0073555235515663,False
2021-10-01 22:10:00,-0.8387044980697276,False
2021-10-01 22:20:00,-0.9794208118437254,False
2021-10-01 22:30:00,-0.8078326006725887,False
2021-10-01 22:40:00,-0.9539941705977192,False
2021-10-01 22:50:00,-0.9521440961336517,False
2021-10-01 23:00:00,-1.1526605543831656,False
2021-10-01 23:10:00,-1.1610547211323863,False
2021-10-01 23:20:00,-1.0417558842556338,False
2021-10-01 23:30:00,-1.0436736984257644,False
2021-10-01 23:40:00,-0.985471265865208,False
2021-10-01 23:50:00,-1.0009386402968132,False
2021-10-02 00:00:00,-1.1221238451239923,False
2021-10-02 00:10:00,-1.0673270165080913,False
2021-10-02 00:20:00,-1.1043528240501965,False
2021-10-02 00:30:00,-0.9764577979516161,False
2021-10-02 00:40:00,-0.9565399826243137,False
2021-10-02 00:50:00,,False
2021-10-02 01:00:00,-0.9162804633839945,False
2021-10-02 01:10:00,-0.9475178709189174,False
2021-10-02 01:20:00,-0.818321028694929,False
2021-10-02 01:30:00,-0.7592977494275431,False
2021-10-02 01:40:00,-1.0330514552004353,False
2021-10-02 01:50:00,-0.9450767139349916,False
2021-10-02 02:00:00,-0.9812063484611736,False
2021-10-02 02:10:00,-1.2946710937584776,False
2021-10-02 02:20:00,,False
2021-10-02 02:30:00,-0.8217069888245225,False
2021-10-02 02:40:00,-1.0186671998316714,False
2021-10-02 02:50:00,-1.032914562292952,False
2021-10-02 03:00:00,-0.9221193903313769,False
2021-10-02 03:10:00,-1.067804492188583,False
2021-10-02 03:20:00,-0.9088056410272765,False
2021-10-02 03:30:00,-1.0487960524994049,False
2021-10-02 03:40:00,-0.843580245648029,False
2021-10-02 03:50:00,-0.9640335575735932,False
2021-10-02 04:00:00,-0.9472426000495004,False
2021-10-02 04:10:00,-0.875639724770819,False
2021-10-02 04:20:00,-1.0939311735698896,False
2021-10-02 04:30:00,-0.9029950764221929,False
2021-10-02 04:40:00,-0.9138153167194217,False
2021-10-02 04:50:00,-1.2683926668972076,False
2021-10-02 05:00:00,-1.2107439754157592,False
2021-10-02 05:10:00,-1.060512910455947,False
2021-10-02 05:20:00,-1.058938894446874,False
2021-10-02 05:30:00,-0.9284959493899775,False
2021-10-02 05:40:00,-0.9556072528559858,False
2021-10-02 05:50:00,-1.1415554952259426,False
2021-10-02 06:00:00,-0.9670377943424967,False
2021-10-02 06:10:00,-0.9548171161809531,False
2021-10-02 06:20:00,-1.0410897693936558,False
2021-10-02 06:30:00,-1.0433099511036161,False
2021-10-02 06:40:00,-0.917538462536218,False
2021-10-02 06:50:00,-1.2773064735405977,False
2021-10-02 07:00:00,-0.796571648186674,False
2021-10-02 07:10:00,-0.9592879042027995,False
2021-10-02 07:20:00,-1.0877337581891275,False
2021-10-02 07:30:00,-0.9624824207597621,False
2021-10-02 07:40:00,-1.0446845299051613,False
2021-10-02 07:50:00,-0.8977179827908954,False
2021-10-02 08:00:00,-0.8506093048628218,False
2021-10-02 08:10:00,-1.0655217316343637,False
2021-10-02 08:20:00,-1.0418541684142708,False
2021-10-02 08:30:00,-1.0209686914425828,False
2021-10-02 08:40:00,-0.9862198926207922,False
2021-10-02 08:50:00,-0.9451917387476743,False
2021-10-02 09:00:00,-0.8945418219794089,False
2021-10-02 09:10:00,-0.9236522564143387,False
2021-10-02 09:20:00,-1.0673452559526975,False
2021-10-02 09:30:00,-0.9552707326897176,False
2021-10-02 09:40:00,-1.0018062704081399,False
2021-10-02 09:50:00,-0.9316554393295702,False
2021-10-02 10:00:00,-1.18130474287643,False
2021-10-02 10:10:00,-1.090552704853974,False
2021-10-02 10:20:00,-1.0297221096804734,False
2021-10-02 10:30:00,-0.9473066872423579,False
2021-10-02 10:40:00,-0.8985712803390613,False
2021-10-02 10:50:00,-0.7346835323198513,False
2021-10-02 11:00:00,-0.9269371701248996,False
2021-10-02 11:10:00,-1.020047902512941,False
2021-10-02 11:20:00,-0.9639202844617404,False
2021-10-02 11:30:00,-1.2370852090283007,False
2021-10-02 11:40:00,-1.0276322410196652,False
2021-10-02 11:50:00,-0.994094348814025,False
2021-10-02 12:00:00,-1.0016489045726142,False
2021-10-02 12:10:00,-0.9172074367322507,False
2021-10-02 12:20:00,-0.9383022996221652,False
2021-10-02 12:30:00,-0.7448464443560452,False
2021-10-02 12:40:00,-1.104349205622113,False
2021-10-02 12:50:00,-1.053866353972116,False
2021-10-02 13:00:00,-0.9635024008162119,False
2021-10-02 13:10:00,-1.0383097082352453,False
2021-10-02 13:20:00,-1.1943746356559284,False
2021-10-02 13:30:00,-1.0170336721190623,False
2021-10-02 13:40:00,-1.0609813893428814,False
2021-10-02 13:50:00,-1.117106732872223,False
2021-10-02 14:00:00,-1.0182328391213225,False
2021-10-02 14:10:00,-1.117245502538665,False
2021-10-02 14:20:00,-0.8437365173946627,False
2021-10-02 14:30:00,-0.9208363813421632,False
2021-10-02 14:40:00,-1.0440010538520144,False
2021-10-02 14:50:00,-1.0721923744944268,False
2021-10-02 15:00:00,,False
2021-10-02 15:10:00,-0.8936954315452497,False
2021-10-02 15:20:00,-1.0551808239653062,False
2021-10-02 15:30:00,-1.1217962953869092,False
2021-10-02 15:40:00,-0.9866428862557458,False
2021-10-02 15:50:00,-1.0553868701408788,False
2021-10-02 16:00:00,-0.9617232737038286,False
2021-10-02 16:10:00,-1.0901625890954576,False
2021-10-02 16:20:00,-1.0095755598634604,False
2021-10-02 16:30:00,-1.0588727435430665,False
2021-10-02 16:40:00,-0.954443272785146,False
2021-10-02 16:50:00,-1.0809207205338873,False
2021-10-02 17:00:00,-1.0716028363578576,False
2021-10-02 17:10:00,-1.1208735284689617,False
2021-10-02 17:20:00,-1.128082703317543,False
2021-10-02 17:30:00,-1.0704029245070985,False
2021-10-02 17:40:00,,False
2021-10-02 17:50:00,-1.0485170077237895,False
2021-10-02 18:00:00,-0.9636237741382337,False
2021-10-02 18:10:00,-0.9273807717863254,False
2021-10-02 18:20:00,-0.8904325939167443,False
2021-10-02 18:30:00,-0.9903197548681482,False
2021-10-02 18:40:00,-1.0401560016412252,False
2021-10-02 18:50:00,-0.9618436447102018,False
2021-10-02 19:00:00,-1.0470128276003143,False
2021-10-02 19:10:00,,False
2021-10-02 19:20:00,-1.0193969710070399,False
2021-10-02 19:30:00,-0.8579007243216596,False
2021-10-02 19:40:00,-1.0644601094791672,False
2021-10-02 19:50:00,-1.0309784462936211,False
2021-10-02 20:00:00,-0.9884389577828862,False
2021-10-02 20:10:00,-0.8791229457151544,False
2021-10-02 20:20:00,-1.1988589087416117,False
2021-10-02 20:30:00,-0.9075823506663124,False
2021-10-02 20:40:00,-1.031376443791769,False
2021-10-02 20:50:00,-0.9437060497842013,False
2021-10-02 21:00:00,-0.9121819053484771,False
2021-10-02 21:10:00,-1.1282245545066463,False
2021-10-02 21:20:00,-0.9768574912716048,False
2021-10-02 21:30:00,-0.9490306558064475,False
2021-10-02 21:40:00,-0.939513409028848,False
2021-10-02 21:50:00,-0.9457557228313103,False
2021-10-02 22:00:00,-1.0294343000111679,False
2021-10-02 22:10:00,-1.1860964376314882,False
2021-10-02 22:20:00,-1.0800157218971624,False
2021-10-02 22:30:00,-1.0548956315622113,False
2021-10-02 22:40:00,-0.9534418614833823,False
2021-10-02 22:50:00,-1.0030935120896745,False
2021-10-02 23:00:00,-1.013082256628127,False
2021-10-02 23:10:00,-1.1969600339749111,False
2021-10-02 23:20:00,-0.902230657347541,False
2021-10-02 23:30:00,-1.0463371178289198,False
2021-10-02 23:40:00,-1.0316743534359702,False
2021-10-02 23:50:00,-0.9326048642702367,False
2021-10-03 00:00:00,-1.0456126720573493,False
2021-10-03 00:10:00,-0.779868934990966,False
2021-10-03 00:20:00,-0.9384537492187888,False
2021-10-03 00:30:00,-1.1648456830242009,False
2021-10-03 00:40:00,-1.0172251258464717,False
2021-10-03 00:50:00,-1.293459779976198,False
2021-10-03 01:00:00,-0.9229379643382525,False
2021-10-03 01:10:00,-0.9812118224131156,False
2021-10-03 01:20:00,-1.1254829808274394,False
2021-10-03 01:30:00,-1.0442741319628368,False
2021-10-03 01:40:00,-1.0964273955318868,False
2021-10-03 01:50:00,-0.87245389880432,False
2021-10-03 02:00:00,-0.9824211792608393,False
2021-10-03 02:10:00,-1.1466930407994929,False
2021-10-03 02:20:00,-1.10563964511513,False
2021-10-03 02:30:00,-1.0318418558893898,False
2021-10-03 02:40:00,-0.9743764476493137,False
2021-10-03 02:50:00,-1.0189211054554568,False
2021-10-03 03:00:00,-1.24549883286931,False
2021-10-03 03:10:00,-1.0747022565325741,False
2021-10-03 03:20:00,,False
2021-10-03 03:30:00,-0.9490915255109355,False
2021-10-03 03:40:00,-0.9834393985044281,False
2021-10-03 03:50:00,-0.9361621802006096,False
2021-10-03 04:00:00,,False
2021-10-03 04:10:00,-0.9927987339515539,False
2021-10-03 04:20:00,-0.9075580279753274,False
2021-10-03 04:30:00,-1.0007638481273549,False
2021-10-03 04:40:00,-0.9533529460498109,False
2021-10-03 04:50:00,-0.9836789116623088,False
2021-10-03 05:00:00,-0.8989017335721989,False
2021-10-03 05:10:00,-0.9823381618124853,False
2021-10-03 05:20:00,-1.1066651822183324,False
2021-10-03 05:30:00,-0.9441595277558085,False
2021-10-03 05:40:00,,False
2021-10-03 05:50:00,-1.0407985799837254,False
2021-10-03 06:00:00,-0.9751558860619934,False
2021-10-03 06:10:00,-0.879612574335757,False
2021-10-03 06:20:00,-1.0066156406060376,False
2021-10-03 06:30:00,,False
2021-10-03 06:40:00,-1.0888646307534247,False
2021-10-03 06:50:00,-0.999725384619917,False
2021-10-03 07:00:00,-1.0927461873059467,False
2021-10-03 07:10:00,-1.0918817445872828,False
2021-10-03 07:20:00,-1.3401176258762877,False
2021-10-03 07:30:00,,False
2021-10-03 07:40:00,-1.0055267610407672,False
2021-10-03 07:50:00,-0.9276965896488356,False
2021-10-03 08:00:00,-0.8705123479349759,False
2021-10-03 08:10:00,,False
2021-10-03 08:20:00,-0.9906425430889512,False
2021-10-03 08:30:00,-0.7655376811870442,False
2021-10-03 08:40:00,-1.1555245833992922,False
2021-10-03 08:50:00,-0.9635180931772478,False
2021-10-03 09:00:00,-1.1070616899768007,False
2021-10-03 09:10:00,-0.8994372684847812,False
2021-10-03 09:20:00,-0.9138956219499126,False
2021-10-03 09:30:00,-0.8190612790187013,False
2021-10-03 09:40:00,-1.0544999643949948,False
2021-10-03 09:50:00,-0.9404143526273397,False
2021-10-03 10:00:00,-1.0220007551808892,False
2021-10-03 10:10:00,-0.9529935995798945,False
2021-10-03 10:20:00,-0.9903561307521139,False
2021-10-03 10:30:00,-0.9661209587983525,False
2021-10-03 10:40:00,-0.9414651474414186,False
2021-10-03 10:50:00,-1.1235949138120878,False
2021-10-03 11:00:00,-1.0416790494164319,False
2021-10-03 11:10:00,-0.8956038890625136,False
2021-10-03 11:20:00,-1.0111597324677057,False
2021-10-03 11:30:00,-0.9427970783012831,False
2021-10-03 11:40:00,-0.8836486047673241,False
2021-10-03 11:50:00,-1.1485472617344032,False
2021-10-03 12:00:00,-1.0281752105024577,False
2021-10-03 12:10:00,-0.7931958424371924,False
2021-10-03 12:20:00,-1.0341540123469644,False
2021-10-03 12:30:00,-1.0390435619357392,False
2021-10-03 12:40:00,-0.9992420877177021,False
2021-10-03 12:50:00,-0.8545759532344805,False
2021-10-03 13:00:00,-1.107606820650746,False
2021-10-03 13:10:00,-0.9136615619345761,False
2021-10-03 13:20:00,,False
2021-10-03 13:30:00,-0.8932194966652365,False
2021-10-03 13:40:00,-0.9252895115433494,False
2021-10-03 13:50:00,-0.9291527537780486,False
2021-10-03 14:00:00,-0.8607779337708614,False
2021-10-03 14:10:00,-1.1413665979221805,False
2021-10-03 14:20:00,-1.0694920889137065,False
2021-10-03 14:30:00,-0.9956435630497635,False
2021-10-03 14:40:00,-0.8604866113433054,False
2021-10-03 14:50:00,-1.120774674623545,False
2021-10-03 15:00:00,-0.948367468933575,False
2021-10-03 15:10:00,-0.9421454152282824,False
2021-10-03 15:20:00,-1.0559829871389783,False
2021-10-03 15:30:00,-0.9981974230943992,False
2021-10-03 15:40:00,,False
2021-10-03 15:50:00,-0.9996067760212329,False
2021-10-03 16:00:00,,False
2021-10-03 16:10:00,-0.923162504843025,False
2021-10-03 16:20:00,,False
2021-10-03 16:30:00,-1.0005797316784184,False
2021-10-03 16:40:00,-0.833068964049237,False
2021-10-03 16:50:00,-1.0672962013604308,False
2021-10-03 17:00:00,-0.9275980956259464,False
2021-10-03 17:10:00,-0.9252365558829438,False
2021-10-03 17:20:00,-1.2114573132952358,False
2021-10-03 17:30:00,-0.961032859061628,False
2021-10-03 17:40:00,-0.951846157812865,False
2021-10-03 17:50:00,,False
2021-10-03 18:00:00,-0.8975508912301912,False
2021-10-03 18:10:00,-0.7992685868229011,False
2021-10-03 18:20:00,-0.9998937076650916,False
2021-10-03 18:30:00,-0.832582702010148,False
2021-10-03 18:40:00,-0.9732827892520891,False
2021-10-03 18:50:00,,False
2021-10-03 19:00:00,-0.9792482399753908,False
2021-10-03 19:10:00,-1.0112827306053134,False
2021-10-03 19:20:00,-1.2478211305334312,False
2021-10-03 19:30:00,-1.02205253845479,False
2021-10-03 19:40:00,-0.870938785084748,False
2021-10-03 19:50:00,-0.8666041091967598,False
2021-10-03 20:00:00,-1.029147077296966,False
2021-10-03 20:10:00,-0.8236062952287719,False
2021-10-03 20:20:00,-1.0868935504728074,False
2021-10-03 20:30:00,-1.1761764548534632,False
2021-10-03 20:40:00,-1.0302182243721933,False
2021-10-03 20:50:00,-1.191447398454844,False
2021-10-03 21:00:00,-0.9236415347038159,False
2021-10-03 21:10:00,-0.9628741385542304,False
2021-10-03 21:20:00,-0.9469506126215554,False
2021-10-03 21:30:00,-1.1069742082975427,False
2021-10-03 21:40:00,-0.9859834908980032,False
2021-10-03 21:50:00,-0.7756504068020763,False
2021-10-03 22:00:00,-0.9731745710864091,False
2021-10-03 22:10:00,-0.9868164342688468,False
2021-10-03 22:20:00,-0.9357260014471592,False
2021-10-03 22:30:00,-1.0115635880923715,False
2021-10-03 22:40:00,-1.0781634064355896,False
2021-10-03 22:50:00,-0.8209520799380845,False
2021-10-03 23:00:00,-1.082279466080222,False
2021-10-03 23:10:00,-0.9426568953503515,False
2021-10-03 23:20:00,-0.9503133800121564,False
2021-10-03 23:30:00,-0.8510538656935823,False
2021-10-03 23:40:00,-1.0348052763061886,False
2021-10-03 23:50:00,-0.930967021677853,False
2021-10-04 00:00:00,-0.9086263846755309,False
2021-10-04 00:10:00,-1.0929532620846993,False
2021-10-04 00:20:00,-0.852864779655588,False
2021-10-04 00:30:00,-0.9943405240815397,False
2021-10-04 00:40:00,-0.9660788523321875,False
2021-10-04 00:50:00,-1.100970859266059,False
2021-10-04 01:00:00,-0.8461136053442914,False
2021-10-04 01:10:00,-1.0402464270258662,False
2021-10-04 01:20:00,-1.0050101885077718,False
2021-10-04 01:30:00,-1.1012381945648833,False
2021-10-04 01:40:00,-1.2168722045015805,False
2021-10-04 01:50:00,-0.9953304073414557,False
2021-10-04 02:00:00,-1.1028340156632268,False
2021-10-04 02:10:00,-1.088183697401611,False
2021-10-04 02:20:00,-1.1144478127358148,False
2021-10-04 02:30:00,-0.962488577154343,False
2021-10-04 02:40:00,-0.9506040386822063,False
2021-10-04 02:50:00,-1.0531706218719386,False
2021-10-04 03:00:00,-1.1612816403337205,False
2021-10-04 03:10:00,-1.0651287498734108,False
2021-10-04 03:20:00,-0.9370179164779147,False
2021-10-04 03:30:00,-0.9283635306950194,False
2021-10-04 03:40:00,-0.9780637480281759,False
2021-10-04 03:50:00,-0.9980939041461973,False
2021-10-04 04:00:00,-0.9804564698156036,False
2021-10-04 04:10:00,-1.1364144460650896,False
2021-10-04 04:20:00,-1.2223287106839738,False
2021-10-04 04:30:00,-1.1135483309391068,False
2021-10-04 04:40:00,-1.0827425977451273,False
2021-10-04 04:50:00,-0.9694584490331379,False
2021-10-04 05:00:00,-1.0168646895746423,False
2021-10-04 05:10:00,,False
2021-10-04 05:20:00,,False
2021-10-04 05:30:00,-1.0468143271961374,False
2021-10-04 05:40:00,-0.8800693926305863,False
2021-10-04 05:50:00,-1.158167066504289,False
2021-10-04 06:00:00,-1.03670270776996,False
2021-10-04 06:10:00,-1.164224079216966,False
2021-10-04 06:20:00,-0.9382399615192673,False
2021-10-04 06:30:00,-0.9133813045785646,False
2021-10-04 06:40:00,-1.2376708342238432,False
2021-10-04 06:50:00,-1.0585144099791872,False
2021-10-04 07:00:00,-0.9931854059630861,False
2021-10-04 07:10:00,-0.9381856702792881,False
2021-10-04 07:20:00,,False
2021-10-04 07:30:00,-0.9789786623115362,False
2021-10-04 07:40:00,-0.9324367058345711,False
2021-10-04 07:50:00,-1.0033976034218923,False
2021-10-04 08:00:00,-1.0380495045133102,False
2021-10-04 08:10:00,-1.0217676814055765,False
2021-10-04 08:20:00,-1.0730074680625934,False
2021-10-04 08:30:00,-0.8783046470876312,False
2021-10-04 08:40:00,-0.8537172566527609,False
2021-10-04 08:50:00,-0.9464589356224516,False
2021-10-04 09:00:00,-1.0346233364292161,False
2021-10-04 09:10:00,-0.9868642412555856,False
2021-10-04 09:20:00,-1.2002603104082348,False
2021-10-04 09:30:00,-1.0611100841186807,False
2021-10-04 09:40:00,-0.8409079680167718,False
2021-10-04 09:50:00,-1.0592447201825803,False
2021-10-04 10:00:00,-1.015204097732067,False
2021-10-04 10:10:00,,False
2021-10-04 10:20:00,-0.7960439576338715,False
2021-10-04 10:30:00,-0.923797970847905,False
2021-10-04 10:40:00,-1.0659266581200995,False
2021-10-04 10:50:00,-0.8657402531881924,False
2021-10-04 11:00:00,-0.9579869850259161,False
2021-10-04 11:10:00,-1.0030316414790306,False
2021-10-04 11:20:00,-1.1219188294302964,False
2021-10-04 11:30:00,-1.0164702282622213,False
2021-10-04 11:40:00,-1.0795932169781672,False
2021-10-04 11:50:00,-0.9656602096808801,False
2021-10-04 12:00:00,-1.1665864082404482,False
2021-10-04 12:10:00,-1.0170821804682144,False
2021-10-04 12:20:00,-1.0450079792015277,False
2021-10-04 12:30:00,-1.1335093889871088,False
2021-10-04 12:40:00,-1.074996274363445,False
2021-10-04 12:50:00,-0.8542498049651425,False
2021-10-04 13:00:00,-1.1114038757092826,False
2021-10-04 13:10:00,-1.1031458765364184,False
2021-10-04 13:20:00,-1.2084649555999223,False
2021-10-04 13:30:00,-1.085756342647264,False
2021-10-04 13:40:00,-1.0375046834762787,False
2021-10-04 13:50:00,-0.9500267537481207,False
2021-10-04 14:00:00,-0.9924336151268145,False
2021-10-04 14:10:00,-0.89295173740133,False
2021-10-04 14:20:00,-1.0027639558480346,False
2021-10-04 14:30:00,-1.113458053986137,False
2021-10-04 14:40:00,-0.8715090099736462,False
2021-10-04 14:50:00,-0.9491209518575173,False
2021-10-04 15:00:00,-1.0379450792264437,False
2021-10-04 15:10:00,-1.1051805098671295,False
2021-10-04 15:20:00,-0.7997231279090521,False
2021-10-04 15:30:00,-1.0133445030967971,False
2021-10-04 15:40:00,-1.046908834964745,False
2021-10-04 15:50:00,-0.8659015219934896,False
2021-10-04 16:00:00,-0.865940936752559,False
2021-10-04 16:10:00,-1.0799940498491372,False
2021-10-04 16:20:00,-1.007965039906779,False
2021-10-04 16:30:00,-0.8857501563497348,False
2021-10-04 16:40:00,-1.0285265512957937,False
2021-10-04 16:50:00,-1.1432394999885986,False
2021-10-04 17:00:00,-0.9592653548061724,False
2021-10-04 17:10:00,-1.000595488710859,False
2021-10-04 17:20:00,-0.9533502143178573,False
2021-10-04 17:30:00,-1.0675162149361344,False
2021-10-04 17:40:00,-1.0539862970014648,False
2021-10-04 17:50:00,-0.9721578853771058,False
2021-10-04 18:00:00,-0.962940580563921,False
2021-10-04 18:10:00,-1.1182671661963508,False
2021-10-04 18:20:00,-1.0526667761618136,False
2021-10-04 18:30:00,-1.0153609370428938,False
2021-10-04 18:40:00,-0.9709372013166083,False
2021-10-04 18:50:00,-1.1836459524944032,False
2021-10-04 19:00:00,-1.086836581378729,False
2021-10-04 19:10:00,-1.0435353127976996,False
2021-10-04 19:20:00,-1.084103048136055,False
2021-10-04 19:30:00,-1.0115921344810526,False
2021-10-04 19:40:00,-1.0681655182169543,False
2021-10-04 19:50:00,-0.9521188320871822,False
2021-10-04 20:00:00,-0.9955344319979276,False
2021-10-04 20:10:00,-1.0313481090760346,False
2021-10-04 20:20:00,-0.9098890832259188,False
2021-10-04 20:30:00,-0.8992741180410291,False
2021-10-04 20:40:00,,False
2021-10-04 20:50:00,-1.0344438415629087,False
2021-10-04 21:00:00,-1.0433939690351313,False
2021-10-04 21:10:00,-0.9158689104824425,False
2021-10-04 21:20:00,-0.98830906429435,False
2021-10-04 21:30:00,,False
2021-10-04 21:40:00,-1.0120422582593507,False
2021-10-04 21:50:00,-0.9584831259648652,False
2021-10-04 22:00:00,-0.9934542972606587,False
2021-10-04 22:10:00,-1.0142817009011023,False
2021-10-04 22:20:00,-0.9720298548055764,False
2021-10-04 22:30:00,-1.004533899319411,False
2021-10-04 22:40:00,-1.2086066771179063,False
2021-10-04 22:50:00,-0.9995781080144099,False
2021-10-04 23:00:00,-0.9646922412966435,False
2021-10-04 23:10:00,-1.186834565110141,False
2021-10-04 23:20:00,-0.9287659885739489,False
2021-10-04 23:30:00,-0.8501275044937873,False
2021-10-04 23:40:00,,False
2021-10-04 23:50:00,-1.177017438233581,False
2021-10-05 00:00:00,-1.0052293673595576,False
2021-10-05 00:10:00,-1.051965321762721,False
2021-10-05 00:20:00,-1.1285955239863052,False
2021-10-05 00:30:00,-0.8941638805202663,False
2021-10-05 00:40:00,-1.0037245996460238,False
2021-10-05 00:50:00,-1.1221064390393767,False
2021-10-05 01:00:00,-1.0865676918228244,False
2021-10-05 01:10:00,-0.9142049077369059,False
2021-10-05 01:20:00,-0.8326499734778233,False
2021-10-05 01:30:00,,False
2021-10-05 01:40:00,-1.0181302784357538,False
2021-10-05 01:50:00,-1.1445059671935909,False
2021-10-05 02:00:00,-0.8447063476949783,False
2021-10-05 02:10:00,-0.9691556074940583,False
2021-10-05 02:20:00,-1.0741761439794046,False
2021-10-05 02:30:00,-1.2761559589311309,False
2021-10-05 02:40:00,-1.0083884324864958,False
2021-10-05 02:50:00,,False
2021-10-05 03:00:00,-0.9592712561721389,False
2021-10-05 03:10:00,-0.9831985024082689,False
2021-10-05 03:20:00,-0.9836871238896783,False
2021-10-05 03:30:00,-0.8348465687800215,False
2021-10-05 03:40:00,-1.0012801475838202,False
2021-10-05 03:50:00,-1.064296212252465,False
2021-10-05 04:00:00,-0.9773966304033038,False
2021-10-05 04:10:00,-0.9679786458419686,False
2021-10-05 04:20:00,-1.1413024505632665,False
2021-10-05 04:30:00,-0.9811605343710148,False
2021-10-05 04:40:00,-0.9537790522660695,False
2021-10-05 04:50:00,-0.9001325148367834,False
2021-10-05 05:00:00,-0.8943939664643976,False
2021-10-05 05:10:00,-1.1290192230521257,False
2021-10-05 05:20:00,-0.9626227713233576,False
2021-10-05 05:30:00,-0.9264837854171672,False
2021-10-05 05:40:00,-0.9698798761486908,False
2021-10-05 05:50:00,-0.9246183364607923,False
2021-10-05 06:00:00,-1.112610778410166,False
2021-10-05 06:10:00,-0.8226632081882597,False
2021-10-05 06:20:00,-1.1232322601457116,False
2021-10-05 06:30:00,-1.1022598615762331,False
2021-10-05 06:40:00,-0.9439212002264974,False
2021-10-05 06:50:00,-0.8734247205748744,False
2021-10-05 07:00:00,-1.1387982259573468,False
2021-10-05 07:10:00,-0.9868509567428223,False
2021-10-05 07:20:00,-0.9754570641061312,False
2021-10-05 07:30:00,-1.1068054165016503,False
2021-10-05 07:40:00,-1.029123088790019,False
2021-10-05 07:50:00,-0.9872432619959555,False
2021-10-05 08:00:00,-0.9298605204009164,False
2021-10-05 08:10:00,-1.0542908165895968,False
2021-10-05 08:20:00,,False
2021-10-05 08:30:00,,False
2021-10-05 08:40:00,-0.8737069030119172,False
2021-10-05 08:50:00,-1.0600874314691615,False
2021-10-05 09:00:00,-0.9003936305183475,False
2021-10-05 09:10:00,-0.9710103769494158,False
2021-10-05 09:20:00,-1.0306974372546163,False
2021-10-05 09:30:00,-1.0361677527119395,False
2021-10-05 09:40:00,-0.9477789559670171,False
2021-10-05 09:50:00,-1.1762298521726786,False
2021-10-05 10:00:00,-0.8711120878445985,False
2021-10-05 10:10:00,-0.9528972758435821,False
2021-10-05 10:20:00,-1.0198373295738636,False
2021-10-05 10:30:00,-0.8606824558002447,False
2021-10-05 10:40:00,-0.8857568686553262,False
2021-10-05 10:50:00,-0.9746310596505927,False
2021-10-05 11:00:00,-1.0141353902240233,False
2021-10-05 11:10:00,-1.0647248614936298,False
2021-10-05 11:20:00,-0.9384508545820984,False
2021-10-05 11:30:00,,False
2021-10-05 11:40:00,-0.8572285816135319,False
2021-10-05 11:50:00,-0.9253738528292517,False
2021-10-05 12:00:00,-0.9699465690116684,False
2021-10-05 12:10:00,-0.9318225230947412,False
2021-10-05 12:20:00,-1.124885376117915,False
2021-10-05 12:30:00,-0.8909800615697203,False
2021-10-05 12:40:00,-0.9140596126979443,False
2021-10-05 12:50:00,,False
2021-10-05 13:00:00,-1.1406902413839808,False
2021-10-05 13:10:00,-0.9981125131445013,False
2021-10-05 13:20:00,-0.95490807455538,False
2021-10-05 13:30:00,-1.120364433831885,False
2021-10-05 13:40:00,-0.9855426374267147,False
2021-10-05 13:50:00,-1.011751831462349,False
2021-10-05 14:00:00,-1.1304541022964576,False
2021-10-05 14:10:00,-0.9235254110585217,False
2021-10-05 14:20:00,-1.030895097688989,False
2021-10-05 14:30:00,-0.9731359685055867,False
2021-10-05 14:40:00,-0.9887135901740571,False
2021-10-05 14:50:00,-0.9190434305294979,False
2021-10-05 15:00:00,-0.9696572847279892,False
2021-10-05 15:10:00,-0.8820773275731533,False
2021-10-05 15:20:00,-0.9450583085760744,False
2021-10-05 15:30:00,-0.9557343327649553,False
2021-10-05 15:40:00,-0.9498189624028583,False
2021-10-05 15:50:00,-1.1812804993677217,False
2021-10-05 16:00:00,,False
2021-10-05 16:10:00,-1.0147530977213168,False
2021-10-05 16:20:00,-0.8924472557262136,False
2021-10-05 16:30:00,-0.9303599970732418,False
2021-10-05 16:40:00,-0.8856609118993788,False
2021-10-05 16:50:00,-1.1728518903380873,False
2021-10-05 17:00:00,-0.9954654305735464,False
2021-10-05 17:10:00,-1.0430438070700092,False
2021-10-05 17:20:00,-0.9453908287307053,False
2021-10-05 17:30:00,-1.005341650904992,False
2021-10-05 17:40:00,,False
2021-10-05 17:50:00,-1.1421072116072613,False
2021-10-05 18:00:00,-1.1282841982796679,False
2021-10-05 18:10:00,-0.9684255366586355,False
2021-10-05 18:20:00,-1.1056526343066546,False
2021-10-05 18:30:00,-0.7742868039518216,False
2021-10-05 18:40:00,-0.9547061606503938,False
2021-10-05 18:50:00,-1.0987388286331208,False
2021-10-05 19:00:00,-0.8756952763896304,False
2021-10-05 19:10:00,-0.9295186005510934,False
2021-10-05 19:20:00,-0.8871746721143704,False
2021-10-05 19:30:00,-1.1135160245984657,False
2021-10-05 19:40:00,-1.0304678861360361,False
2021-10-05 19:50:00,-0.9068161953365224,False
2021-10-05 20:00:00,-0.8235385355071895,False
2021-10-05 20:10:00,-0.7655022170064237,False
2021-10-05 20:20:00,-1.088149721448276,False
2021-10-05 20:30:00,-1.0837346589602972,False
2021-10-05 20:40:00,-0.9302040745437807,False
2021-10-05 20:50:00,-0.8993491724306226,False
2021-10-05 21:00:00,-1.0236281526753852,False
2021-10-05 21:10:00,-0.9496850171876485,False
2021-10-05 21:20:00,-1.0773829104125212,False
2021-10-05 21:30:00,-0.9681622600486839,False
2021-10-05 21:40:00,-0.8377594333259475,False
2021-10-05 21:50:00,-1.069400462107693,False
2021-10-05 22:00:00,-1.1740246757650707,False
2021-10-05 22:10:00,-0.905980621510164,False
2021-10-05 22:20:00,-1.1288196217357573,False
2021-10-05 22:30:00,-0.7849688769798762,False
2021-10-05 22:40:00,-0.9096543817883134,False
2021-10-05 22:50:00,,False
2021-10-05 23:00:00,-1.0765680793728807,False
2021-10-05 23:10:00,-0.8995373637286694,False
2021-10-05 23:20:00,-1.2210981034150001,False
2021-10-05 23:30:00,-0.9594678294004679,False
2021-10-05 23:40:00,,False
2021-10-05 23:50:00,-0.7384753136039959,False
2021-10-06 00:00:00,-0.9666760637928593,False
2021-10-06 00:10:00,-1.066296520011476,False
2021-10-06 00:20:00,-0.8858574535816655,False
2021-10-06 00:30:00,-0.6777056297349746,False
2021-10-06 00:40:00,-0.9656621479975113,False
2021-10-06 00:50:00,-1.0079465754203345,False
2021-10-06 01:00:00,-0.7530657787131763,False
2021-10-06 01:10:00,-1.1159953984323567,False
2021-10-06 01:20:00,-1.025628472021251,False
2021-10-06 01:30:00,-0.867298611567956,False
2021-10-06 01:40:00,,False
2021-10-06 01:50:00,-0.9674195806360011,False
2021-10-06 02:00:00,-0.8529548643379272,False
2021-10-06 02:10:00,-0.9871062208098644,False
2021-10-06 02:20:00,-1.0320130577469233,False
2021-10-06 02:30:00,-1.0077087487437169,False
2021-10-06 02:40:00,-1.0033571737082576,False
2021-10-06 02:50:00,-1.0011398431509262,False
2021-10-06 03:00:00,-0.9468076787854897,False
2021-10-06 03:10:00,-0.9680923723275676,False
2021-10-06 03:20:00,-0.9817572359922027,False
2021-10-06 03:30:00,-0.8418390457057615,False
2021-10-06 03:40:00,-0.8828212186940061,False
2021-10-06 03:50:00,-0.9799237637031701,False
2021-10-06 04:00:00,-1.0095223054146398,False
2021-10-06 04:10:00,-0.8078363200951081,False
2021-10-06 04:20:00,-1.1316698462851895,False
2021-10-06 04:30:00,-1.0131660809724363,False
2021-10-06 04:40:00,-0.9849188531234394,False
2021-10-06 04:50:00,-1.022751381831679,False
2021-10-06 05:00:00,-1.1349825561939664,False
2021-10-06 05:10:00,-1.0280522754614776,False
2021-10-06 05:20:00,-1.0158233547438527,False
2021-10-06 05:30:00,-0.9997691062312781,False
2021-10-06 05:40:00,-1.0392636034807259,False
2021-10-06 05:50:00,-1.0593636055290998,False
2021-10-06 06:00:00,-1.0412248893600924,False
2021-10-06 06:10:00,-1.0462131054197403,False
2021-10-06 06:20:00,-1.0424460780724625,False
2021-10-06 06:30:00,-0.9670742842875978,False
2021-10-06 06:40:00,-1.1546966430517764,False
2021-10-06 06:50:00,-0.9336950946749423,False
2021-10-06 07:00:00,-0.7879749703643261,False
2021-10-06 07:10:00,-1.0236601246296972,False
2021-10-06 07:20:00,-0.8115193869496526,False
2021-10-06 07:30:00,-0.870371769334528,False
2021-10-06 07:40:00,-1.062168629037027,False
2021-10-06 07:50:00,-0.9688984502415968,False
2021-10-06 08:00:00,-1.1425456808349526,False
2021-10-06 08:10:00,-0.9217021850440599,False
2021-10-06 08:20:00,-0.9593207951398571,False
2021-10-06 08:30:00,-0.9528310738958972,False
2021-10-06 08:40:00,-0.9845006198828583,False
2021-10-06 08:50:00,-1.1292303052421946,False
2021-10-06 09:00:00,-0.9493683906422101,False
2021-10-06 09:10:00,,False
2021-10-06 09:20:00,-1.1149072371982929,False
2021-10-06 09:30:00,-0.9726505918670143,False
2021-10-06 09:40:00,-0.9473526311077467,False
2021-10-06 09:50:00,-0.9117428937434893,False
2021-10-06 10:00:00,-0.991554281826458,False
2021-10-06 10:10:00,-1.0552519469265038,False
2021-10-06 10:20:00,-0.9193485503967018,False
2021-10-06 10:30:00,-0.9685552779352958,False
2021-10-06 10:40:00,-1.1733073619325625,False
2021-10-06 10:50:00,-0.9502724918281199,False
2021-10-06 11:00:00,-1.1002070097668613,False
2021-10-06 11:10:00,-0.87326276364903,False
2021-10-06 11:20:00,-0.840326301536643,False
2021-10-06 11:30:00,-1.0140192121313163,False
2021-10-06 11:40:00,-1.08041857522144,False
2021-10-06 11:50:00,-1.0377706758472205,False
2021-10-06 12:00:00,-0.8273610040810571,False
2021-10-06 12:10:00,,False
2021-10-06 12:20:00,-1.065077801451383,False
2021-10-06 12:30:00,-1.23946564848683,False
2021-10-06 12:40:00,-1.1378191015915624,False
2021-10-06 12:50:00,-0.89545490778526,False
2021-10-06 13:00:00,,False
2021-10-06 13:10:00,-1.1994679120598568,False
2021-10-06 13:20:00,-0.8839934639524837,False
2021-10-06 13:30:00,-0.8725142726000035,False
2021-10-06 13:40:00,-1.1060456536578527,False
2021-10-06 13:50:00,-0.9904704157966852,False
2021-10-06 14:00:00,-1.020856908019272,False
2021-10-06 14:10:00,-1.1103221474773015,False
2021-10-06 14:20:00,-1.0469189707525615,False
2021-10-06 14:30:00,-1.1054135136232281,False
2021-10-06 14:40:00,-1.0691271907337125,False
2021-10-06 14:50:00,-0.9036160163493898,False
2021-10-06 15:00:00,-1.0210636326229603,False
2021-10-06 15:10:00,-1.0285819185782716,False
2021-10-06 15:20:00,-0.8966468214090215,False
2021-10-06 15:30:00,-1.0513007872380533,False
2021-10-06 15:40:00,-1.0602882668522169,False
2021-10-06 15:50:00,-0.896791433690828,False
2021-10-06 16:00:00,-1.0893159894782813,False
2021-10-06 16:10:00,-0.9383200230474376,False
2021-10-06 16:20:00,-1.0157013958721184,False
2021-10-06 16:30:00,-1.0389876041707056,False
2021-10-06 16:40:00,-0.9883018314928158,False
2021-10-06 16:50:00,-1.0223504562385162,False
2021-10-06 17:00:00,-1.0197638812859264,False
2021-10-06 17:10:00,-1.0013167017433364,False
2021-10-06 17:20:00,-0.992767838426163,False
2021-10-06 17:30:00,-0.9998833895577426,False
2021-10-06 17:40:00,-0.960359330709605,False
2021-10-06 17:50:00,,False
2021-10-06 18:00:00,-0.9650212502015256,False
2021-10-06 18:10:00,-1.0426698184968428,False
2021-10-06 18:20:00,-1.0862805146776087,False
2021-10-06 18:30:00,-1.037046751118708,False
2021-10-06 18:40:00,-0.9340719643546638,False
2021-10-06 18:50:00,-1.1430448877936985,False
2021-10-06 19:00:00,-0.9318711806580601,False
2021-10-06 19:10:00,-0.9155352931239631,False
2021-10-06 19:20:00,,False
2021-10-06 19:30:00,-0.8781878784121553,False
2021-10-06 19:40:00,-1.2047513590766972,False
2021-10-06 19:50:00,-0.8788559122900896,False
2021-10-06 20:00:00,-0.8481490988488479,False
2021-10-06 20:10:00,-1.044362577602177,False
2021-10-06 20:20:00,-1.0507795084498968,False
2021-10-06 20:30:00,-0.9936572063108703,False
2021-10-06 20:40:00,-0.9329145782617264,False
2021-10-06 20:50:00,-0.8837751675419637,False
2021-10-06 21:00:00,-0.9081063330877549,False
2021-10-06 21:10:00,-1.0049301264276163,False
2021-10-06 21:20:00,-0.9229640236260148,False
2021-10-06 21:30:00,-0.9700402875605236,False
2021-10-06 21:40:00,,False
2021-10-06 21:50:00,-0.9684159909735764,False
2021-10-06 22:00:00,-0.9452620147178545,False
2021-10-06 22:10:00,-0.8018313707216225,False
2021-10-06 22:20:00,-0.963123074749312,False
2021-10-06 22:30:00,-1.0231764489591029,False
2021-10-06 22:40:00,-0.9366456299769865,False
2021-10-06 22:50:00,-0.9947124812342131,False
2021-10-06 23:00:00,-0.8421652457703395,False
2021-10-06 23:10:00,-0.9847105347683089,False
2021-10-06 23:20:00,-0.9913865484025384,False
2021-10-06 23:30:00,-1.1348187870143032,False
2021-10-06 23:40:00,-0.8807194675649113,False
2021-10-06 23:50:00,-1.005696419291594,False
2021-10-07 00:00:00,-0.9694769522805923,False
2021-10-07 00:10:00,-0.9430268424746563,False
2021-10-07 00:20:00,-1.0466651366753097,False
2021-10-07 00:30:00,-0.9598758805953107,False
2021-10-07 00:40:00,,False
2021-10-07 00:50:00,-0.8496521137077612,False
2021-10-07 01:00:00,-1.0339136278735936,False
2021-10-07 01:10:00,-1.0723283374486114,False
2021-10-07 01:20:00,-0.8694018061330645,False
2021-10-07 01:30:00,-1.0395204285563413,False
2021-10-07 01:40:00,-1.0523435819668114,False
2021-10-07 01:50:00,,False
2021-10-07 02:00:00,-0.95459203526142,False
2021-10-07 02:10:00,-1.1191842260889349,False
2021-10-07 02:20:00,-0.9269691481109417,False
2021-10-07 02:30:00,-1.0326129084433675,False
2021-10-07 02:40:00,-1.223291122933231,False
2021-10-07 02:50:00,-0.9979738370594905,False
2021-10-07 03:00:00,-0.9610864398288045,False
2021-10-07 03:10:00,-0.8869778502609911,False
2021-10-07 03:20:00,-0.8283021124542401,False
2021-10-07 03:30:00,-0.9457379062387274,False
2021-10-07 03:40:00,-1.0265704944240452,False
2021-10-07 03:50:00,-0.9831272407464673,False
2021-10-07 04:00:00,-1.0585223839489921,False
2021-10-07 04:10:00,-0.8918221248729736,False
2021-10-07 04:20:00,-0.9542232600854099,False
2021-10-07 04:30:00,-0.9598239928118101,False
2021-10-07 04:40:00,-0.835941028711389,False
2021-10-07 04:50:00,-1.064494417845584,False
2021-10-07 05:00:00,-1.0635526902074146,False
2021-10-07 05:10:00,-0.8104108798040972,False
2021-10-07 05:20:00,-0.9684407173852722,False
2021-10-07 05:30:00,-0.9497682725882124,False
2021-10-07 05:40:00,-1.0527491294118412,False
2021-10-07 05:50:00,-1.1442721596140293,False
2021-10-07 06:00:00,,False
2021-10-07 06:10:00,-0.834487110899424,False
2021-10-07 06:20:00,-1.0786683448067713,False
2021-10-07 06:30:00,,False
2021-10-07 06:40:00,,False
2021-10-07 06:50:00,-0.9366649236317387,False
2021-10-07 07:00:00,-1.0063216181697014,False
2021-10-07 07:10:00,-1.0416559111320818,False
2021-10-07 07:20:00,-0.8774896210138641,False
2021-10-07 07:30:00,-0.9227778142712995,False
2021-10-07 07:40:00,,False
2021-10-07 07:50:00,-1.059834062018973,False
2021-10-07 08:00:00,-0.7914386438917739,False
2021-10-07 08:10:00,-1.0724489469040062,False
2021-10-07 08:20:00,-0.9941572472746021,False
2021-10-07 08:30:00,-1.0215637866522966,False
2021-10-07 08:40:00,-0.989361622604815,False
2021-10-07 08:50:00,-0.9575742321209628,False
2021-10-07 09:00:00,-0.9198475673544632,False
2021-10-07 09:10:00,-0.9223227139949112,False
2021-10-07 09:20:00,-1.0995503429039821,False
2021-10-07 09:30:00,-1.0142710742537506,False
2021-10-07 09:40:00,-1.2149098718138154,False
2021-10-07 09:50:00,-0.8768593846639632,False
2021-10-07 10:00:00,-1.1104567853497904,False
2021-10-07 10:10:00,,False
2021-10-07 10:20:00,-0.988631464187349,False
2021-10-07 10:30:00,,False
2021-10-07 10:40:00,-1.123393016023065,False
2021-10-07 10:50:00,-1.0296449833517451,False
2021-10-07 11:00:00,-1.169906422405453,False
2021-10-07 11:10:00,-0.9191517762133096,False
2021-10-07 11:20:00,,False
2021-10-07 11:30:00,-0.9144159405085017,False
2021-10-07 11:40:00,-0.8681237743295311,False
2021-10-07 11:50:00,-1.2070813343398683,False
2021-10-07 12:00:00,,False
2021-10-07 12:10:00,-1.0744618739381102,False
2021-10-07 12:20:00,-0.918988246239563,False
2021-10-07 12:30:00,-0.9100151924362595,False
2021-10-07 12:40:00,-1.1135931502776428,False
2021-10-07 12:50:00,-0.9811257262603397,False
2021-10-07 13:00:00,-1.124129765874537,False
2021-10-07 13:10:00,-1.046305069549959,False
2021-10-07 13:20:00,-0.9902104091468387,False
2021-10-07 13:30:00,-0.9726943681982515,False
2021-10-07 13:40:00,-1.0999625485910065,False
2021-10-07 13:50:00,-1.0236404066206013,False
2021-10-07 14:00:00,-0.7700551469759208,False
2021-10-07 14:10:00,-1.0724058752731955,False
2021-10-07 14:20:00,-0.8104535050778988,False
2021-10-07 14:30:00,-0.8484727552732374,False
2021-10-07 14:40:00,-1.1643475655241438,False
2021-10-07 14:50:00,-1.001262987582847,False
2021-10-07 15:00:00,-0.8941281433248199,False
2021-10-07 15:10:00,,False
2021-10-07 15:20:00,,False
2021-10-07 15:30:00,-1.024215560095347,False
2021-10-07 15:40:00,-0.8531805771194777,False
2021-10-07 15:50:00,-0.9927840261019101,False
2021-10-07 16:00:00,-1.0969170497140537,False
2021-10-07 16:10:00,-0.813643817726409,False
2021-10-07 16:20:00,-1.0711272962240082,False
2021-10-07 16:30:00,-0.9068909698178902,False
2021-10-07 16:40:00,-1.2525658965086275,False
2021-10-07 16:50:00,-0.921050233817014,False
2021-10-07 17:00:00,-1.055585783894798,False
2021-10-07 17:10:00,-0.9313829359178264,False
2021-10-07 17:20:00,-1.0179019126571776,False
2021-10-07 17:30:00,-1.0057768362349753,False
2021-10-07 17:40:00,-0.9620129357211707,False
2021-10-07 17:50:00,-0.9875798876727551,False
2021-10-07 18:00:00,-0.9069409153125075,False
2021-10-07 18:10:00,-1.1726715164890877,False
2021-10-07 18:20:00,-1.1323864003086657,False
2021-10-07 18:30:00,-0.9349589659393769,False
2021-10-07 18:40:00,-1.0532047101563273,False
2021-10-07 18:50:00,-1.0310901436605238,False
2021-10-07 19:00:00,-0.9942781045094234,False
2021-10-07 19:10:00,-0.9847748707564115,False
2021-10-07 19:20:00,-1.111419387542286,False
2021-10-07 19:30:00,-1.138864778530885,False
2021-10-07 19:40:00,-0.9726661600621118,False
2021-10-07 19:50:00,-1.2758350416767972,False
2021-10-07 20:00:00,-0.9413297149433076,False
2021-10-07 20:10:00,-1.0772928574851695,False
2021-10-07 20:20:00,-0.9016268613807914,False
2021-10-07 20:30:00,-1.1882552296290225,False
2021-10-07 20:40:00,-0.9067320813794039,False
2021-10-07 20:50:00,-0.9565154514777573,False
2021-10-07 21:00:00,-0.9549196192204934,False
2021-10-07 21:10:00,-1.081210208202588,False
2021-10-07 21:20:00,-0.9556240048118884,False
2021-10-07 21:30:00,-1.1033002894719584,False
2021-10-07 21:40:00,-1.092464474887161,False
2021-10-07 21:50:00,-1.0486877698270043,False
2021-10-07 22:00:00,-1.045040465819538,False
2021-10-07 22:10:00,-1.014437852267474,False
2021-10-07 22:20:00,-0.7688068464094779,False
2021-10-07 22:30:00,-0.922802959012351,False
2021-10-07 22:40:00,-0.9577813756639957,False
2021-10-07 22:50:00,-1.0945795177618023,False
2021-10-07 23:00:00,-0.953852833324336,False
2021-10-07 23:10:00,-0.8129646379883864,False
2021-10-07 23:20:00,-1.1577309722388294,False
2021-10-07 23:30:00,,False
2021-10-07 23:40:00,-0.9094519864448206,False
2021-10-07 23:50:00,-1.0538836602561235,False
2021-10-08 00:00:00,-0.8726340827621843,False
2021-10-08 00:10:00,-0.9039367836564552,False
2021-10-08 00:20:00,-1.1263664013481993,False
2021-10-08 00:30:00,-0.8166916894642207,False
2021-10-08 00:40:00,,False
2021-10-08 00:50:00,-0.9114217407911086,False
2021-10-08 01:00:00,-1.0368050666195046,False
2021-10-08 01:10:00,-0.9831496614756665,False
2021-10-08 01:20:00,-1.130865322689523,False
2021-10-08 01:30:00,-0.9664735010238888,False
2021-10-08 01:40:00,-0.9772891436160626,False
2021-10-08 01:50:00,,False
2021-10-08 02:00:00,-0.9749737968979085,False
2021-10-08 02:10:00,-0.9504498018003775,False
2021-10-08 02:20:00,-0.9400125203761469,False
2021-10-08 02:30:00,-1.1568272397781056,False
2021-10-08 02:40:00,-0.9248284385079638,False
2021-10-08 02:50:00,-0.9997657420106574,False
2021-10-08 03:00:00,-0.9965474340842548,False
2021-10-08 03:10:00,-0.9825604872545589,False
2021-10-08 03:20:00,-1.0066557969630021,False
2021-10-08 03:30:00,-0.9126458148843019,False
2021-10-08 03:40:00,-1.0404967016232858,False
2021-10-08 03:50:00,-1.0895158257650923,False
2021-10-08 04:00:00,,False
2021-10-08 04:10:00,-0.9608242025779309,False
2021-10-08 04:20:00,-0.9749791252592047,False
2021-10-08 04:30:00,,False
2021-10-08 04:40:00,-0.9535589758793986,False
2021-10-08 04:50:00,,False
2021-10-08 05:00:00,-1.105267159145412,False
2021-10-08 05:10:00,-0.8918372311262386,False
2021-10-08 05:20:00,-1.0100704283015889,False
2021-10-08 05:30:00,-1.115758401228866,False
2021-10-08 05:40:00,-1.1701293097929395,False
2021-10-08 05:50:00,-0.9766642958752968,False
2021-10-08 06:00:00,-1.034236855606937,False
2021-10-08 06:10:00,-0.8567429720587754,False
2021-10-08 06:20:00,-0.8250167953127636,False
2021-10-08 06:30:00,-1.0218621729472548,False
2021-10-08 06:40:00,-1.1017274796940397,False
2021-10-08 06:50:00,-1.0224274234742605,False
2021-10-08 07:00:00,-1.0464927569843172,False
2021-10-08 07:10:00,-0.8589148939297248,False
2021-10-08 07:20:00,-1.0503677815752608,False
2021-10-08 07:30:00,-0.9663615421759723,False
2021-10-08 07:40:00,-1.056214402060501,False
2021-10-08 07:50:00,-1.0241118960152706,False
2021-10-08 08:00:00,-1.2047421409992105,False
2021-10-08 08:10:00,-1.0439009746248316,False
2021-10-08 08:20:00,-0.8649540759294412,False
2021-10-08 08:30:00,-0.9263323307958273,False
2021-10-08 08:40:00,-0.9353177903478648,False
2021-10-08 08:50:00,,False
2021-10-08 09:00:00,-0.891029161087455,False
2021-10-08 09:10:00,-1.0842342677289678,False
2021-10-08 09:20:00,-1.120388276011626,False
2021-10-08 09:30:00,-1.1515211412456428,False
2021-10-08 09:40:00,-0.9706082690498488,False
2021-10-08 09:50:00,-0.8539128354916726,False
2021-10-08 10:00:00,-1.0097029374215567,False
2021-10-08 10:10:00,-1.1544524212131246,False
2021-10-08 10:20:00,-1.0346121031525897,False
2021-10-08 10:30:00,,False
2021-10-08 10:40:00,-0.9591567246604389,False
2021-10-08 10:50:00,-0.9884617372473917,False
2021-10-08 11:00:00,-1.2238223230817904,False
2021-10-08 11:10:00,-1.1692813123963952,False
2021-10-08 11:20:00,-1.0669574518757035,False
2021-10-08 11:30:00,-0.8505881137032203,False
2021-10-08 11:40:00,-1.1252063776379733,False
2021-10-08 11:50:00,-0.9435065616453864,False
2021-10-08 12:00:00,-1.0017978098749971,False
2021-10-08 12:10:00,-1.1040100977673621,False
2021-10-08 12:20:00,-1.099816254564579,False
2021-10-08 12:30:00,-1.0651983198524813,False
2021-10-08 12:40:00,-1.1457529558433828,False
2021-10-08 12:50:00,-1.0378242343514144,False
2021-10-08 13:00:00,-1.0628509207061951,False
2021-10-08 13:10:00,-0.7773987103013683,False
2021-10-08 13:20:00,-0.9862476244108298,False
2021-10-08 13:30:00,-0.8999394897954854,False
2021-10-08 13:40:00,-0.8402370981208788,False
2021-10-08 13:50:00,-1.1429440510076962,False
2021-10-08 14:00:00,-1.0138852091718344,False
2021-10-08 14:10:00,-0.777703437503302,False
2021-10-08 14:20:00,-1.0305848314788792,False
2021-10-08 14:30:00,-1.1335994050905578,False
2021-10-08 14:40:00,-0.9703179091163177,False
2021-10-08 14:50:00,-1.1133071989704493,False
2021-10-08 15:00:00,-1.027828871108335,False
2021-10-08 15:10:00,-1.0617365803899408,False
2021-10-08 15:20:00,-0.9788964877758263,False
2021-10-08 15:30:00,-0.9616143211312976,False
2021-10-08 15:40:00,-1.1751445215754568,False
2021-10-08 15:50:00,-1.1099995219654333,False
2021-10-08 16:00:00,-1.0814612871236828,False
2021-10-08 16:10:00,-0.9640068562481392,False
2021-10-08 16:20:00,-0.9414084520247196,False
2021-10-08 16:30:00,-1.0659166674803984,False
2021-10-08 16:40:00,-1.1302384753087187,False
2021-10-08 16:50:00,-1.0917440265882419,False
2021-10-08 17:00:00,-1.0452814569001405,False
2021-10-08 17:10:00,-0.8037444296565901,False
2021-10-08 17:20:00,-1.1993667642491366,False
2021-10-08 17:30:00,-1.1117057214065158,False
2021-10-08 17:40:00,-1.1296141495439147,False
2021-10-08 17:50:00,-1.0297938700808917,False
2021-10-08 18:00:00,-0.7859928362849975,False
2021-10-08 18:10:00,-0.9662512527918119,False
2021-10-08 18:20:00,-1.199278197942019,False
2021-10-08 18:30:00,-0.9887852990063103,False
2021-10-08 18:40:00,-1.0503949699139485,False
2021-10-08 18:50:00,-0.9697754818143335,False
2021-10-08 19:00:00,-1.0222046847574011,False
2021-10-08 19:10:00,-0.9873488326363867,False
2021-10-08 19:20:00,-1.0676979948600103,False
2021-10-08 19:30:00,-0.8073034733372579,False
2021-10-08 19:40:00,-0.9385314047013648,False
2021-10-08 19:50:00,-1.2254016405794357,False
2021-10-08 20:00:00,-1.0142208700254214,False
2021-10-08 20:10:00,-1.0695595200218726,False
2021-10-08 20:20:00,-0.918318886692483,False
2021-10-08 20:30:00,-0.9154621565889055,False
2021-10-08 20:40:00,-1.0635603854606492,False
2021-10-08 20:50:00,-0.8481076526680186,False
2021-10-08 21:00:00,-1.1868184439718124,False
2021-10-08 21:10:00,-1.140635119310369,False
2021-10-08 21:20:00,-0.8928138864602889,False
2021-10-08 21:30:00,-0.9215048008664128,False
2021-10-08 21:40:00,-0.8791476105763876,False
2021-10-08 21:50:00,-0.9971007099473858,False
2021-10-08 22:00:00,-1.0545889547756389,False
2021-10-08 22:10:00,-1.019574178460678,False
2021-10-08 22:20:00,-1.0571416019480544,False
2021-10-08 22:30:00,-1.012655000151018,False
2021-10-08 22:40:00,-0.9839186002540147,False
2021-10-08 22:50:00,-0.9908841529222533,False
2021-10-08 23:00:00,-1.0737610567856077,False
2021-10-08 23:10:00,-0.9924552944478223,False
2021-10-08 23:20:00,-1.0687678726074736,False
2021-10-08 23:30:00,-1.087771874253589,False
2021-10-08 23:40:00,-1.1366007899148667,False
2021-10-08 23:50:00,-0.9902511476002389,False
2021-10-09 00:00:00,-1.047260381885051,False
2021-10-09 00:10:00,-0.9377119903181247,False
2021-10-09 00:20:00,-0.8789787813542419,False
2021-10-09 00:30:00,-1.0076825693892353,False
2021-10-09 00:40:00,,False
2021-10-09 00:50:00,-1.0568135805830707,False
2021-10-09 01:00:00,-0.8614584245895451,False
2021-10-09 01:10:00,-0.9618223792872284,False
2021-10-09 01:20:00,,False
2021-10-09 01:30:00,-1.1707246724130504,False
2021-10-09 01:40:00,-1.251688199423008,False
2021-10-09 01:50:00,-1.0341397173305842,False
2021-10-09 02:00:00,-0.9513966559496444,False
2021-10-09 02:10:00,-1.0717198388990914,False
2021-10-09 02:20:00,-0.8547252547167975,False
2021-10-09 02:30:00,-0.9974489451343246,False
2021-10-09 02:40:00,-0.8200307318302821,False
2021-10-09 02:50:00,-1.0608010480144743,False
2021-10-09 03:00:00,-1.0124724939159386,False
2021-10-09 03:10:00,-1.0458487697553747,False
2021-10-09 03:20:00,-1.1657129549210579,False
2021-10-09 03:30:00,-0.8742298545276493,False
2021-10-09 03:40:00,,False
2021-10-09 03:50:00,-1.0187514528068882,False
2021-10-09 04:00:00,-1.0640287925428893,False
2021-10-09 04:10:00,-0.8987120609273566,False
2021-10-09 04:20:00,,False
2021-10-09 04:30:00,-0.9972069215505096,False
2021-10-09 04:40:00,-0.7646277252283588,False
2021-10-09 04:50:00,,False
2021-10-09 05:00:00,-1.0564222954458191,False
2021-10-09 05:10:00,-1.0937090365467195,False
2021-10-09 05:20:00,-1.1053328879225617,False
2021-10-09 05:30:00,-0.9139899142649756,False
2021-10-09 05:40:00,-1.057362824142571,False
2021-10-09 05:50:00,-1.1727361872007886,False
2021-10-09 06:00:00,-0.7756760295870373,False
2021-10-09 06:10:00,-0.990966358895021,False
2021-10-09 06:20:00,-1.1017526934782815,False
2021-10-09 06:30:00,-0.9525940221646281,False
2021-10-09 06:40:00,-1.0469380403585153,False
2021-10-09 06:50:00,-1.0605680427319573,False
2021-10-09 07:00:00,-1.1250703368342914,False
2021-10-09 07:10:00,-0.9147123184884673,False
2021-10-09 07:20:00,-1.0938575686303056,False
2021-10-09 07:30:00,-0.9074672152112315,False
2021-10-09 07:40:00,-1.0463213439460164,False
2021-10-09 07:50:00,-1.0219213938332783,False
2021-10-09 08:00:00,-1.0058274592856233,False
2021-10-09 08:10:00,-1.025197261396806,False
2021-10-09 08:20:00,-1.094463930586809,False
2021-10-09 08:30:00,-1.0837229321449127,False
2021-10-09 08:40:00,-1.1072561768332014,False
2021-10-09 08:50:00,-0.9080610846253605,False
2021-10-09 09:00:00,-0.9252845901800729,False
2021-10-09 09:10:00,-0.9366184789848314,False
2021-10-09 09:20:00,-0.9897377277759483,False
2021-10-09 09:30:00,-0.8727046762589838,False
2021-10-09 09:40:00,-0.8563970170291414,False
2021-10-09 09:50:00,-1.0107221578035888,False
2021-10-09 10:00:00,-1.1433590184852251,False
2021-10-09 10:10:00,-0.9481215369417136,False
2021-10-09 10:20:00,-1.0138662559134302,False
2021-10-09 10:30:00,-1.0698684842577015,False
2021-10-09 10:40:00,-1.0536970261294878,False
2021-10-09 10:50:00,-1.1119234408419798,False
2021-10-09 11:00:00,-0.7223160333265849,False
2021-10-09 11:10:00,-0.9322697558453051,False
2021-10-09 11:20:00,-0.8990423212258062,False
2021-10-09 11:30:00,-1.072919952498821,False
2021-10-09 11:40:00,-0.8417964478578043,False
2021-10-09 11:50:00,-1.002712071254826,False
2021-10-09 12:00:00,-1.0037069184809335,False
2021-10-09 12:10:00,-1.0211668902675475,False
2021-10-09 12:20:00,-0.8383315406274777,False
2021-10-09 12:30:00,-1.2326754731133538,False
2021-10-09 12:40:00,-1.1249198354432393,False
2021-10-09 12:50:00,-1.1485605355006292,False
2021-10-09 13:00:00,-1.064808492414969,False
2021-10-09 13:10:00,-0.8868007210586075,False
2021-10-09 13:20:00,-1.0257054936281187,False
2021-10-09 13:30:00,-1.1293367293320007,False
2021-10-09 13:40:00,-0.967443232476284,False
2021-10-09 13:50:00,-1.0534774836399512,False
2021-10-09 14:00:00,-0.9165455053767708,False
2021-10-09 14:10:00,-0.9782763135518981,False
2021-10-09 14:20:00,,False
2021-10-09 14:30:00,-1.1243411680806936,False
2021-10-09 14:40:00,-0.9810535288817612,False
2021-10-09 14:50:00,-1.1365341934782631,False
2021-10-09 15:00:00,-1.1022367033803329,False
2021-10-09 15:10:00,-1.032196736150835,False
2021-10-09 15:20:00,,False
2021-10-09 15:30:00,-1.017976888284251,False
2021-10-09 15:40:00,-1.0205076709176957,False
2021-10-09 15:50:00,-0.8577936769617235,False
2021-10-09 16:00:00,-1.1342577484727625,False
2021-10-09 16:10:00,-0.8386760225721449,False
2021-10-09 16:20:00,-1.0519409302016307,False
2021-10-09 16:30:00,-1.0194756272701568,False
2021-10-09 16:40:00,-0.9864564049651292,False
2021-10-09 16:50:00,-1.0805736831960675,False
2021-10-09 17:00:00,-1.0556792785735025,False
2021-10-09 17:10:00,-0.9426041472139546,False
2021-10-09 17:20:00,-1.1789711385292432,False
2021-10-09 17:30:00,-0.9803726883957764,False
2021-10-09 17:40:00,-0.8843723150344511,False
2021-10-09 17:50:00,-1.1543242138024703,False
2021-10-09 18:00:00,-1.1175174553964282,False
2021-10-09 18:10:00,-0.9655882478465331,False
2021-10-09 18:20:00,,False
2021-10-09 18:30:00,-1.070286142796435,False
2021-10-09 18:40:00,-0.9459747146267052,False
2021-10-09 18:50:00,-0.980914673462874,False
2021-10-09 19:00:00,-0.9886080125435202,False
2021-10-09 19:10:00,,False
2021-10-09 19:20:00,-0.8259289861524113,False
2021-10-09 19:30:00,-1.024694901801372,False
2021-10-09 19:40:00,-0.8683325510044664,False
2021-10-09 19:50:00,-0.8522027885733701,False
2021-10-09 20:00:00,-1.1949707525350317,False
2021-10-09 20:10:00,-0.9722685510202698,False
2021-10-09 20:20:00,,False
2021-10-09 20:30:00,-1.0847055090164508,False
2021-10-09 20:40:00,-1.0084011798113115,False
2021-10-09 20:50:00,-1.0319073201564122,False
2021-10-09 21:00:00,-0.8907641873753567,False
2021-10-09 21:10:00,-0.9532517914297944,False
2021-10-09 21:20:00,-1.041616145538073,False
2021-10-09 21:30:00,-0.9469482274188655,False
2021-10-09 21:40:00,-0.9196544009813693,False
2021-10-09 21:50:00,-1.0933898456877091,False
2021-10-09 22:00:00,-0.9764586502520542,False
2021-10-09 22:10:00,-1.040378285548398,False
2021-10-09 22:20:00,-0.8690007432209458,False
2021-10-09 22:30:00,-1.0301455792897747,False
2021-10-09 22:40:00,-1.0713531896641757,False
2021-10-09 22:50:00,-0.9282500015830921,False
2021-10-09 23:00:00,-0.9712054881856494,False
2021-10-09 23:10:00,-1.2015612527361061,False
2021-10-09 23:20:00,-1.3042244403559964,False
2021-10-09 23:30:00,-1.0842363189835358,False
2021-10-09 23:40:00,-1.0083678609444002,False
2021-10-09 23:50:00,-1.2687957957532123,False
2021-10-10 00:00:00,-1.0253825305676447,False
2021-10-10 00:10:00,-1.0162723104222238,False
2021-10-10 00:20:00,-0.8892432336801083,False
2021-10-10 00:30:00,-0.8290651345844454,False
2021-10-10 00:40:00,,False
2021-10-10 00:50:00,-1.0678153417629563,False
2021-10-10 01:00:00,-0.9107944955297135,False
2021-10-10 01:10:00,-0.9610555891578965,False
2021-10-10 01:20:00,-0.9855581297883568,False
2021-10-10 01:30:00,-1.0511911965196292,False
2021-10-10 01:40:00,-1.026241548146883,False
2021-10-10 01:50:00,-0.8329723520829253,False
2021-10-10 02:00:00,-0.970422836703467,False
2021-10-10 02:10:00,-1.1669919744062336,False
2021-10-10 02:20:00,-0.8957457399526396,False
2021-10-10 02:30:00,-0.9029979197854017,False
2021-10-10 02:40:00,-1.0913754375123303,False
2021-10-10 02:50:00,-1.101881506075353,False
2021-10-10 03:00:00,-1.0342752471081504,False
2021-10-10 03:10:00,-0.9355012852484071,False
2021-10-10 03:20:00,-1.0621216843404617,False
2021-10-10 03:30:00,-1.003280613033262,False
2021-10-10 03:40:00,-1.071194046530397,False
2021-10-10 03:50:00,-1.1237921553729344,False
2021-10-10 04:00:00,-1.0366019477434383,False
2021-10-10 04:10:00,-1.015283052380662,False
2021-10-10 04:20:00,-0.8026614157461872,False
2021-10-10 04:30:00,-1.2226777843668424,False
2021-10-10 04:40:00,-1.037715400042255,False
2021-10-10 04:50:00,-1.0424133132462743,False
2021-10-10 05:00:00,-0.8488969586177548,False
2021-10-10 05:10:00,-1.1612734020632205,False
2021-10-10 05:20:00,-1.1072597663277945,False
2021-10-10 05:30:00,-1.0898255525782556,False
2021-10-10 05:40:00,-1.108751164622334,False
2021-10-10 05:50:00,-1.1463410672196914,False
2021-10-10 06:00:00,-0.9703190051448729,False
2021-10-10 06:10:00,,False
2021-10-10 06:20:00,-0.9334618877012058,False
2021-10-10 06:30:00,-0.9375826721226178,False
2021-10-10 06:40:00,-1.0802190321977345,False
2021-10-10 06:50:00,-1.138760124793157,False
2021-10-10 07:00:00,-0.9759759193598747,False
2021-10-10 07:10:00,-0.96475493884207,False
2021-10-10 07:20:00,-0.9047706310712926,False
2021-10-10 07:30:00,-1.1013420077591127,False
2021-10-10 07:40:00,-0.9430897681158155,False
2021-10-10 07:50:00,,False
2021-10-10 08:00:00,-0.9531385334835846,False
2021-10-10 08:10:00,-1.0214530560576252,False
2021-10-10 08:20:00,-1.0014898893272732,False
2021-10-10 08:30:00,-1.205502852103698,False
2021-10-10 08:40:00,-1.2287516356029318,False
2021-10-10 08:50:00,-1.134716425785591,False
2021-10-10 09:00:00,-0.9342640640417692,False
2021-10-10 09:10:00,-0.9853190881592765,False
2021-10-10 09:20:00,-1.0045504055785908,False
2021-10-10 09:30:00,-1.070220427314684,False
2021-10-10 09:40:00,-0.931400222098002,False
2021-10-10 09:50:00,-0.9925020129923787,False
2021-10-10 10:00:00,-1.0007063582249014,False
2021-10-10 10:10:00,-0.9406703388798835,False
2021-10-10 10:20:00,-0.9764361298853022,False
2021-10-10 10:30:00,-1.0707269805358781,False
2021-10-10 10:40:00,,False
2021-10-10 10:50:00,-0.9368182221891342,False
2021-10-10 11:00:00,-0.947175573928889,False
2021-10-10 11:10:00,-1.0140841040394741,False
2021-10-10 11:20:00,-0.9575757163998915,False
2021-10-10 11:30:00,-1.0374102044596896,False
2021-10-10 11:40:00,-1.1182870887868614,False
2021-10-10 11:50:00,-1.0074866630142085,False
2021-10-10 12:00:00,-0.9621264757090116,False
2021-10-10 12:10:00,-1.0913131944558017,False
2021-10-10 12:20:00,-0.894145412899714,False
2021-10-10 12:30:00,-0.9966344564035686,False
2021-10-10 12:40:00,-0.9713346372817191,False
2021-10-10 12:50:00,-1.0090546038279378,False
2021-10-10 13:00:00,-1.036525089383019,False
2021-10-10 13:10:00,-1.2568707835546928,False
2021-10-10 13:20:00,-1.0577296914828944,False
2021-10-10 13:30:00,-0.834187598728178,False
2021-10-10 13:40:00,-1.01711068662605,False
2021-10-10 13:50:00,-1.2113649142226086,False
2021-10-10 14:00:00,-1.0249561335638613,False
2021-10-10 14:10:00,-1.0090859724563574,False
2021-10-10 14:20:00,-0.9498440392000885,False
2021-10-10 14:30:00,-0.9722377803947924,False
2021-10-10 14:40:00,-1.1173745774468151,False
2021-10-10 14:50:00,-1.2034848668572373,False
2021-10-10 15:00:00,,False
2021-10-10 15:10:00,-1.2114007799889366,False
2021-10-10 15:20:00,-1.045016759045575,False
2021-10-10 15:30:00,-0.9320637852546619,False
2021-10-10 15:40:00,,False
2021-10-10 15:50:00,-1.1630766932798142,False
2021-10-10 16:00:00,-1.1083828352947678,False
2021-10-10 16:10:00,-1.0071670504321997,False
2021-10-10 16:20:00,-0.8805674848503184,False
2021-10-10 16:30:00,-0.9965838927026178,False
2021-10-10 16:40:00,-1.00097342058619,False
2021-10-10 16:50:00,-1.0019885967817546,False
2021-10-10 17:00:00,-1.0227975392269488,False
2021-10-10 17:10:00,-1.1443701894538498,False
2021-10-10 17:20:00,-0.977312656633683,False
2021-10-10 17:30:00,-1.0545675866963915,False
2021-10-10 17:40:00,,False
2021-10-10 17:50:00,-1.0749045619865003,False
2021-10-10 18:00:00,-1.0870631506260926,False
2021-10-10 18:10:00,-0.9578883467017316,False
2021-10-10 18:20:00,-1.0661510275194692,False
2021-10-10 18:30:00,-0.8783300645412258,False
2021-10-10 18:40:00,-1.0102475197673049,False
2021-10-10 18:50:00,-1.0021365187157962,False
2021-10-10 19:00:00,-1.0537010908615876,False
2021-10-10 19:10:00,-1.0744110940864569,False
2021-10-10 19:20:00,-1.080001897772056,False
2021-10-10 19:30:00,-0.9627644714354082,False
2021-10-10 19:40:00,-0.9698539312782493,False
2021-10-10 19:50:00,-1.032807710586433,False
2021-10-10 20:00:00,-0.956117801539297,False
2021-10-10 20:10:00,-1.346673884147045,False
2021-10-10 20:20:00,-0.8614217214450228,False
2021-10-10 20:30:00,-1.082285185498823,False
2021-10-10 20:40:00,-1.2283458749082745,False
2021-10-10 20:50:00,-1.0573410407077128,False
2021-10-10 21:00:00,-1.097667154810605,False
2021-10-10 21:10:00,-1.089632686693505,False
2021-10-10 21:20:00,-1.0265200451730918,False
2021-10-10 21:30:00,-1.0298815458690593,False
2021-10-10 21:40:00,-0.9960205514998268,False
2021-10-10 21:50:00,-1.0104476849854147,False
2021-10-10 22:00:00,-1.0000894910611573,False
2021-10-10 22:10:00,-0.9969098899650297,False
2021-10-10 22:20:00,-0.9094621373198337,False
2021-10-10 22:30:00,-1.1205014205956303,False
2021-10-10 22:40:00,-0.9505233190739686,False
2021-10-10 22:50:00,,False
2021-10-10 23:00:00,-0.8187723276853496,False
2021-10-10 23:10:00,-0.979953393642611,False
2021-10-10 23:20:00,-1.0938265550533972,False
2021-10-10 23:30:00,-0.891985123259979,False
2021-10-10 23:40:00,-0.8415388206694945,False
2021-10-10 23:50:00,-0.94586264656561,False
2021-10-11 00:00:00,-1.0808417390400507,False
2021-10-11 00:10:00,-0.8477734525098335,False
2021-10-11 00:20:00,-1.0429683082550367,False
2021-10-11 00:30:00,,False
2021-10-11 00:40:00,-1.0754383319819905,False
2021-10-11 00:50:00,-1.1073557875593638,False
2021-10-11 01:00:00,-1.1035656739704793,False
2021-10-11 01:10:00,-0.9733387479531408,False
2021-10-11 01:20:00,-0.9975156357645477,False
2021-10-11 01:30:00,-1.0214373659555698,False
2021-10-11 01:40:00,-1.0328867155448573,False
2021-10-11 01:50:00,-1.1222091471552336,False
2021-10-11 02:00:00,-1.0091293994688062,False
2021-10-11 02:10:00,-1.0683559342654094,False
2021-10-11 02:20:00,-1.047749715886974,False
2021-10-11 02:30:00,-1.0029632891462217,False
2021-10-11 02:40:00,-1.0380929051274483,False
2021-10-11 02:50:00,-1.1314836730404267,False
2021-10-11 03:00:00,-1.027682221021072,False
2021-10-11 03:10:00,-1.000231840960617,False
2021-10-11 03:20:00,,False
2021-10-11 03:30:00,-1.032197373076325,False
2021-10-11 03:40:00,-0.9137876252740784,False
2021-10-11 03:50:00,-0.9627637550964955,False
2021-10-11 04:00:00,-1.055358601733101,False
2021-10-11 04:10:00,-0.8554785901612514,False
2021-10-11 04:20:00,-0.9562431806784082,False
2021-10-11 04:30:00,-0.9360326912064051,False
2021-10-11 04:40:00,-0.9637636622847283,False
2021-10-11 04:50:00,-1.167180519587615,False
2021-10-11 05:00:00,-1.1291736043729343,False
2021-10-11 05:10:00,-1.005610382590855,False
2021-10-11 05:20:00,-1.0863811174473932,False
2021-10-11 05:30:00,-0.8860612414811333,False
2021-10-11 05:40:00,,False
2021-10-11 05:50:00,-0.9947315152163374,False
2021-10-11 06:00:00,-1.0069242281295578,False
2021-10-11 06:10:00,-0.9827073273309574,False
2021-10-11 06:20:00,-0.8796741563079871,False
2021-10-11 06:30:00,-1.0151155724967322,False
2021-10-11 06:40:00,-1.1882815076445126,False
2021-10-11 06:50:00,-0.776012826770044,False
2021-10-11 07:00:00,-1.0210598714277066,False
2021-10-11 07:10:00,-1.0273679761238075,False
2021-10-11 07:20:00,-0.9430360374828267,False
2021-10-11 07:30:00,-1.1186654226964516,False
2021-10-11 07:40:00,-1.0531989508106858,False
2021-10-11 07:50:00,-1.055757640039682,False
2021-10-11 08:00:00,-0.9936475663918062,False
2021-10-11 08:10:00,-1.1697566716100511,False
2021-10-11 08:20:00,-0.9494135760170248,False
2021-10-11 08:30:00,-1.1737075961203707,False
2021-10-11 08:40:00,-1.1183393312537862,False
2021-10-11 08:50:00,-0.9972074680325475,False
2021-10-11 09:00:00,-1.1470169797466752,False
2021-10-11 09:10:00,-0.9031172764689358,False
2021-10-11 09:20:00,-0.9824953068282385,False
2021-10-11 09:30:00,-1.1483088190028494,False
2021-10-11 09:40:00,-0.9608947413771662,False
2021-10-11 09:50:00,-0.9316660439588877,False
2021-10-11 10:00:00,-1.0329401813502312,False
2021-10-11 10:10:00,-1.0380600739123387,False
2021-10-11 10:20:00,-0.9900857016836692,False
2021-10-11 10:30:00,-0.8502804281911429,False
2021-10-11 10:40:00,-1.035797696893502,False
2021-10-11 10:50:00,-0.9345197277708298,False
2021-10-11 11:00:00,-0.9485374187145952,False
2021-10-11 11:10:00,-1.101007967844729,False
2021-10-11 11:20:00,-0.942848732373741,False
2021-10-11 11:30:00,-0.8851347687276813,False
2021-10-11 11:40:00,-1.0363080966832945,False
2021-10-11 11:50:00,-1.1213561623421917,False
2021-10-11 12:00:00,-0.9807742024809651,False
2021-10-11 12:10:00,-1.0958165302402947,False
2021-10-11 12:20:00,-1.0957543761942032,False
2021-10-11 12:30:00,-1.0174323175964473,False
2021-10-11 12:40:00,-1.1881770138568237,False
2021-10-11 12:50:00,-0.965380471653253,False
2021-10-11 13:00:00,-1.0597697545766909,False
2021-10-11 13:10:00,-0.9974260505900359,False
2021-10-11 13:20:00,-1.0523196440286933,False
2021-10-11 13:30:00,-1.114150218110534,False
2021-10-11 13:40:00,-1.024031053538071,False
2021-10-11 13:50:00,-1.0362175741080168,False
2021-10-11 14:00:00,-1.0577882820433155,False
2021-10-11 14:10:00,-1.043052469443127,False
2021-10-11 14:20:00,-1.2148354335985112,False
2021-10-11 14:30:00,-0.9483686405698308,False
2021-10-11 14:40:00,-0.867081136765927,False
2021-10-11 14:50:00,-0.9887524933495541,False
2021-10-11 15:00:00,-1.0858573454698552,False
2021-10-11 15:10:00,-1.163545274130939,False
2021-10-11 15:20:00,-1.0284183336560484,False
2021-10-11 15:30:00,-1.062047008502101,False
2021-10-11 15:40:00,-1.1077016379765452,False
2021-10-11 15:50:00,-0.9229917642578139,False
2021-10-11 16:00:00,-1.105902383352111,False
2021-10-11 16:10:00,-0.9266565601213996,False
2021-10-11 16:20:00,-1.0168631898220577,False
2021-10-11 16:30:00,-0.8740611169331238,False
2021-10-11 16:40:00,-0.8777558984200994,False
2021-10-11 16:50:00,-1.0263305866781343,False
2021-10-11 17:00:00,-1.121449198212856,False
2021-10-11 17:10:00,-0.8266121769528355,False
2021-10-11 17:20:00,-0.9882153776699162,False
2021-10-11 17:30:00,-0.7742371948630514,False
2021-10-11 17:40:00,-0.9769494392191252,False
2021-10-11 17:50:00,-1.0585254990302242,False
2021-10-11 18:00:00,-0.9643670153124373,False
2021-10-11 18:10:00,-1.1265604281267192,False
2021-10-11 18:20:00,-0.9676584737956526,False
2021-10-11 18:30:00,-0.9136581892231443,False
2021-10-11 18:40:00,-0.8331618486437745,False
2021-10-11 18:50:00,-0.9049036930557268,False
2021-10-11 19:00:00,-0.9247685994418245,False
2021-10-11 19:10:00,-1.267744183016142,False
2021-10-11 19:20:00,-1.079245594263657,False
2021-10-11 19:30:00,-0.931812279638451,False
2021-10-11 19:40:00,-0.9241916618466723,False
2021-10-11 19:50:00,-0.9816001821131568,False
2021-10-11 20:00:00,-0.9692316229166628,False
2021-10-11 20:10:00,-0.9130273468058085,False
2021-10-11 20:20:00,-0.9488113254597494,False
2021-10-11 20:30:00,-0.8843753922421697,False
2021-10-11 20:40:00,-1.0657421546700137,False
2021-10-11 20:50:00,-0.8860381423940478,False
2021-10-11 21:00:00,-1.064844056305351,False
2021-10-11 21:10:00,-0.8898193305311252,False
2021-10-11 21:20:00,-1.206948537778399,False
2021-10-11 21:30:00,-1.1603193280167012,False
2021-10-11 21:40:00,-0.9089014749195482,False
2021-10-11 21:50:00,-0.9946981384137069,False
2021-10-11 22:00:00,-1.1833027436024632,False
2021-10-11 22:10:00,-1.1039531410430954,False
2021-10-11 22:20:00,-1.1433095422913857,False
2021-10-11 22:30:00,-1.0304715860908988,False
2021-10-11 22:40:00,-1.0630722097840943,False
2021-10-11 22:50:00,-1.1547930261087076,False
2021-10-11 23:00:00,-1.015892173138781,False
2021-10-11 23:10:00,-0.9645287313015849,False
2021-10-11 23:20:00,-1.070645464771402,False
2021-10-11 23:30:00,-1.148183489183316,False
2021-10-11 23:40:00,-0.7923169345960571,False
2021-10-11 23:50:00,-0.905029795872895,False
2021-10-12 00:00:00,-1.022337204975809,False
2021-10-12 00:10:00,-1.095937803557941,False
2021-10-12 00:20:00,-0.9483746962046629,False
2021-10-12 00:30:00,-0.9430825092411795,False
2021-10-12 00:40:00,-0.972641697168286,False
2021-10-12 00:50:00,-1.1026715298241627,False
2021-10-12 01:00:00,-0.8433904943248213,False
2021-10-12 01:10:00,-1.089644770595393,False
2021-10-12 01:20:00,-0.9473280665530063,False
2021-10-12 01:30:00,-1.0550793176008526,False
2021-10-12 01:40:00,-1.0934415448161816,False
2021-10-12 01:50:00,-0.8975632270910199,False
2021-10-12 02:00:00,-1.1120704802336805,False
2021-10-12 02:10:00,-1.14000101925398,False
2021-10-12 02:20:00,-0.8900798308098568,False
2021-10-12 02:30:00,-1.1308744291789423,False
2021-10-12 02:40:00,-0.8936988612509883,False
2021-10-12 02:50:00,-0.946586114494562,False
2021-10-12 03:00:00,-0.8682060127868012,False
2021-10-12 03:10:00,-0.9509448464631598,False
2021-10-12 03:20:00,-1.0794916442625222,False
2021-10-12 03:30:00,-1.1150263876172832,False
2021-10-12 03:40:00,-1.0089883496342977,False
2021-10-12 03:50:00,-0.9243418409738551,False
2021-10-12 04:00:00,-0.9717309551365381,False
2021-10-12 04:10:00,-0.9124733525306117,False
2021-10-12 04:20:00,-0.9369122742578953,False
2021-10-12 04:30:00,-0.9531051733824063,False
2021-10-12 04:40:00,,False
2021-10-12 04:50:00,-1.0207178225283313,False
2021-10-12 05:00:00,-1.0826211134983312,False
2021-10-12 05:10:00,-1.1314998538861396,False
2021-10-12 05:20:00,-0.9686380888281433,False
2021-10-12 05:30:00,-0.9080385092046028,False
2021-10-12 05:40:00,-1.0322183190456782,False
2021-10-12 05:50:00,-0.9422797461200616,False
2021-10-12 06:00:00,-1.0078347283301907,False
2021-10-12 06:10:00,-0.9368910842529035,False
2021-10-12 06:20:00,-0.7660423148786899,False
2021-10-12 06:30:00,-0.9524269156594873,False
2021-10-12 06:40:00,-0.7841639909055634,False
2021-10-12 06:50:00,-1.1850756516842746,False
2021-10-12 07:00:00,-0.9958045960315849,False
2021-10-12 07:10:00,-0.9759676569378852,False
2021-10-12 07:20:00,-1.0674983961041293,False
2021-10-12 07:30:00,-0.9480284377771787,False
2021-10-12 07:40:00,-1.0929154632277445,False
2021-10-12 07:50:00,-1.1256721968813226,False
2021-10-12 08:00:00,-1.099410918800149,False
2021-10-12 08:10:00,-0.9636020667641949,False
2021-10-12 08:20:00,-1.1055797632224373,False
2021-10-12 08:30:00,-0.8399031293766186,False
2021-10-12 08:40:00,-1.0623426819242332,False
2021-10-12 08:50:00,,False
2021-10-12 09:00:00,-0.7505288736503823,False
2021-10-12 09:10:00,-0.9460967593413449,False
2021-10-12 09:20:00,-0.9379506444239928,False
2021-10-12 09:30:00,-1.0431939012042342,False
2021-10-12 09:40:00,,False
2021-10-12 09:50:00,-0.7931600655218892,False
2021-10-12 10:00:00,-1.1324325756843017,False
2021-10-12 10:10:00,-1.0970660116805728,False
2021-10-12 10:20:00,-0.9998410770945243,False
2021-10-12 10:30:00,-0.9542882579230817,False
2021-10-12 10:40:00,-1.0381837464548884,False
2021-10-12 10:50:00,-0.8446626690683525,False
2021-10-12 11:00:00,-0.9714210538980504,False
2021-10-12 11:10:00,-0.8812492826964442,False
2021-10-12 11:20:00,-1.120501047047235,False
2021-10-12 11:30:00,-1.0067826439651189,False
2021-10-12 11:40:00,-1.1275800245115948,False
2021-10-12 11:50:00,-1.1202120325228107,False
2021-10-12 12:00:00,-1.0265878306560314,False
2021-10-12 12:10:00,-1.0032681748854817,False
2021-10-12 12:20:00,-1.0310184823171227,False
2021-10-12 12:30:00,-0.8052248657724653,False
2021-10-12 12:40:00,-0.8878603840225276,False
2021-10-12 12:50:00,-1.0476946956665727,False
2021-10-12 13:00:00,-0.9532487393123802,False
2021-10-12 13:10:00,-0.9174626047116471,False
2021-10-12 13:20:00,-1.1164966226946698,False
2021-10-12 13:30:00,-1.0302621425806484,False
2021-10-12 13:40:00,-1.0155545902045326,False
2021-10-12 13:50:00,-1.0276876011234994,False
2021-10-12 14:00:00,-0.8105838430132436,False
2021-10-12 14:10:00,-0.9500291676598734,False
2021-10-12 14:20:00,-1.140669698447788,False
2021-10-12 14:30:00,-0.9653640951838733,False
2021-10-12 14:40:00,,False
2021-10-12 14:50:00,,False
2021-10-12 15:00:00,-0.8593860354935969,False
2021-10-12 15:10:00,-0.8879978607658023,False
2021-10-12 15:20:00,-0.898441014871425,False
2021-10-12 15:30:00,-1.0880650801169867,False
2021-10-12 15:40:00,-0.9011205008540559,False
2021-10-12 15:50:00,-1.0035253015487449,False
2021-10-12 16:00:00,-1.0999174247491545,False
2021-10-12 16:10:00,-0.9127319390908595,False
2021-10-12 16:20:00,-1.0008012588364223,False
2021-10-12 16:30:00,-1.208614650721803,False
2021-10-12 16:40:00,-1.0314095802745948,False
2021-10-12 16:50:00,-0.9513822594234043,False
2021-10-12 17:00:00,-0.9841916906245746,False
2021-10-12 17:10:00,-1.135994201605742,False
2021-10-12 17:20:00,-0.9003126871427435,False
2021-10-12 17:30:00,-0.9723161688301228,False
2021-10-12 17:40:00,-0.7626165189950922,False
2021-10-12 17:50:00,-1.0716471768055966,False
2021-10-12 18:00:00,-0.8738634377658989,False
2021-10-12 18:10:00,-0.8472820430033008,False
2021-10-12 18:20:00,-0.8689153804985428,False
2021-10-12 18:30:00,-0.8468015534860137,False
2021-10-12 18:40:00,-0.941227858622043,False
2021-10-12 18:50:00,,False
2021-10-12 19:00:00,-1.0758216426541285,False
2021-10-12 19:10:00,-1.0414774034766108,False
2021-10-12 19:20:00,-0.9931826064857654,False
2021-10-12 19:30:00,-0.8008503337051627,False
2021-10-12 19:40:00,-1.006453841871634,False
2021-10-12 19:50:00,-0.7932951992879163,False
2021-10-12 20:00:00,-1.0321492368920724,False
2021-10-12 20:10:00,-1.0317051032994877,False
2021-10-12 20:20:00,-0.9365614924089303,False
2021-10-12 20:30:00,-1.054023688905577,False
2021-10-12 20:40:00,-1.0468238772268654,False
2021-10-12 20:50:00,-0.8530602309473051,False
2021-10-12 21:00:00,-0.9462546082723384,False
2021-10-12 21:10:00,-0.9933959041291064,False
2021-10-12 21:20:00,-1.1128889037572782,False
2021-10-12 21:30:00,-1.062294392927965,False
2021-10-12 21:40:00,-1.0471350408292297,False
2021-10-12 21:50:00,-0.9538242205376106,False
2021-10-12 22:00:00,-0.9494421541322229,False
2021-10-12 22:10:00,-1.0262529787961177,False
2021-10-12 22:20:00,-1.0005488483453548,False
2021-10-12 22:30:00,-0.7643744958379631,False
2021-10-12 22:40:00,-1.0876790933989517,False
2021-10-12 22:50:00,-0.8834390654457551,False
2021-10-12 23:00:00,-1.0589433192519733,False
2021-10-12 23:10:00,-1.2283822959050112,False
2021-10-12 23:20:00,-0.9879317284767684,False
2021-10-12 23:30:00,-1.0859396846849099,False
2021-10-12 23:40:00,-1.1143450643182349,False
2021-10-12 23:50:00,-0.7484101062276397,False
2021-10-13 00:00:00,-1.0396144203478894,False
2021-10-13 00:10:00,-0.9404480687879757,False
2021-10-13 00:20:00,,False
2021-10-13 00:30:00,-0.7608720647409465,False
2021-10-13 00:40:00,-0.9752545615877027,False
2021-10-13 00:50:00,-0.9997437736900019,False
2021-10-13 01:00:00,-0.9902234540861568,False
2021-10-13 01:10:00,-0.9925806432743908,False
2021-10-13 01:20:00,-0.9749607557300431,False
2021-10-13 01:30:00,-0.9118719830898597,False
2021-10-13 01:40:00,-1.0814743325363816,False
2021-10-13 01:50:00,-1.0829102829777029,False
2021-10-13 02:00:00,,False
2021-10-13 02:10:00,-0.9353268690512717,False
2021-10-13 02:20:00,-0.833545626785422,False
2021-10-13 02:30:00,-0.9467960615900428,False
2021-10-13 02:40:00,-1.0753987443386426,False
2021-10-13 02:50:00,-0.8641699289571373,False
2021-10-13 03:00:00,-0.8388132429709153,False
2021-10-13 03:10:00,-1.0769709154032971,False
2021-10-13 03:20:00,-1.0060725337745966,False
2021-10-13 03:30:00,-0.984258096373097,False
2021-10-13 03:40:00,-1.0810680854480188,False
2021-10-13 03:50:00,-0.7968927967621914,False
2021-10-13 04:00:00,-1.2324737502077425,False
2021-10-13 04:10:00,-1.0399340212181152,False
2021-10-13 04:20:00,-0.8254119095352208,False
2021-10-13 04:30:00,-0.9686128504441165,False
2021-10-13 04:40:00,-1.0237630202181516,False
2021-10-13 04:50:00,-1.1927960000098348,False
2021-10-13 05:00:00,-1.1457920920657785,False
2021-10-13 05:10:00,-0.7682886441086121,False
2021-10-13 05:20:00,-0.8688778583896151,False
2021-10-13 05:30:00,-1.105842005392018,False
2021-10-13 05:40:00,-0.9956490292832986,False
2021-10-13 05:50:00,-0.8913191920119838,False
2021-10-13 06:00:00,,False
2021-10-13 06:10:00,-0.9776049704760946,False
2021-10-13 06:20:00,-1.0294298999195504,False
2021-10-13 06:30:00,-0.8472684349720266,False
2021-10-13 06:40:00,-0.9409886883022386,False
2021-10-13 06:50:00,-0.8930433737008173,False
2021-10-13 07:00:00,-1.0670887631545884,False
2021-10-13 07:10:00,-0.9299967314695916,False
2021-10-13 07:20:00,-0.8752007753360366,False
2021-10-13 07:30:00,-1.021498214911173,False
2021-10-13 07:40:00,-0.8082312939539196,False
2021-10-13 07:50:00,-1.009904879597792,False
2021-10-13 08:00:00,-0.9308491096293482,False
2021-10-13 08:10:00,-0.8620951710492897,False
2021-10-13 08:20:00,-0.9118341683211617,False
2021-10-13 08:30:00,-0.9993712601795737,False
2021-10-13 08:40:00,-0.9869059490050328,False
2021-10-13 08:50:00,-1.0789520307844271,False
2021-10-13 09:00:00,-1.0498550238239144,False
2021-10-13 09:10:00,-1.0299503207492966,False
2021-10-13 09:20:00,-1.0377285088902224,False
2021-10-13 09:30:00,-1.1177674023409354,False
2021-10-13 09:40:00,-0.8997810192521642,False
2021-10-13 09:50:00,-0.9843206572671198,False
2021-10-13 10:00:00,,False
2021-10-13 10:10:00,-0.8703970827139278,False
2021-10-13 10:20:00,-1.0260160648356718,False
2021-10-13 10:30:00,,False
2021-10-13 10:40:00,-0.955480937751643,False
2021-10-13 10:50:00,-1.071416412358205,False
2021-10-13 11:00:00,-1.0926502075197742,False
2021-10-13 11:10:00,-0.991748254140929,False
2021-10-13 11:20:00,-0.8043967132178131,False
2021-10-13 11:30:00,-1.0894495164651252,False
2021-10-13 11:40:00,-0.9295371524770623,False
2021-10-13 11:50:00,-1.0064580314310774,False
2021-10-13 12:00:00,-0.8376337460314485,False
2021-10-13 12:10:00,-0.8951049183995841,False
2021-10-13 12:20:00,-0.8460483354643384,False
2021-10-13 12:30:00,-0.9210109288925348,False
2021-10-13 12:40:00,-0.8694802369469112,False
2021-10-13 12:50:00,-0.9314931580486778,False
2021-10-13 13:00:00,-1.0198281088195547,False
2021-10-13 13:10:00,-1.0852820463673287,False
2021-10-13 13:20:00,-0.9913546070223129,False
2021-10-13 13:30:00,-1.0815878641383456,False
2021-10-13 13:40:00,-0.8784482582409798,False
2021-10-13 13:50:00,-1.213031050465644,False
2021-10-13 14:00:00,-0.9742395084670404,False
2021-10-13 14:10:00,-0.9947941241045862,False
2021-10-13 14:20:00,-1.0517445308255056,False
2021-10-13 14:30:00,-0.8954878779212471,False
2021-10-13 14:40:00,-0.9380980768031837,False
2021-10-13 14:50:00,-0.923870310455672,False
2021-10-13 15:00:00,-1.211781545163418,False
2021-10-13 15:10:00,-1.0109703445875795,False
2021-10-13 15:20:00,-1.0218088331337596,False
2021-10-13 15:30:00,,False
2021-10-13 15:40:00,-0.995484174170675,False
2021-10-13 15:50:00,-1.1577876289197453,False
2021-10-13 16:00:00,-1.1830566252662436,False
2021-10-13 16:10:00,-0.988973733832429,False
2021-10-13 16:20:00,-1.014352265418486,False
2021-10-13 16:30:00,-0.9890331601269909,False
2021-10-13 16:40:00,-1.0144944900179216,False
2021-10-13 16:50:00,,False
2021-10-13 17:00:00,-1.0646292245473976,False
2021-10-13 17:10:00,-0.9547192781257322,False
2021-10-13 17:20:00,-0.9195282859393944,False
2021-10-13 17:30:00,-1.0537991999531389,False
2021-10-13 17:40:00,-0.8379823018101674,False
2021-10-13 17:50:00,-0.7776693093588111,False
2021-10-13 18:00:00,-0.9595859466841683,False
2021-10-13 18:10:00,-0.9854486904566674,False
2021-10-13 18:20:00,-0.9215460026627597,False
2021-10-13 18:30:00,-1.1530344680358469,False
2021-10-13 18:40:00,-1.1193462134736198,False
2021-10-13 18:50:00,-0.9108176562689204,False
2021-10-13 19:00:00,-0.9402963092251918,False
2021-10-13 19:10:00,-1.0908337625385358,False
2021-10-13 19:20:00,-1.052883878835463,False
2021-10-13 19:30:00,-0.994279552455469,False
2021-10-13 19:40:00,-1.0976963526045782,False
2021-10-13 19:50:00,-1.2467845607853945,False
2021-10-13 20:00:00,-0.7746682014571582,False
2021-10-13 20:10:00,-0.9508674909479917,False
2021-10-13 20:20:00,-0.9884459420877189,False
2021-10-13 20:30:00,-0.8051016421834314,False
2021-10-13 20:40:00,-0.8945593504685907,False
2021-10-13 20:50:00,-1.1061104540487205,False
2021-10-13 21:00:00,,False
2021-10-13 21:10:00,-1.274886504446596,False
2021-10-13 21:20:00,-0.9632554070118197,False
2021-10-13 21:30:00,-1.020695398818074,False
2021-10-13 21:40:00,-0.9990284364680658,False
2021-10-13 21:50:00,-1.136232441665887,False
2021-10-13 22:00:00,-1.0051538736357786,False
2021-10-13 22:10:00,-1.1854545064241695,False
2021-10-13 22:20:00,-0.9358701366248976,False
2021-10-13 22:30:00,-0.9405756302143399,False
2021-10-13 22:40:00,-0.8994996774289266,False
2021-10-13 22:50:00,-1.0520229464113218,False
2021-10-13 23:00:00,-1.1162408577138125,False
2021-10-13 23:10:00,-0.7872982457183911,False
2021-10-13 23:20:00,-0.9035259434149343,False
2021-10-13 23:30:00,-0.8082075682462107,False
2021-10-13 23:40:00,-0.9628667031282848,False
2021-10-13 23:50:00,-0.9956287247344998,False
2021-10-14 00:00:00,-0.8776678266711111,False
2021-10-14 00:10:00,-0.9302104668919404,False
2021-10-14 00:20:00,-0.9809461252025646,False
2021-10-14 00:30:00,-1.0483649881124115,False
2021-10-14 00:40:00,-1.2535735676820432,False
2021-10-14 00:50:00,-1.099234286050213,False
2021-10-14 01:00:00,-0.9579150564797404,False
2021-10-14 01:10:00,-0.9654512219087634,False
2021-10-14 01:20:00,-1.1009491214879699,False
2021-10-14 01:30:00,-1.0571196206324711,False
2021-10-14 01:40:00,-1.1218175370453427,False
2021-10-14 01:50:00,-0.9767627954569099,False
2021-10-14 02:00:00,-1.0318606855965669,False
2021-10-14 02:10:00,-1.0438568321584079,False
2021-10-14 02:20:00,-0.9612601608523784,False
2021-10-14 02:30:00,-0.9616743467268334,False
2021-10-14 02:40:00,-1.0723538841366795,False
2021-10-14 02:50:00,,False
2021-10-14 03:00:00,-0.9825065156380148,False
2021-10-14 03:10:00,-1.1140584322119667,False
2021-10-14 03:20:00,-1.091115682641053,False
2021-10-14 03:30:00,-0.7526510612082554,False
2021-10-14 03:40:00,-0.8609039733377101,False
2021-10-14 03:50:00,-0.9298224791985977,False
2021-10-14 04:00:00,-0.812238885164196,False
2021-10-14 04:10:00,-0.9841750562040966,False
2021-10-14 04:20:00,-0.9635964008557861,False
2021-10-14 04:30:00,-1.245828499892213,False
2021-10-14 04:40:00,-0.9645451859181383,False
2021-10-14 04:50:00,-1.0343877992284825,False
2021-10-14 05:00:00,-0.856608355910988,False
2021-10-14 05:10:00,-1.1453824832608015,False
2021-10-14 05:20:00,-0.9890813858270892,False
2021-10-14 05:30:00,,False
2021-10-14 05:40:00,-0.9159494773967725,False
2021-10-14 05:50:00,-1.0010605513432578,False
2021-10-14 06:00:00,-1.0365450449069302,False
2021-10-14 06:10:00,-0.9361390063689227,False
2021-10-14 06:20:00,-1.0759841751150123,False
2021-10-14 06:30:00,-0.9885456715909665,False
2021-10-14 06:40:00,-0.9456282160009625,False
2021-10-14 06:50:00,-1.1284509136255667,False
2021-10-14 07:00:00,-0.7985360389197108,False
2021-10-14 07:10:00,-1.0409805451076186,False
2021-10-14 07:20:00,-0.8820706473356335,False
2021-10-14 07:30:00,-1.1360584253118342,False
2021-10-14 07:40:00,-0.9785309929005968,False
2021-10-14 07:50:00,-0.930115758241575,False
2021-10-14 08:00:00,-1.0552729284001026,False
2021-10-14 08:10:00,-0.797831765644442,False
2021-10-14 08:20:00,-0.9863323862429095,False
2021-10-14 08:30:00,-1.110370421354163,False
2021-10-14 08:40:00,-1.01765528316237,False
2021-10-14 08:50:00,,False
2021-10-14 09:00:00,-1.027441417795,False
2021-10-14 09:10:00,-1.089423873812246,False
2021-10-14 09:20:00,-0.9443157841,False
2021-10-14 09:30:00,-0.9607324686961058,False
2021-10-14 09:40:00,-0.877454223149639,False
2021-10-14 09:50:00,-1.1776471053467756,False
2021-10-14 10:00:00,-0.8425908875165845,False
2021-10-14 10:10:00,-1.2443262671014945,False
2021-10-14 10:20:00,,False
2021-10-14 10:30:00,-1.0413923384129369,False
2021-10-14 10:40:00,-0.7868766800322314,False
2021-10-14 10:50:00,-0.9304994638398827,False
2021-10-14 11:00:00,-1.02209961830035,False
2021-10-14 11:10:00,-1.0434792997581057,False
2021-10-14 11:20:00,-1.0296779224326968,False
2021-10-14 11:30:00,-0.994426660173221,False
2021-10-14 11:40:00,-1.040352669753475,False
2021-10-14 11:50:00,-0.8031520284910041,False
2021-10-14 12:00:00,-0.9423053859195037,False
2021-10-14 12:10:00,-0.9205927525223819,False
2021-10-14 12:20:00,-1.1123112792180678,False
2021-10-14 12:30:00,-1.0147359329773284,False
2021-10-14 12:40:00,-0.858002633213832,False
2021-10-14 12:50:00,-0.9720951964388986,False
2021-10-14 13:00:00,-0.821112931311011,False
2021-10-14 13:10:00,-0.8969074332364771,False
2021-10-14 13:20:00,,False
2021-10-14 13:30:00,-1.0112070018562551,False
2021-10-14 13:40:00,-1.0281175487177958,False
2021-10-14 13:50:00,-0.8883421427457,False
2021-10-14 14:00:00,-1.1261623788528823,False
2021-10-14 14:10:00,,False
2021-10-14 14:20:00,-0.8621499971902915,False
2021-10-14 14:30:00,-1.11429054107917,False
2021-10-14 14:40:00,-0.9473026117944154,False
2021-10-14 14:50:00,-1.0582417847992758,False
2021-10-14 15:00:00,-1.035226717105741,False
2021-10-14 15:10:00,-0.9058978163409437,False
2021-10-14 15:20:00,-1.0457179334924336,False
2021-10-14 15:30:00,,False
2021-10-14 15:40:00,-1.2172723717943632,False
2021-10-14 15:50:00,-1.0573225068320093,False
2021-10-14 16:00:00,-0.7754330037436007,False
2021-10-14 16:10:00,-0.9626474508544217,False
2021-10-14 16:20:00,-1.0857860405871655,False
2021-10-14 16:30:00,-0.9712756234272433,False
2021-10-14 16:40:00,-0.9208552784024271,False
2021-10-14 16:50:00,-0.8596864369597269,False
2021-10-14 17:00:00,-0.7577497456654103,False
2021-10-14 17:10:00,-0.8762843798393629,False
2021-10-14 17:20:00,-1.1313032143278026,False
2021-10-14 17:30:00,-0.9093385769040843,False
2021-10-14 17:40:00,-0.9529476436963429,False
2021-10-14 17:50:00,-0.9199806195846459,False
2021-10-14 18:00:00,-0.9972543852472102,False
2021-10-14 18:10:00,-1.0046351662713582,False
2021-10-14 18:20:00,-1.0210125215964652,False
2021-10-14 18:30:00,-1.0585450067133053,False
2021-10-14 18:40:00,-0.9649864781638591,False
2021-10-14 18:50:00,-1.040023442532416,False
2021-10-14 19:00:00,,False
2021-10-14 19:10:00,-1.010901329249732,False
2021-10-14 19:20:00,-1.0624563512986043,False
2021-10-14 19:30:00,-1.0637324467623037,False
2021-10-14 19:40:00,-1.0988858740332095,False
2021-10-14 19:50:00,-1.0718843762477195,False
2021-10-14 20:00:00,-1.0452450091293741,False
2021-10-14 20:10:00,-1.0593131148792791,False
2021-10-14 20:20:00,-0.9112828552869388,False
2021-10-14 20:30:00,-0.9921804847376219,False
2021-10-14 20:40:00,-1.0606937916567394,False
2021-10-14 20:50:00,-1.1157422201094607,False
2021-10-14 21:00:00,-0.8336288985228291,False
2021-10-14 21:10:00,-0.9592424366365121,False
2021-10-14 21:20:00,-0.9598853140033928,False
2021-10-14 21:30:00,-1.0153889260404796,False
2021-10-14 21:40:00,-1.0280483125554032,False
2021-10-14 21:50:00,-1.0824391339807409,False
2021-10-14 22:00:00,-0.738494052332812,False
2021-10-14 22:10:00,-1.109724052595914,False
2021-10-14 22:20:00,-1.044148094876319,False
2021-10-14 22:30:00,,False
2021-10-14 22:40:00,-0.9514713038871496,False
2021-10-14 22:50:00,-0.8670673782738051,False
2021-10-14 23:00:00,-1.0478452703645127,False
2021-10-14 23:10:00,-0.8473912003526032,False
2021-10-14 23:20:00,-1.1514106465917595,False
2021-10-14 23:30:00,-0.9187032233511851,False
2021-10-14 23:40:00,-0.8955325376356257,False
2021-10-14 23:50:00,-1.115152435310607,False
2021-10-15 00:00:00,-1.161528855092377,False
2021-10-15 00:10:00,-1.0924325671453676,False
2021-10-15 00:20:00,-1.1289902223866508,False
2021-10-15 00:30:00,-0.9714022009203352,False
2021-10-15 00:40:00,-1.2347581784905017,False
2021-10-15 00:50:00,-1.0279198470047413,False
2021-10-15 01:00:00,-0.950162483885683,False
2021-10-15 01:10:00,-0.989716237529167,False
2021-10-15 01:20:00,-1.0845343535055707,False
2021-10-15 01:30:00,-1.0705599604140785,False
2021-10-15 01:40:00,-0.9475543986504618,False
2021-10-15 01:50:00,-1.0500422113277155,False
2021-10-15 02:00:00,-1.0776540502969385,False
2021-10-15 02:10:00,-1.0603920901009791,False
2021-10-15 02:20:00,-1.0508012490119267,False
2021-10-15 02:30:00,-0.9077014926085911,False
2021-10-15 02:40:00,-0.9293681658750131,False
2021-10-15 02:50:00,-0.9684421574319444,False
2021-10-15 03:00:00,-1.0624453742137026,False
2021-10-15 03:10:00,-0.9203434709740298,False
2021-10-15 03:20:00,-1.1659493534882541,False
2021-10-15 03:30:00,,False
2021-10-15 03:40:00,-1.1524066949818745,False
2021-10-15 03:50:00,-0.9738084914983544,False
2021-10-15 04:00:00,,False
2021-10-15 04:10:00,-0.9399457358180103,False
2021-10-15 04:20:00,-0.9133027415610739,False
2021-10-15 04:30:00,-0.8309157494017377,False
2021-10-15 04:40:00,-0.7597279203166786,False
2021-10-15 04:50:00,-1.1235965344878092,False
2021-10-15 05:00:00,-1.0570353740620821,False
2021-10-15 05:10:00,-0.9022117910955997,False
2021-10-15 05:20:00,-1.084035085104574,False
2021-10-15 05:30:00,-0.9519243846895646,False
2021-10-15 05:40:00,-0.9401142809324207,False
2021-10-15 05:50:00,-0.9702922434926031,False
2021-10-15 06:00:00,-1.0659654415263333,False
2021-10-15 06:10:00,-1.330851861693541,False
2021-10-15 06:20:00,-0.8739788881973928,False
2021-10-15 06:30:00,-0.7720698759447049,False
2021-10-15 06:40:00,-0.9591588255339574,False
2021-10-15 06:50:00,-0.8760553929952712,False
2021-10-15 07:00:00,-1.0472905475595644,False
2021-10-15 07:10:00,-1.0438593177027118,False
2021-10-15 07:20:00,-1.0331696259414782,False
2021-10-15 07:30:00,-1.0345201256271195,False
2021-10-15 07:40:00,-1.0107092846498507,False
2021-10-15 07:50:00,-1.1728154105207533,False
2021-10-15 08:00:00,-1.0281019675547254,False
2021-10-15 08:10:00,-1.038719900107954,False
2021-10-15 08:20:00,-1.0506928253101278,False
2021-10-15 08:30:00,-0.9127604262051476,False
2021-10-15 08:40:00,-1.0309936351174922,False
2021-10-15 08:50:00,,False
2021-10-15 09:00:00,-1.1366797010889906,False
2021-10-15 09:10:00,,False
2021-10-15 09:20:00,-0.9673933793468559,False
2021-10-15 09:30:00,-0.8764076029999389,False
2021-10-15 09:40:00,-1.1021321320571316,False
2021-10-15 09:50:00,-0.9513970975787268,False
2021-10-15 10:00:00,-1.0628710092382863,False
2021-10-15 10:10:00,-1.0603845637641602,False
2021-10-15 10:20:00,,False
2021-10-15 10:30:00,-1.0111134266967,False
2021-10-15 10:40:00,,False
2021-10-15 10:50:00,-1.134081380232997,False
2021-10-15 11:00:00,-1.0541089603275346,False
2021-10-15 11:10:00,-1.0543412470050983,False
2021-10-15 11:20:00,-0.9412188936623787,False
2021-10-15 11:30:00,-0.8400146428852873,False
2021-10-15 11:40:00,-1.066247468576701,False
2021-10-15 11:50:00,-0.8568859178480897,False
2021-10-15 12:00:00,-0.7860990309906721,False
2021-10-15 12:10:00,-1.0497889856730482,False
2021-10-15 12:20:00,-0.9870652752641635,False
2021-10-15 12:30:00,-1.1493900794469132,False
2021-10-15 12:40:00,-0.8899229877956442,False
2021-10-15 12:50:00,-1.0104048380577086,False
2021-10-15 13:00:00,-0.9441695597267057,False
2021-10-15 13:10:00,-1.0859559861910255,False
2021-10-15 13:20:00,-1.0318800086763682,False
2021-10-15 13:30:00,-0.917029221429368,False
2021-10-15 13:40:00,-0.8484267652407036,False
2021-10-15 13:50:00,-0.923244707979468,False
2021-10-15 14:00:00,-1.0013526648403401,False
2021-10-15 14:10:00,-0.954057807538084,False
2021-10-15 14:20:00,-0.9212691777896153,False
2021-10-15 14:30:00,-0.9123513444357534,False
2021-10-15 14:40:00,-1.0433848290609904,False
2021-10-15 14:50:00,-0.9946131714686149,False
2021-10-15 15:00:00,-0.8485929747042911,False
2021-10-15 15:10:00,-0.9457897664228803,False
2021-10-15 15:20:00,-0.7921883770103473,False
2021-10-15 15:30:00,-1.1406424016548784,False
2021-10-15 15:40:00,-0.8068162563045101,False
2021-10-15 15:50:00,-1.040688142668518,False
2021-10-15 16:00:00,-0.8638129111925268,False
2021-10-15 16:10:00,-0.9863376295063635,False
2021-10-15 16:20:00,-0.9275463557128378,False
2021-10-15 16:30:00,-1.0552001591364017,False
2021-10-15 16:40:00,-0.9676712731761008,False
2021-10-15 16:50:00,-0.9328073684268811,False
2021-10-15 17:00:00,-1.00193564316536,False
2021-10-15 17:10:00,-1.0946629617788528,False
2021-10-15 17:20:00,-0.9867510537010351,False
2021-10-15 17:30:00,-0.8917418577439009,False
2021-10-15 17:40:00,-1.0150587079752091,False
2021-10-15 17:50:00,,False
2021-10-15 18:00:00,-0.8683202384763378,False
2021-10-15 18:10:00,-1.1400673048380432,False
2021-10-15 18:20:00,-0.9377301420397822,False
2021-10-15 18:30:00,-1.0312396065673848,False
2021-10-15 18:40:00,-1.0272180042862207,False
2021-10-15 18:50:00,-0.9979717907844792,False
2021-10-15 19:00:00,-1.1556214610501574,False
2021-10-15 19:10:00,-1.1866700869658993,False
2021-10-15 19:20:00,,False
2021-10-15 19:30:00,-0.8128995286614537,False
2021-10-15 19:40:00,-1.0884340467902405,False
2021-10-15 19:50:00,-0.8877243492731897,False
2021-10-15 20:00:00,,False
2021-10-15 20:10:00,-0.9453270113540643,False
2021-10-15 20:20:00,-0.8456477592556529,False
2021-10-15 20:30:00,-0.9325587673682008,False
2021-10-15 20:40:00,-0.9769374396880119,False
2021-10-15 20:50:00,-0.9726169754236408,False
2021-10-15 21:00:00,-1.051725876341221,False
2021-10-15 21:10:00,-0.99403730654242,False
2021-10-15 21:20:00,-0.9122690740100832,False
2021-10-15 21:30:00,-0.8800625897071714,False
2021-10-15 21:40:00,-1.04938861281644,False
2021-10-15 21:50:00,-0.9722614414441053,False
2021-10-15 22:00:00,-1.0021990661138322,False
2021-10-15 22:10:00,-1.0856839797185351,False
2021-10-15 22:20:00,-0.8337309713747002,False
2021-10-15 22:30:00,-0.951747036814723,False
2021-10-15 22:40:00,-1.1165599212477846,False
2021-10-15 22:50:00,-0.8443004028804348,False
2021-10-15 23:00:00,,False
2021-10-15 23:10:00,-0.9839803948363428,False
2021-10-15 23:20:00,,False
2021-10-15 23:30:00,-0.9760683144177887,False
2021-10-15 23:40:00,-0.9824699781269648,False
2021-10-15 23:50:00,-0.9544480803783131,False
2021-10-16 00:00:00,-1.062435198702921,False
2021-10-16 00:10:00,-0.9517189969287176,False
2021-10-16 00:20:00,-1.118818704874911,False
2021-10-16 00:30:00,,False
2021-10-16 00:40:00,-0.8553601520825704,False
2021-10-16 00:50:00,-0.9222326291763513,False
2021-10-16 01:00:00,-1.11102327547526,False
2021-10-16 01:10:00,-1.089565654679275,False
2021-10-16 01:20:00,-0.985104749232312,False
2021-10-16 01:30:00,-1.1034209139270965,False
2021-10-16 01:40:00,-0.8856485679257078,False
2021-10-16 01:50:00,-0.9642324896310804,False
2021-10-16 02:00:00,-1.0826659530484581,False
2021-10-16 02:10:00,-0.9148185526995645,False
2021-10-16 02:20:00,-0.7982194758905056,False
2021-10-16 02:30:00,-1.0583235666285813,False
2021-10-16 02:40:00,-0.977480567306142,False
2021-10-16 02:50:00,-1.0902888009386478,False
2021-10-16 03:00:00,-0.9944572472173924,False
2021-10-16 03:10:00,-0.9370050961351989,False
2021-10-16 03:20:00,-0.8571963505822215,False
2021-10-16 03:30:00,-0.8369990984416247,False
2021-10-16 03:40:00,-1.0824730131603988,False
2021-10-16 03:50:00,,False
2021-10-16 04:00:00,-1.253571626250585,False
2021-10-16 04:10:00,-1.0233792778852393,False
2021-10-16 04:20:00,-1.0173185084585743,False
2021-10-16 04:30:00,-1.068112919299287,False
2021-10-16 04:40:00,-1.121227310638056,False
2021-10-16 04:50:00,-0.9278975089606363,False
2021-10-16 05:00:00,-1.1193375936618362,False
2021-10-16 05:10:00,-1.075785823263694,False
2021-10-16 05:20:00,-0.9509125471559163,False
2021-10-16 05:30:00,-0.9920155067053934,False
2021-10-16 05:40:00,-0.8530736190892516,False
2021-10-16 05:50:00,-0.96925939984123,False
2021-10-16 06:00:00,-0.974301777248342,False
2021-10-16 06:10:00,-1.2256628351015921,False
2021-10-16 06:20:00,-0.9149682148011989,False
2021-10-16 06:30:00,-0.9949494232341949,False
2021-10-16 06:40:00,-0.9051879540146021,False
2021-10-16 06:50:00,-0.7909790859196357,False
2021-10-16 07:00:00,-1.1594766273604242,False
2021-10-16 07:10:00,-1.0338296173261494,False
2021-10-16 07:20:00,-0.8858705226646865,False
2021-10-16 07:30:00,-0.7946714804696465,False
2021-10-16 07:40:00,-1.1592076905280855,False
2021-10-16 07:50:00,-1.264487598024113,False
2021-10-16 08:00:00,-0.8522373088152703,False
2021-10-16 08:10:00,-1.045534814841559,False
2021-10-16 08:20:00,-0.9253678969728937,False
2021-10-16 08:30:00,-1.2123902035931846,False
2021-10-16 08:40:00,-0.8978274510054232,False
2021-10-16 08:50:00,-0.85023323130021,False
2021-10-16 09:00:00,-1.1032001590508251,False
2021-10-16 09:10:00,-1.0683592094385326,False
2021-10-16 09:20:00,-1.0065646961813735,False
2021-10-16 09:30:00,-1.0945764190955594,False
2021-10-16 09:40:00,-1.0176058772648167,False
2021-10-16 09:50:00,-1.040183146737743,False
2021-10-16 10:00:00,-1.0361385988425864,False
2021-10-16 10:10:00,-0.9780061245504632,False
2021-10-16 10:20:00,-1.1067989474246929,False
2021-10-16 10:30:00,-0.9105244661525621,False
2021-10-16 10:40:00,-1.0230062256247268,False
2021-10-16 10:50:00,-0.846083152293114,False
2021-10-16 11:00:00,-1.0715941066393597,False
2021-10-16 11:10:00,-0.8644082039929434,False
2021-10-16 11:20:00,-0.8478341965287837,False
2021-10-16 11:30:00,-1.0017178849133954,False
2021-10-16 11:40:00,-1.0951179967268692,False
2021-10-16 11:50:00,-0.9056984870835847,False
2021-10-16 12:00:00,-1.0768836577119925,False
2021-10-16 12:10:00,-1.1545921461408204,False
2021-10-16 12:20:00,-0.9069301936860925,False
2021-10-16 12:30:00,-0.8667066852292269,False
2021-10-16 12:40:00,-0.764284705170115,False
2021-10-16 12:50:00,-0.9234588717729909,False
2021-10-16 13:00:00,-0.8887260746241012,False
2021-10-16 13:10:00,-1.0209320320802433,False
2021-10-16 13:20:00,-1.0236767340843178,False
2021-10-16 13:30:00,-1.072209323156724,False
2021-10-16 13:40:00,-1.133529671266292,False
2021-10-16 13:50:00,-1.1661325069787216,False
2021-10-16 14:00:00,-1.0224397748523306,False
2021-10-16 14:10:00,-0.986967534393751,False
2021-10-16 14:20:00,-0.9729296613636951,False
2021-10-16 14:30:00,-0.9420159510804622,False
2021-10-16 14:40:00,-0.8943376179151962,False
2021-10-16 14:50:00,-1.1393162123783032,False
2021-10-16 15:00:00,-0.9288994465276901,False
2021-10-16 15:10:00,-0.9352099176716616,False
2021-10-16 15:20:00,-0.866074173859329,False
2021-10-16 15:30:00,-0.9574665280806735,False
2021-10-16 15:40:00,-0.95908683649507,False
2021-10-16 15:50:00,-1.0019432401016921,False
2021-10-16 16:00:00,-0.8548944599010742,False
2021-10-16 16:10:00,-0.955649669620518,False
2021-10-16 16:20:00,-1.1143459283287098,False
2021-10-16 16:30:00,-0.9531152337494,False
2021-10-16 16:40:00,-0.9167822165322286,False
2021-10-16 16:50:00,-1.1918222600807316,False
2021-10-16 17:00:00,-1.1036980933455403,False
2021-10-16 17:10:00,-0.9837904726733763,False
2021-10-16 17:20:00,-1.0960208556747904,False
2021-10-16 17:30:00,-0.912903644879473,False
2021-10-16 17:40:00,-0.8522833084452848,False
2021-10-16 17:50:00,-0.9728587269395544,False
2021-10-16 18:00:00,,False
2021-10-16 18:10:00,-1.0131781458687932,False
2021-10-16 18:20:00,-0.8619834783957087,False
2021-10-16 18:30:00,-0.8197300661151032,False
2021-10-16 18:40:00,-1.1461889853588283,False
2021-10-16 18:50:00,-1.098654416458555,False
2021-10-16 19:00:00,-0.9897630617070129,False
2021-10-16 19:10:00,-0.8497081737676628,False
2021-10-16 19:20:00,-1.0232406219134025,False
2021-10-16 19:30:00,,False
2021-10-16 19:40:00,-1.1377743648546557,False
2021-10-16 19:50:00,-0.9824649851779784,False
2021-10-16 20:00:00,-1.1828907298078226,False
2021-10-16 20:10:00,-1.1103831088749543,False
2021-10-16 20:20:00,-1.2136106726745528,False
2021-10-16 20:30:00,-1.046193582932275,False
2021-10-16 20:40:00,-1.0205742738030774,False
2021-10-16 20:50:00,,False
2021-10-16 21:00:00,-1.1383042062467923,False
2021-10-16 21:10:00,-1.0530201293961527,False
2021-10-16 21:20:00,-1.049946097538265,False
2021-10-16 21:30:00,-1.1064453666323126,False
2021-10-16 21:40:00,-0.9394782964552111,False
2021-10-16 21:50:00,-1.062345626566712,False
2021-10-16 22:00:00,-0.9575542249323294,False
2021-10-16 22:10:00,-0.8384059259475711,False
2021-10-16 22:20:00,-0.9847127402438175,False
2021-10-16 22:30:00,-0.8448150964467476,False
2021-10-16 22:40:00,-1.3253703593875088,False
2021-10-16 22:50:00,,False
2021-10-16 23:00:00,-0.8323307591951239,False
2021-10-16 23:10:00,-1.05987110462453,False
2021-10-16 23:20:00,-0.917411649381722,False
2021-10-16 23:30:00,-1.047784020588716,False
2021-10-16 23:40:00,-0.8806994258028079,False
2021-10-16 23:50:00,-0.9913215128807268,False
2021-10-17 00:00:00,-1.1042221689502913,False
2021-10-17 00:10:00,-0.8861795990704883,False
2021-10-17 00:20:00,-0.9868152358847463,False
2021-10-17 00:30:00,-1.0380798225193564,False
2021-10-17 00:40:00,,False
2021-10-17 00:50:00,-1.1694153849989024,False
2021-10-17 01:00:00,-1.1640267750405948,False
2021-10-17 01:10:00,-0.9087312913451181,False
2021-10-17 01:20:00,-1.0822134790373994,False
2021-10-17 01:30:00,-1.0230958665549326,False
2021-10-17 01:40:00,,False
2021-10-17 01:50:00,-0.9466334526721862,False
2021-10-17 02:00:00,-0.9714028855234056,False
2021-10-17 02:10:00,,False
2021-10-17 02:20:00,-0.889858385126352,False
2021-10-17 02:30:00,-0.9586275413775378,False
2021-10-17 02:40:00,-1.0752471446610667,False
2021-10-17 02:50:00,-1.0335146920885825,False
2021-10-17 03:00:00,-1.0465172560096276,False
2021-10-17 03:10:00,,False
2021-10-17 03:20:00,-1.0752443252415316,False
2021-10-17 03:30:00,,False
2021-10-17 03:40:00,-1.2580826300556405,False
2021-10-17 03:50:00,-0.9620065382302672,False
2021-10-17 04:00:00,-0.9988274622797135,False
2021-10-17 04:10:00,-1.0229445621178035,False
2021-10-17 04:20:00,-1.0828212764795766,False
2021-10-17 04:30:00,-1.116098421613819,False
2021-10-17 04:40:00,-1.0133733025858038,False
2021-10-17 04:50:00,,False
2021-10-17 05:00:00,-0.9652471878473333,False
2021-10-17 05:10:00,-0.7413459839516212,False
2021-10-17 05:20:00,-1.2551080577703015,False
2021-10-17 05:30:00,-0.9766564533000679,False
2021-10-17 05:40:00,-0.928909481380672,False
2021-10-17 05:50:00,-0.9576181300418747,False
2021-10-17 06:00:00,-0.9770243510139421,False
2021-10-17 06:10:00,-0.9120786428129717,False
2021-10-17 06:20:00,-0.9218666176653174,False
2021-10-17 06:30:00,-1.0377624572199065,False
2021-10-17 06:40:00,-0.8466846848116514,False
2021-10-17 06:50:00,-0.9524375330053662,False
2021-10-17 07:00:00,-0.9882924987143896,False
2021-10-17 07:10:00,-1.0748160882421414,False
2021-10-17 07:20:00,-0.9475602236124172,False
2021-10-17 07:30:00,-0.9688329082208008,False
2021-10-17 07:40:00,-1.1671681038829016,False
2021-10-17 07:50:00,-1.1328294405392882,False
2021-10-17 08:00:00,-0.9392147118932089,False
2021-10-17 08:10:00,-1.0668581758432956,False
2021-10-17 08:20:00,,False
2021-10-17 08:30:00,-0.8046632783357014,False
2021-10-17 08:40:00,-0.91609156742364,False
2021-10-17 08:50:00,-0.9572572581430643,False
2021-10-17 09:00:00,-1.061167242230085,False
2021-10-17 09:10:00,-0.9934507723578541,False
2021-10-17 09:20:00,-0.9355380113966388,False
2021-10-17 09:30:00,-0.9373035490547088,False
2021-10-17 09:40:00,-0.935870523165986,False
2021-10-17 09:50:00,-0.9670224277276328,False
2021-10-17 10:00:00,-0.7583394310168021,False
2021-10-17 10:10:00,-0.8180222271308586,False
2021-10-17 10:20:00,-0.9009689416087734,False
2021-10-17 10:30:00,-1.110971986274373,False
2021-10-17 10:40:00,-1.0255050968143191,False
2021-10-17 10:50:00,-0.9994148668409016,False
2021-10-17 11:00:00,-0.8767104020834504,False
2021-10-17 11:10:00,-0.9878723843815449,False
2021-10-17 11:20:00,-0.9282666672508149,False
2021-10-17 11:30:00,-1.0987175768726667,False
2021-10-17 11:40:00,-0.9972263665680093,False
2021-10-17 11:50:00,-0.8815666915998892,False
2021-10-17 12:00:00,-1.0079851909995357,False
2021-10-17 12:10:00,-0.9381735949915085,False
2021-10-17 12:20:00,-1.1203312515012454,False
2021-10-17 12:30:00,-1.053240156741739,False
2021-10-17 12:40:00,-0.9957353983158514,False
2021-10-17 12:50:00,-1.081039461588218,False
2021-10-17 13:00:00,-0.859179236425482,False
2021-10-17 13:10:00,-1.0905434885368699,False
2021-10-17 13:20:00,-0.91665452095211,False
2021-10-17 13:30:00,-0.9859534377880432,False
2021-10-17 13:40:00,-0.8921017393029481,False
2021-10-17 13:50:00,,False
2021-10-17 14:00:00,-1.1811628018211338,False
2021-10-17 14:10:00,-0.8794068706774592,False
2021-10-17 14:20:00,-1.168974777163057,False
2021-10-17 14:30:00,-1.2157723981314803,False
2021-10-17 14:40:00,-1.1192383798183447,False
2021-10-17 14:50:00,-0.9235900904049494,False
2021-10-17 15:00:00,-1.0026033532590524,False
2021-10-17 15:10:00,-0.9574276503370747,False
2021-10-17 15:20:00,-0.9538490244213148,False
2021-10-17 15:30:00,,False
2021-10-17 15:40:00,-1.0434406812806694,False
2021-10-17 15:50:00,-0.5786366146205819,False
2021-10-17 16:00:00,-1.0127626024316494,False
2021-10-17 16:10:00,-0.7851934333339738,False
2021-10-17 16:20:00,-1.1182450609036514,False
2021-10-17 16:30:00,-0.9444750735479726,False
2021-10-17 16:40:00,-1.1394292870706348,False
2021-10-17 16:50:00,-0.7699996838255307,False
2021-10-17 17:00:00,-0.8973709166094418,False
2021-10-17 17:10:00,-1.0798123598730405,False
2021-10-17 17:20:00,-1.1190174711640437,False
2021-10-17 17:30:00,,False
2021-10-17 17:40:00,-1.0060443748974053,False
2021-10-17 17:50:00,-0.9541939570274228,False
2021-10-17 18:00:00,-1.0206179802564426,False
2021-10-17 18:10:00,-1.0070316692350842,False
2021-10-17 18:20:00,-0.781612496027149,False
2021-10-17 18:30:00,-1.1264020014076002,False
2021-10-17 18:40:00,-1.118798579617912,False
2021-10-17 18:50:00,-0.8650200454439538,False
2021-10-17 19:00:00,-1.1588423662489702,False
2021-10-17 19:10:00,-0.9143116397071487,False
2021-10-17 19:20:00,-1.0722571665515774,False
2021-10-17 19:30:00,-0.8984666617508967,False
2021-10-17 19:40:00,-0.8955463367000718,False
2021-10-17 19:50:00,-1.033506663381183,False
2021-10-17 20:00:00,-0.989470145959541,False
2021-10-17 20:10:00,-0.947207913685179,False
2021-10-17 20:20:00,-0.886110215498942,False
2021-10-17 20:30:00,-0.9730307336797103,False
2021-10-17 20:40:00,-0.7838123063157159,False
2021-10-17 20:50:00,-1.0459948079723922,False
2021-10-17 21:00:00,-1.1160687539015208,False
2021-10-17 21:10:00,-1.1138979758151575,False
2021-10-17 21:20:00,-0.8871244172925274,False
2021-10-17 21:30:00,-0.9593777919041516,False
2021-10-17 21:40:00,-0.9798850476890713,False
2021-10-17 21:50:00,-0.9904012386300878,False
2021-10-17 22:00:00,-0.7857987264786758,False
2021-10-17 22:10:00,-0.8453212503709622,False
2021-10-17 22:20:00,-0.8080061409606111,False
2021-10-17 22:30:00,-1.0395526785517202,False
2021-10-17 22:40:00,-0.8871687411122366,False
2021-10-17 22:50:00,-1.1491067711541891,False
2021-10-17 23:00:00,-0.85991092692471,False
2021-10-17 23:10:00,-1.0256409239062794,False
2021-10-17 23:20:00,-1.0258665175378248,False
2021-10-17 23:30:00,-0.9349210664067544,False
2021-10-17 23:40:00,-0.9366449290379465,False
2021-10-17 23:50:00,-0.9837812769546236,False
2021-10-18 00:00:00,,False
2021-10-18 00:10:00,-0.9621165665698428,False
2021-10-18 00:20:00,-0.7530644553995638,False
2021-10-18 00:30:00,-0.9917679581395074,False
2021-10-18 00:40:00,-0.9880103986607036,False
2021-10-18 00:50:00,-0.9696559745817396,False
2021-10-18 01:00:00,-0.842246742932028,False
2021-10-18 01:10:00,,False
2021-10-18 01:20:00,-0.9510836243457172,False
2021-10-18 01:30:00,-1.0618319503034885,False
2021-10-18 01:40:00,-1.060754419982842,False
2021-10-18 01:50:00,-1.0141656604850533,False
2021-10-18 02:00:00,-0.9740754185306937,False
2021-10-18 02:10:00,-0.9708099340970736,False
2021-10-18 02:20:00,-0.9730601785886905,False
2021-10-18 02:30:00,-0.9319961596533076,False
2021-10-18 02:40:00,-0.9801488037284097,False
2021-10-18 02:50:00,,False
2021-10-18 03:00:00,-1.1186651823498674,False
2021-10-18 03:10:00,-1.0644809272661575,False
2021-10-18 03:20:00,-0.8642182544403039,False
2021-10-18 03:30:00,-0.941087350410746,False
2021-10-18 03:40:00,-1.1424566257892492,False
2021-10-18 03:50:00,-0.8682464051911054,False
2021-10-18 04:00:00,-0.9060153913053209,False
2021-10-18 04:10:00,-1.0003410097207677,False
2021-10-18 04:20:00,-1.0552247932427945,False
2021-10-18 04:30:00,,False
2021-10-18 04:40:00,-0.8803081559343718,False
2021-10-18 04:50:00,-0.7942860263342206,False
2021-10-18 05:00:00,-0.9960091795145404,False
2021-10-18 05:10:00,-1.0219274206995954,False
2021-10-18 05:20:00,-0.9358952562867822,False
2021-10-18 05:30:00,-0.8306178183418599,False
2021-10-18 05:40:00,-1.1731814280780444,False
2021-10-18 05:50:00,-1.011952371415414,False
2021-10-18 06:00:00,-1.001946609494936,False
2021-10-18 06:10:00,-1.1406306620006754,False
2021-10-18 06:20:00,-0.9250321392796627,False
2021-10-18 06:30:00,-0.7645122682304553,False
2021-10-18 06:40:00,-0.9502528400076405,False
2021-10-18 06:50:00,-1.134288185043175,False
2021-10-18 07:00:00,-0.9361836705006449,False
2021-10-18 07:10:00,-0.946639840333759,False
2021-10-18 07:20:00,-0.9535464535242381,False
2021-10-18 07:30:00,-1.1089143823077343,False
2021-10-18 07:40:00,-0.8499694962212115,False
2021-10-18 07:50:00,-0.9450894109141538,False
2021-10-18 08:00:00,-1.0541815332805717,False
2021-10-18 08:10:00,-0.9863968531057675,False
2021-10-18 08:20:00,,False
2021-10-18 08:30:00,-1.0264724332421706,False
2021-10-18 08:40:00,-1.097344614434875,False
2021-10-18 08:50:00,-1.0867501672933633,False
2021-10-18 09:00:00,-1.1368270046936224,False
2021-10-18 09:10:00,,False
2021-10-18 09:20:00,-0.9086698572928005,False
2021-10-18 09:30:00,-0.9850582515420715,False
2021-10-18 09:40:00,-0.8270278832366679,False
2021-10-18 09:50:00,-0.7613552414731068,False
2021-10-18 10:00:00,-0.9081305194241982,False
2021-10-18 10:10:00,-0.9479731452819077,False
2021-10-18 10:20:00,-1.145116286652263,False
2021-10-18 10:30:00,-1.0085877090508009,False
2021-10-18 10:40:00,-1.04173783502963,False
2021-10-18 10:50:00,-0.8907561705386963,False
2021-10-18 11:00:00,-0.9725717488615545,False
2021-10-18 11:10:00,-0.7990078749183972,False
2021-10-18 11:20:00,-0.9880906925630345,False
2021-10-18 11:30:00,-0.8797722245541064,False
2021-10-18 11:40:00,-1.003538915528607,False
2021-10-18 11:50:00,-0.9121881181613088,False
2021-10-18 12:00:00,-1.0080482887497324,False
2021-10-18 12:10:00,-1.2300504876460814,False
2021-10-18 12:20:00,-1.079892855283429,False
2021-10-18 12:30:00,-0.803027193176554,False
2021-10-18 12:40:00,-0.9066558303499699,False
2021-10-18 12:50:00,-0.9548002032971392,False
2021-10-18 13:00:00,-0.9334529276513542,False
2021-10-18 13:10:00,-1.0000971018669493,False
2021-10-18 13:20:00,-0.8409665032745507,False
2021-10-18 13:30:00,-1.1289736727851536,False
2021-10-18 13:40:00,-0.9200172168164722,False
2021-10-18 13:50:00,-0.9301328788008562,False
2021-10-18 14:00:00,-1.0515576134676181,False
2021-10-18 14:10:00,-1.0066712445839732,False
2021-10-18 14:20:00,,False
2021-10-18 14:30:00,-1.003980622317938,False
2021-10-18 14:40:00,-0.9644227701512734,False
2021-10-18 14:50:00,-1.0295387619125695,False
2021-10-18 15:00:00,-1.1804376644758636,False
2021-10-18 15:10:00,-0.8760291626214841,False
2021-10-18 15:20:00,-0.8321926860189692,False
2021-10-18 15:30:00,-0.9523010310593154,False
2021-10-18 15:40:00,-0.8887868212123695,False
2021-10-18 15:50:00,-0.7653968346295039,False
2021-10-18 16:00:00,-1.0389152228254532,False
2021-10-18 16:10:00,-1.2203877752294896,False
2021-10-18 16:20:00,-0.912312626834657,False
2021-10-18 16:30:00,-1.1309668228129992,False
2021-10-18 16:40:00,-1.0174650945533563,False
2021-10-18 16:50:00,-0.9700141033095592,False
2021-10-18 17:00:00,-0.9603840971725579,False
2021-10-18 17:10:00,-0.9985664583622109,False
2021-10-18 17:20:00,-1.0638271908083081,False
2021-10-18 17:30:00,-0.88848825753682,False
2021-10-18 17:40:00,-0.9773584432459625,False
2021-10-18 17:50:00,-0.9802937510397741,False
2021-10-18 18:00:00,-0.8349993600096203,False
2021-10-18 18:10:00,-1.1236669142283058,False
2021-10-18 18:20:00,-0.9080404449981081,False
2021-10-18 18:30:00,-1.093752352801095,False
2021-10-18 18:40:00,-0.8951784160035767,False
2021-10-18 18:50:00,-0.9795390770421651,False
2021-10-18 19:00:00,-0.9424745548592286,False
2021-10-18 19:10:00,-1.2058982389357604,False
2021-10-18 19:20:00,-1.137777469004734,False
2021-10-18 19:30:00,-1.0365178992327262,False
2021-10-18 19:40:00,-1.1342449618957462,False
2021-10-18 19:50:00,-0.9593723598560278,False
2021-10-18 20:00:00,-0.9199744772780677,False
2021-10-18 20:10:00,-1.1812362442344386,False
2021-10-18 20:20:00,-0.8504107741467419,False
2021-10-18 20:30:00,-0.8547683172983435,False
2021-10-18 20:40:00,-0.9637218953353656,False
2021-10-18 20:50:00,-0.8935864900736382,False
2021-10-18 21:00:00,-0.8499241703943681,False
2021-10-18 21:10:00,-0.9586961000760129,False
2021-10-18 21:20:00,-1.2224989307477498,False
2021-10-18 21:30:00,-1.0496882186716294,False
2021-10-18 21:40:00,-0.7829480623397197,False
2021-10-18 21:50:00,-0.9674322851404674,False
2021-10-18 22:00:00,-1.077340131485217,False
2021-10-18 22:10:00,-0.8532864772932387,False
2021-10-18 22:20:00,-1.2616559410006505,False
2021-10-18 22:30:00,-0.8752455458254457,False
2021-10-18 22:40:00,-1.0102531467307692,False
2021-10-18 22:50:00,-0.9830727917568696,False
2021-10-18 23:00:00,-1.1960050044908952,False
2021-10-18 23:10:00,-1.011699897775286,False
2021-10-18 23:20:00,-1.066589129045667,False
2021-10-18 23:30:00,-1.162304060681575,False
2021-10-18 23:40:00,-1.0613400621694788,False
2021-10-18 23:50:00,-1.0309890397913557,False
2021-10-19 00:00:00,-1.0221044540889102,False
2021-10-19 00:10:00,-1.1171932802810551,False
2021-10-19 00:20:00,-0.800893704826919,False
2021-10-19 00:30:00,-1.0580404032518087,False
2021-10-19 00:40:00,-1.0345930103050491,False
2021-10-19 00:50:00,-1.0880140371209417,False
2021-10-19 01:00:00,-0.898958225351554,False
2021-10-19 01:10:00,-1.0300625793182479,False
2021-10-19 01:20:00,-1.0219404671883001,False
2021-10-19 01:30:00,-0.9844974141030322,False
2021-10-19 01:40:00,-1.0768381230017985,False
2021-10-19 01:50:00,-0.9151717633865727,False
2021-10-19 02:00:00,-1.0812896405318184,False
2021-10-19 02:10:00,-0.9231294351822034,False
2021-10-19 02:20:00,-1.022612747848533,False
2021-10-19 02:30:00,-0.8399321837862143,False
2021-10-19 02:40:00,-0.9860262204217398,False
2021-10-19 02:50:00,-0.8954603315202342,False
2021-10-19 03:00:00,,False
2021-10-19 03:10:00,-1.135391367319457,False
2021-10-19 03:20:00,-0.8647483579525678,False
2021-10-19 03:30:00,,False
2021-10-19 03:40:00,-1.2162149630189265,False
2021-10-19 03:50:00,-1.0443875308525665,False
2021-10-19 04:00:00,-0.9839490147708373,False
2021-10-19 04:10:00,-1.0168508915327457,False
2021-10-19 04:20:00,-0.9944020579599813,False
2021-10-19 04:30:00,-0.9351507615892678,False
2021-10-19 04:40:00,-1.0854386836392529,False
2021-10-19 04:50:00,-1.035944825632162,False
2021-10-19 05:00:00,-0.9287416136199763,False
2021-10-19 05:10:00,-0.917287093776368,False
2021-10-19 05:20:00,-0.9787224727822144,False
2021-10-19 05:30:00,-1.1151459278832518,False
2021-10-19 05:40:00,-0.8922343888114788,False
2021-10-19 05:50:00,-0.9624134730415893,False
2021-10-19 06:00:00,-1.0506130103881033,False
2021-10-19 06:10:00,-0.8284555235351397,False
2021-10-19 06:20:00,-1.0721935906687237,False
2021-10-19 06:30:00,-1.0874645422490605,False
2021-10-19 06:40:00,-0.8797724914662878,False
2021-10-19 06:50:00,-0.982183827101148,False
2021-10-19 07:00:00,-0.9959982969763662,False
2021-10-19 07:10:00,,False
2021-10-19 07:20:00,-1.0724748686067662,False
2021-10-19 07:30:00,-1.0149453547678058,False
2021-10-19 07:40:00,-1.0357504761810055,False
2021-10-19 07:50:00,,False
2021-10-19 08:00:00,-0.9732821251255033,False
2021-10-19 08:10:00,-1.0569023574077872,False
2021-10-19 08:20:00,-1.0171215663489805,False
2021-10-19 08:30:00,-1.035177895458232,False
2021-10-19 08:40:00,-1.0620773227242133,False
2021-10-19 08:50:00,-1.0586834857198875,False
2021-10-19 09:00:00,-0.9008427167123854,False
2021-10-19 09:10:00,-1.0993795474434764,False
2021-10-19 09:20:00,-0.8337317963396479,False
2021-10-19 09:30:00,-1.0271945943433556,False
2021-10-19 09:40:00,-1.1382482565888699,False
2021-10-19 09:50:00,-0.9093145382153789,False
2021-10-19 10:00:00,-1.223720843858592,False
2021-10-19 10:10:00,-1.0305819381358687,False
2021-10-19 10:20:00,-1.0813206421405013,False
2021-10-19 10:30:00,-1.0447448017593788,False
2021-10-19 10:40:00,-1.0361134659639588,False
2021-10-19 10:50:00,-0.9528491448449933,False
2021-10-19 11:00:00,-1.0751852323640376,False
2021-10-19 11:10:00,-0.9827949045987013,False
2021-10-19 11:20:00,-1.2350342740080364,False
2021-10-19 11:30:00,-0.9840484067172967,False
2021-10-19 11:40:00,-0.9142267829578716,False
2021-10-19 11:50:00,-0.9430384391984806,False
2021-10-19 12:00:00,-1.0462758424792948,False
2021-10-19 12:10:00,-0.9914454394141434,False
2021-10-19 12:20:00,-1.0088141419645724,False
2021-10-19 12:30:00,-1.0799726108282024,False
2021-10-19 12:40:00,-0.9848059476976725,False
2021-10-19 12:50:00,-0.9919817237517302,False
2021-10-19 13:00:00,-0.9881662098000467,False
2021-10-19 13:10:00,-0.9953190430200394,False
2021-10-19 13:20:00,-0.937776289534055,False
2021-10-19 13:30:00,-1.0125299370793388,False
2021-10-19 13:40:00,-1.008634638001281,False
2021-10-19 13:50:00,-0.9181029493753744,False
2021-10-19 14:00:00,-1.0482486417175565,False
2021-10-19 14:10:00,,False
2021-10-19 14:20:00,-0.8827116337243247,False
2021-10-19 14:30:00,-1.0246366679126788,False
2021-10-19 14:40:00,-0.9579118648517615,False
2021-10-19 14:50:00,-1.0318688819547521,False
2021-10-19 15:00:00,-1.1492089203732805,False
2021-10-19 15:10:00,-1.010077040721686,False
2021-10-19 15:20:00,-1.028829245981983,False
2021-10-19 15:30:00,-1.0571322984569762,False
2021-10-19 15:40:00,-0.8885745984043757,False
2021-10-19 15:50:00,-1.0925698305847642,False
2021-10-19 16:00:00,-0.8796480084463091,False
2021-10-19 16:10:00,-1.0277997745309475,False
2021-10-19 16:20:00,-1.0343728086927353,False
2021-10-19 16:30:00,-1.0846334820546277,False
2021-10-19 16:40:00,-0.9218320929277657,False
2021-10-19 16:50:00,-0.8375249387772266,False
2021-10-19 17:00:00,-1.0500171555968272,False
2021-10-19 17:10:00,-0.941636370541849,False
2021-10-19 17:20:00,-1.0440939913339404,False
2021-10-19 17:30:00,-1.0531763051464267,False
2021-10-19 17:40:00,-1.2188776062416928,False
2021-10-19 17:50:00,-0.9931802087962741,False
2021-10-19 18:00:00,-1.09306535306172,False
2021-10-19 18:10:00,-0.9420375518975903,False
2021-10-19 18:20:00,-0.8689952418245586,False
2021-10-19 18:30:00,-0.9142052837973436,False
2021-10-19 18:40:00,-1.0549833570587743,False
2021-10-19 18:50:00,-1.0523510597119783,False
2021-10-19 19:00:00,-0.7960818811228523,False
2021-10-19 19:10:00,-0.9305206908704663,False
2021-10-19 19:20:00,-0.9625063454115096,False
2021-10-19 19:30:00,-1.0054777086536621,False
2021-10-19 19:40:00,-0.8426773732578468,False
2021-10-19 19:50:00,-0.9808148704684019,False
2021-10-19 20:00:00,-0.7504617970560233,False
2021-10-19 20:10:00,-0.7960825342095837,False
2021-10-19 20:20:00,-0.9373315180710617,False
2021-10-19 20:30:00,-0.9524452233127788,False
2021-10-19 20:40:00,-0.821655193735493,False
2021-10-19 20:50:00,-0.9008954576387748,False
2021-10-19 21:00:00,-0.9884343454592508,False
2021-10-19 21:10:00,-1.0527661833171114,False
2021-10-19 21:20:00,-1.0772757759350815,False
2021-10-19 21:30:00,-1.1423342998398247,False
2021-10-19 21:40:00,-0.9884099658626726,False
2021-10-19 21:50:00,-1.027979975444821,False
2021-10-19 22:00:00,-0.9735557108511941,False
2021-10-19 22:10:00,-1.0093436516933172,False
2021-10-19 22:20:00,-1.0410003004966395,False
2021-10-19 22:30:00,-1.179090878144931,False
2021-10-19 22:40:00,-1.16041572158214,False
2021-10-19 22:50:00,-0.9411632014376125,False
2021-10-19 23:00:00,-0.8817178445955028,False
2021-10-19 23:10:00,-1.0300348729716802,False
2021-10-19 23:20:00,-0.8738134426289502,False
2021-10-19 23:30:00,-1.0038173959710566,False
2021-10-19 23:40:00,-0.8474776627480164,False
2021-10-19 23:50:00,-1.0959782540844372,False
2021-10-20 00:00:00,-0.9049309787261075,False
2021-10-20 00:10:00,-0.9711797573334832,False
2021-10-20 00:20:00,-1.0990264512589678,False
2021-10-20 00:30:00,-1.0936241519444287,False
2021-10-20 00:40:00,-0.823538329465076,False
2021-10-20 00:50:00,-1.0220554439176945,False
2021-10-20 01:00:00,-1.1222648644907187,False
2021-10-20 01:10:00,-1.1600078385056194,False
2021-10-20 01:20:00,-1.2190024177798378,False
2021-10-20 01:30:00,-0.9607038773604304,False
2021-10-20 01:40:00,-0.9237620462503926,False
2021-10-20 01:50:00,-1.0520557472157712,False
2021-10-20 02:00:00,-1.095136653065758,False
2021-10-20 02:10:00,,False
2021-10-20 02:20:00,-0.9720668701046816,False
2021-10-20 02:30:00,-1.0974621204677235,False
2021-10-20 02:40:00,-0.9315884498994592,False
2021-10-20 02:50:00,-0.9523517697774668,False
2021-10-20 03:00:00,-0.907481312020582,False
2021-10-20 03:10:00,-0.981073381742465,False
2021-10-20 03:20:00,-0.9708878385264875,False
2021-10-20 03:30:00,-1.0260361356227496,False
2021-10-20 03:40:00,-0.9840546854900408,False
2021-10-20 03:50:00,-0.871204352221462,False
2021-10-20 04:00:00,-1.0061809091808527,False
2021-10-20 04:10:00,-0.8935760504216602,False
2021-10-20 04:20:00,-1.0668993148734112,False
2021-10-20 04:30:00,-0.9764671441661259,False
2021-10-20 04:40:00,-1.1923592111318133,False
2021-10-20 04:50:00,-0.8022451064278877,False
2021-10-20 05:00:00,-0.9143054916244119,False
2021-10-20 05:10:00,-0.8623913619051123,False
2021-10-20 05:20:00,-1.069383425437134,False
2021-10-20 05:30:00,-0.905228226635947,False
2021-10-20 05:40:00,-1.1096731274169107,False
2021-10-20 05:50:00,-1.0461957379987015,False
2021-10-20 06:00:00,-0.8746101465948943,False
2021-10-20 06:10:00,-0.9461195715559894,False
2021-10-20 06:20:00,-0.9396110738412453,False
2021-10-20 06:30:00,-1.0286284617989905,False
2021-10-20 06:40:00,-0.916905267717739,False
2021-10-20 06:50:00,-1.0636597415040694,False
2021-10-20 07:00:00,-0.9637975961165364,False
2021-10-20 07:10:00,-0.9359216271631744,False
2021-10-20 07:20:00,,False
2021-10-20 07:30:00,-0.9790125388213374,False
2021-10-20 07:40:00,-1.0035577265620284,False
2021-10-20 07:50:00,-1.0478621096866814,False
2021-10-20 08:00:00,-0.6630687082778051,False
2021-10-20 08:10:00,-0.9577070683601598,False
2021-10-20 08:20:00,-1.0100647245604313,False
2021-10-20 08:30:00,-0.969523560174682,False
2021-10-20 08:40:00,-1.0049114374431793,False
2021-10-20 08:50:00,-0.8234195424503012,False
2021-10-20 09:00:00,-1.1560591446354915,False
2021-10-20 09:10:00,,False
2021-10-20 09:20:00,-1.0944813040598076,False
2021-10-20 09:30:00,-1.0555555097323535,False
2021-10-20 09:40:00,-1.0818540847772768,False
2021-10-20 09:50:00,-0.8969807586621932,False
2021-10-20 10:00:00,-1.1011515104688883,False
2021-10-20 10:10:00,-0.9600772367612354,False
2021-10-20 10:20:00,-1.0364418972103269,False
2021-10-20 10:30:00,-1.1272032964273706,False
2021-10-20 10:40:00,-1.067566838804279,False
2021-10-20 10:50:00,-1.0558430863467922,False
2021-10-20 11:00:00,-1.0213899416976608,False
2021-10-20 11:10:00,-1.029695938310784,False
2021-10-20 11:20:00,,False
2021-10-20 11:30:00,-1.0137240184841443,False
2021-10-20 11:40:00,-0.8970655917112473,False
2021-10-20 11:50:00,-1.0994363941942449,False
2021-10-20 12:00:00,-0.8660215472781829,False
2021-10-20 12:10:00,-0.9460607936733092,False
2021-10-20 12:20:00,-1.0329674642695756,False
2021-10-20 12:30:00,-1.0174778898989643,False
2021-10-20 12:40:00,-1.0649811346386255,False
2021-10-20 12:50:00,,False
2021-10-20 13:00:00,-1.2226407667894947,False
2021-10-20 13:10:00,-1.0286952418016382,False
2021-10-20 13:20:00,-1.0217581546001393,False
2021-10-20 13:30:00,-0.9008719359946257,False
2021-10-20 13:40:00,-1.0677984194722367,False
2021-10-20 13:50:00,-0.9945897701131435,False
2021-10-20 14:00:00,-1.0152547672186545,False
2021-10-20 14:10:00,-1.0915298010505703,False
2021-10-20 14:20:00,-0.885835046119576,False
2021-10-20 14:30:00,,False
2021-10-20 14:40:00,-1.0691027841781624,False
2021-10-20 14:50:00,-0.92722466075649,False
2021-10-20 15:00:00,-0.9860058237451356,False
2021-10-20 15:10:00,-1.1039185756345973,False
2021-10-20 15:20:00,-1.0464115167026034,False
2021-10-20 15:30:00,-1.0017600210302178,False
2021-10-20 15:40:00,-1.089622427289681,False
2021-10-20 15:50:00,-0.9482432210914981,False
2021-10-20 16:00:00,-0.869684117601443,False
2021-10-20 16:10:00,-1.041925254277553,False
2021-10-20 16:20:00,-0.943743577685634,False
2021-10-20 16:30:00,-0.9939996360045452,False
2021-10-20 16:40:00,-0.9283126523038578,False
2021-10-20 16:50:00,-1.099290754804456,False
2021-10-20 17:00:00,-1.0528059184761243,False
2021-10-20 17:10:00,-1.0133656819564816,False
2021-10-20 17:20:00,-1.1036280644820393,False
2021-10-20 17:30:00,-1.1724621264221917,False
2021-10-20 17:40:00,-1.0871859450385228,False
2021-10-20 17:50:00,-1.058883168867265,False
2021-10-20 18:00:00,-1.3064812289809387,False
2021-10-20 18:10:00,-1.1186370891776503,False
2021-10-20 18:20:00,-0.9795454374093595,False
2021-10-20 18:30:00,-0.9196200915822564,False
2021-10-20 18:40:00,-1.0386574853259607,False
2021-10-20 18:50:00,-1.106283810234758,False
2021-10-20 19:00:00,-0.9291676495880535,False
2021-10-20 19:10:00,-1.0390490063275006,False
2021-10-20 19:20:00,-0.9844407019313379,False
2021-10-20 19:30:00,-0.9143290401430759,False
2021-10-20 19:40:00,-0.9123343082001553,False
2021-10-20 19:50:00,-1.0263564152556126,False
2021-10-20 20:00:00,-0.9961319076988414,False
2021-10-20 20:10:00,-1.0434565361004307,False
2021-10-20 20:20:00,-1.318221276141597,False
2021-10-20 20:30:00,-1.0222279032891215,False
2021-10-20 20:40:00,-1.0284030118600562,False
2021-10-20 20:50:00,-1.0869656353480828,False
2021-10-20 21:00:00,-1.1794374428331698,False
2021-10-20 21:10:00,-1.1674917348131537,False
2021-10-20 21:20:00,-0.8760391625303814,False
2021-10-20 21:30:00,-0.8448733712712109,False
2021-10-20 21:40:00,-0.9673958592547973,False
2021-10-20 21:50:00,-1.1833220119653987,False
2021-10-20 22:00:00,-1.0469116205778783,False
2021-10-20 22:10:00,-0.7747979183260179,False
2021-10-20 22:20:00,-1.0342836229456653,False
2021-10-20 22:30:00,-0.9420702321680671,False
2021-10-20 22:40:00,-1.0702823311582577,False
2021-10-20 22:50:00,-0.9842015938149233,False
2021-10-20 23:00:00,-1.0870945730383987,False
2021-10-20 23:10:00,-1.0073453887079817,False
2021-10-20 23:20:00,-1.0473852404129458,False
2021-10-20 23:30:00,-1.0853012787816252,False
2021-10-20 23:40:00,-0.9379649906596543,False
2021-10-20 23:50:00,-0.8418519771853562,False
2021-10-21 00:00:00,-1.075797541412092,False
2021-10-21 00:10:00,-0.950489225573794,False
2021-10-21 00:20:00,-1.0698555009067334,False
2021-10-21 00:30:00,-1.011875291413434,False
2021-10-21 00:40:00,,False
2021-10-21 00:50:00,-1.1178886545611133,False
2021-10-21 01:00:00,-0.91724263241365,False
2021-10-21 01:10:00,-0.9484868618857278,False
2021-10-21 01:20:00,-1.0080112291941183,False
2021-10-21 01:30:00,-0.9560846455467429,False
2021-10-21 01:40:00,-0.8940298275222996,False
2021-10-21 01:50:00,-1.0289020609761392,False
2021-10-21 02:00:00,-0.8218035680348176,False
2021-10-21 02:10:00,-0.9313414046590155,False
2021-10-21 02:20:00,-0.9734723036583984,False
2021-10-21 02:30:00,-1.071203829257093,False
2021-10-21 02:40:00,-1.028055664936479,False
2021-10-21 02:50:00,-1.0233169494760972,False
2021-10-21 03:00:00,-1.0584718867276275,False
2021-10-21 03:10:00,,False
2021-10-21 03:20:00,-0.8930336145321376,False
2021-10-21 03:30:00,-1.0840614438314577,False
2021-10-21 03:40:00,-1.050751234215027,False
2021-10-21 03:50:00,-1.0539572223347833,False
2021-10-21 04:00:00,-1.002352737797996,False
2021-10-21 04:10:00,-0.9319553754599071,False
2021-10-21 04:20:00,-1.1049421490819076,False
2021-10-21 04:30:00,-1.0617319287545663,False
2021-10-21 04:40:00,-0.964551270219544,False
2021-10-21 04:50:00,-1.0119525339369995,False
2021-10-21 05:00:00,-0.9505120224209237,False
2021-10-21 05:10:00,-1.0068996890604367,False
2021-10-21 05:20:00,-1.109936239288979,False
2021-10-21 05:30:00,-0.8634046057961459,False
2021-10-21 05:40:00,-0.9855871821573086,False
2021-10-21 05:50:00,-1.0205755488305936,False
2021-10-21 06:00:00,-1.1271070606094544,False
2021-10-21 06:10:00,-0.9783538583387608,False
2021-10-21 06:20:00,-0.9928603461456224,False
2021-10-21 06:30:00,,False
2021-10-21 06:40:00,-1.2074544082348577,False
2021-10-21 06:50:00,-1.0405403795958854,False
2021-10-21 07:00:00,-1.1703407240430166,False
2021-10-21 07:10:00,,False
2021-10-21 07:20:00,-0.9822374340971605,False
2021-10-21 07:30:00,-0.9831228710360073,False
2021-10-21 07:40:00,-1.0615067862566738,False
2021-10-21 07:50:00,-0.9361914951142105,False
2021-10-21 08:00:00,-1.0720833152009681,False
2021-10-21 08:10:00,-1.0099566311576622,False
2021-10-21 08:20:00,-0.8684586474232731,False
2021-10-21 08:30:00,-0.9560292762414697,False
2021-10-21 08:40:00,-1.063195681742634,False
2021-10-21 08:50:00,-1.0752880766815636,False
2021-10-21 09:00:00,-0.7215488162257426,False
2021-10-21 09:10:00,-1.2749873330897565,False
2021-10-21 09:20:00,-1.0468293379495879,False
2021-10-21 09:30:00,-1.0146462402994105,False
2021-10-21 09:40:00,-0.9446572429833714,False
2021-10-21 09:50:00,-1.07599049811175,False
2021-10-21 10:00:00,-1.101240142101842,False
2021-10-21 10:10:00,-1.150839926504273,False
2021-10-21 10:20:00,-1.0465058229025042,False
2021-10-21 10:30:00,-1.0074265784134482,False
2021-10-21 10:40:00,-1.0069775702563886,False
2021-10-21 10:50:00,-1.0325854494722733,False
2021-10-21 11:00:00,-0.8504695408097273,False
2021-10-21 11:10:00,-1.0834240307714826,False
2021-10-21 11:20:00,-0.8588953638538614,False
2021-10-21 11:30:00,-1.122439350420758,False
2021-10-21 11:40:00,-1.093504679104535,False
2021-10-21 11:50:00,-1.022233104058239,False
2021-10-21 12:00:00,-1.1142014009835053,False
2021-10-21 12:10:00,-0.926597889683373,False
2021-10-21 12:20:00,-0.9645384854892045,False
2021-10-21 12:30:00,-0.7953244680362741,False
2021-10-21 12:40:00,-0.8729220564384673,False
2021-10-21 12:50:00,-1.0238828579199064,False
2021-10-21 13:00:00,-1.0550584387855289,False
2021-10-21 13:10:00,-0.8386791556702918,False
2021-10-21 13:20:00,-0.781982782601357,False
2021-10-21 13:30:00,-0.8897087344573124,False
2021-10-21 13:40:00,,False
2021-10-21 13:50:00,-0.9294491120508255,False
2021-10-21 14:00:00,-1.1638494132926682,False
2021-10-21 14:10:00,-1.0880743442619492,False
2021-10-21 14:20:00,-1.0333161446696866,False
2021-10-21 14:30:00,-0.8907233891694493,False
2021-10-21 14:40:00,-1.0171737907328235,False
2021-10-21 14:50:00,-1.0816037143616128,False
2021-10-21 15:00:00,-1.12676722580072,False
2021-10-21 15:10:00,-1.034408553365439,False
2021-10-21 15:20:00,-0.913388797737371,False
2021-10-21 15:30:00,-1.0972465796492612,False
2021-10-21 15:40:00,-1.0482702502943277,False
2021-10-21 15:50:00,-1.0645400131463,False
2021-10-21 16:00:00,-1.1086699940411828,False
2021-10-21 16:10:00,-1.0722079158786142,False
2021-10-21 16:20:00,-1.0280642570619007,False
2021-10-21 16:30:00,-0.9292028982481529,False
2021-10-21 16:40:00,-0.9718370218682149,False
2021-10-21 16:50:00,-1.2621283343976843,False
2021-10-21 17:00:00,-1.0475599293317528,False
2021-10-21 17:10:00,,False
2021-10-21 17:20:00,-0.9651693001946725,False
2021-10-21 17:30:00,-1.066548654713959,False
2021-10-21 17:40:00,-0.8636353816931381,False
2021-10-21 17:50:00,,False
2021-10-21 18:00:00,-1.1461808988035604,False
2021-10-21 18:10:00,-0.9832725726138322,False
2021-10-21 18:20:00,-1.154359908722191,False
2021-10-21 18:30:00,-0.9829125269701633,False
2021-10-21 18:40:00,-0.8622578706875326,False
2021-10-21 18:50:00,-0.8868879483525357,False
2021-10-21 19:00:00,-1.0514857248087224,False
2021-10-21 19:10:00,-0.9888677494768179,False
2021-10-21 19:20:00,-0.8439017145949298,False
2021-10-21 19:30:00,-1.0495919287008983,False
2021-10-21 19:40:00,-0.9848298567446373,False
2021-10-21 19:50:00,-0.96849866094695,False
2021-10-21 20:00:00,-1.0645525419414412,False
2021-10-21 20:10:00,-1.0598939846922848,False
2021-10-21 20:20:00,-0.9295239128067505,False
2021-10-21 20:30:00,-0.9123052787857678,False
2021-10-21 20:40:00,-1.0418561284660603,False
2021-10-21 20:50:00,-1.1123543203808324,False
2021-10-21 21:00:00,-0.9986092402298667,False
2021-10-21 21:10:00,-1.1859127674579435,False
2021-10-21 21:20:00,-1.1105289377284944,False
2021-10-21 21:30:00,-1.1050653724363326,False
2021-10-21 21:40:00,-1.107442230048875,False
2021-10-21 21:50:00,-0.9990843535632105,False
2021-10-21 22:00:00,-1.07377837647156,False
2021-10-21 22:10:00,-1.0413925661833876,False
2021-10-21 22:20:00,-1.0110817071795903,False
2021-10-21 22:30:00,-1.1213896341637994,False
2021-10-21 22:40:00,-0.9189361962018577,False
2021-10-21 22:50:00,-1.0403857577904188,False
2021-10-21 23:00:00,-0.97355830414766,False
2021-10-21 23:10:00,-0.8753310011855976,False
2021-10-21 23:20:00,-0.9905230668970327,False
2021-10-21 23:30:00,-1.1269361851371857,False
2021-10-21 23:40:00,-0.9653040924617884,False
2021-10-21 23:50:00,-0.9890947013915284,False
2021-10-22 00:00:00,-1.0933158675397745,False
2021-10-22 00:10:00,-0.9833480958383654,False
2021-10-22 00:20:00,-0.9098996396581995,False
2021-10-22 00:30:00,-0.9275112122382221,False
2021-10-22 00:40:00,-0.9784185772566311,False
2021-10-22 00:50:00,-0.9662888289134088,False
2021-10-22 01:00:00,-0.9464144742552308,False
2021-10-22 01:10:00,-0.9150591054618856,False
2021-10-22 01:20:00,-0.896442263416882,False
2021-10-22 01:30:00,-1.0737981200581304,False
2021-10-22 01:40:00,-0.9854657879164213,False
2021-10-22 01:50:00,-0.9462051687986853,False
2021-10-22 02:00:00,-1.1651393097694964,False
2021-10-22 02:10:00,-0.8855788968602228,False
2021-10-22 02:20:00,-0.8855692100689454,False
2021-10-22 02:30:00,,False
2021-10-22 02:40:00,-1.0683489175205605,False
2021-10-22 02:50:00,-0.9830652686631046,False
2021-10-22 03:00:00,-0.9729375961492337,False
2021-10-22 03:10:00,-0.8356215554758064,False
2021-10-22 03:20:00,-1.1004089419114034,False
2021-10-22 03:30:00,-1.0993496422283253,False
2021-10-22 03:40:00,-0.9659375056397127,False
2021-10-22 03:50:00,-0.9046263169666691,False
2021-10-22 04:00:00,-0.9014377977044482,False
2021-10-22 04:10:00,-0.7492092717476628,False
2021-10-22 04:20:00,-0.8841451254959387,False
2021-10-22 04:30:00,-1.121795015192427,False
2021-10-22 04:40:00,-1.0167736962409657,False
2021-10-22 04:50:00,-0.9019018401980581,False
2021-10-22 05:00:00,-1.057743246544167,False
2021-10-22 05:10:00,-1.1321198331975242,False
2021-10-22 05:20:00,-0.9337067945208777,False
2021-10-22 05:30:00,-0.8524974626390625,False
2021-10-22 05:40:00,-0.9121592559174162,False
2021-10-22 05:50:00,-0.9365809113178408,False
2021-10-22 06:00:00,-0.9923331367762475,False
2021-10-22 06:10:00,-0.935192683856685,False
2021-10-22 06:20:00,-0.9896846484542275,False
2021-10-22 06:30:00,-0.98184070380902,False
2021-10-22 06:40:00,-1.0994215948288657,False
2021-10-22 06:50:00,-1.1323217444600215,False
2021-10-22 07:00:00,-0.8813447560243767,False
2021-10-22 07:10:00,-0.9213153781720684,False
2021-10-22 07:20:00,-1.0334131157243023,False
2021-10-22 07:30:00,-1.0406785693525793,False
2021-10-22 07:40:00,-1.0666897587282553,False
2021-10-22 07:50:00,-1.0237940294360095,False
2021-10-22 08:00:00,-1.22339758107804,False
2021-10-22 08:10:00,-1.1747564341966472,False
2021-10-22 08:20:00,-0.953936368684217,False
2021-10-22 08:30:00,-0.9642046707297409,False
2021-10-22 08:40:00,-1.094928320162684,False
2021-10-22 08:50:00,-1.0366361117364171,False
2021-10-22 09:00:00,-0.8997695871051377,False
2021-10-22 09:10:00,-0.8615689526804046,False
2021-10-22 09:20:00,-1.0422491417974322,False
2021-10-22 09:30:00,-1.0657445046729122,False
2021-10-22 09:40:00,-0.9234326397742573,False
2021-10-22 09:50:00,-1.0442981390419164,False
2021-10-22 10:00:00,-1.081041608869252,False
2021-10-22 10:10:00,-0.9772175007941727,False
2021-10-22 10:20:00,-1.0692276995362746,False
2021-10-22 10:30:00,-0.8382777453381192,False
2021-10-22 10:40:00,-1.1460511877099773,False
2021-10-22 10:50:00,-0.8943014949417565,False
2021-10-22 11:00:00,-1.040690275905575,False
2021-10-22 11:10:00,-0.9753302663874108,False
2021-10-22 11:20:00,-1.080257636528507,False
2021-10-22 11:30:00,-0.8950017856827133,False
2021-10-22 11:40:00,-0.9058175559474791,False
2021-10-22 11:50:00,-0.7798090002092793,False
2021-10-22 12:00:00,-0.8868591507961234,False
2021-10-22 12:10:00,,False
2021-10-22 12:20:00,-1.0376894967133876,False
2021-10-22 12:30:00,-0.9302056068754837,False
2021-10-22 12:40:00,-0.9409811114605038,False
2021-10-22 12:50:00,-1.0090970647564312,False
2021-10-22 13:00:00,-1.006716782479547,False
2021-10-22 13:10:00,-0.8810011129709637,False
2021-10-22 13:20:00,-1.0449940509282551,False
2021-10-22 13:30:00,-0.9491431898492984,False
2021-10-22 13:40:00,-1.0959774025298994,False
2021-10-22 13:50:00,,False
2021-10-22 14:00:00,-0.9804784624745803,False
2021-10-22 14:10:00,-1.0360468043398003,False
2021-10-22 14:20:00,-0.8337978415174665,False
2021-10-22 14:30:00,-1.0177465503866916,False
2021-10-22 14:40:00,-0.9811181695943151,False
2021-10-22 14:50:00,-1.138228468247299,False
2021-10-22 15:00:00,-1.298050860512394,False
2021-10-22 15:10:00,-1.1480671642480254,False
2021-10-22 15:20:00,-1.1289776600085373,False
2021-10-22 15:30:00,-1.0426734373494801,False
2021-10-22 15:40:00,-1.1183445514458603,False
2021-10-22 15:50:00,,False
2021-10-22 16:00:00,-1.0788228678757743,False
2021-10-22 16:10:00,-1.0620701721140249,False
2021-10-22 16:20:00,-0.9156250612918932,False
2021-10-22 16:30:00,-1.0211066132795406,False
2021-10-22 16:40:00,-1.1385031869744335,False
2021-10-22 16:50:00,-0.9546287921465393,False
2021-10-22 17:00:00,-1.0017992766111965,False
2021-10-22 17:10:00,-0.9652998731281498,False
2021-10-22 17:20:00,-0.9723581881528888,False
2021-10-22 17:30:00,-1.0425141959097308,False
2021-10-22 17:40:00,-0.9824037994430288,False
2021-10-22 17:50:00,-0.9949965826685304,False
2021-10-22 18:00:00,-0.9497656598860247,False
2021-10-22 18:10:00,-0.9620901341477551,False
2021-10-22 18:20:00,-1.0189134590011037,False
2021-10-22 18:30:00,-0.9528727179533942,False
2021-10-22 18:40:00,-1.0944485751798918,False
2021-10-22 18:50:00,-1.1606570356871042,False
2021-10-22 19:00:00,-0.9095061409023367,False
2021-10-22 19:10:00,-0.9456213384013297,False
2021-10-22 19:20:00,-1.1126964145225111,False
2021-10-22 19:30:00,-1.0496422317551033,False
2021-10-22 19:40:00,,False
2021-10-22 19:50:00,-0.9469297388339369,False
2021-10-22 20:00:00,-1.0962085286458558,False
2021-10-22 20:10:00,-0.8715608516623756,False
2021-10-22 20:20:00,-0.9961030859043232,False
2021-10-22 20:30:00,-0.8429286146314432,False
2021-10-22 20:40:00,-1.069871661751134,False
2021-10-22 20:50:00,-0.9495130635385426,False
2021-10-22 21:00:00,-0.971550975580888,False
2021-10-22 21:10:00,-0.878083089636403,False
2021-10-22 21:20:00,-0.7369571410166377,False
2021-10-22 21:30:00,-0.965749855406662,False
2021-10-22 21:40:00,-0.9466962185273278,False
2021-10-22 21:50:00,-0.9557213384229292,False
2021-10-22 22:00:00,-0.9030543079040932,False
2021-10-22 22:10:00,,False
2021-10-22 22:20:00,-1.143065416715758,False
2021-10-22 22:30:00,-1.0851253366183498,False
2021-10-22 22:40:00,-0.9659009025932308,False
2021-10-22 22:50:00,-0.9959361900763387,False
2021-10-22 23:00:00,-1.128467852599112,False
2021-10-22 23:10:00,-0.8532869507169303,False
2021-10-22 23:20:00,-1.0342570714804677,False
2021-10-22 23:30:00,-1.111932502881535,False
2021-10-22 23:40:00,-1.0043919039102187,False
2021-10-22 23:50:00,-1.0582701844882823,False
2021-10-23 00:00:00,-0.9885491654107139,False
2021-10-23 00:10:00,-0.913755243509807,False
2021-10-23 00:20:00,-0.9077357908899268,False
2021-10-23 00:30:00,-0.9643435615253821,False
2021-10-23 00:40:00,,False
2021-10-23 00:50:00,-1.2541517262248507,False
2021-10-23 01:00:00,-0.9576766321829093,False
2021-10-23 01:10:00,-1.1057979296072784,False
2021-10-23 01:20:00,-0.9251548204475729,False
2021-10-23 01:30:00,-1.071159320403394,False
2021-10-23 01:40:00,-0.9675725004035161,False
2021-10-23 01:50:00,-0.8051312325301878,False
2021-10-23 02:00:00,-1.035302146686002,False
2021-10-23 02:10:00,-1.0847539676066358,False
2021-10-23 02:20:00,-0.9843140065260662,False
2021-10-23 02:30:00,-1.1493576399974417,False
2021-10-23 02:40:00,-0.9586215929138048,False
2021-10-23 02:50:00,-1.0697436606648796,False
2021-10-23 03:00:00,-1.115043465267396,False
2021-10-23 03:10:00,-0.9175350769255479,False
2021-10-23 03:20:00,-0.9733067028312221,False
2021-10-23 03:30:00,-1.1303195833243551,False
2021-10-23 03:40:00,-0.9853496622629759,False
2021-10-23 03:50:00,-0.903442112537541,False
2021-10-23 04:00:00,-0.8733592435217049,False
2021-10-23 04:10:00,-0.8051645326029401,False
2021-10-23 04:20:00,-1.1034332578087784,False
2021-10-23 04:30:00,-1.0778954573439052,False
2021-10-23 04:40:00,-1.0896672107887075,False
2021-10-23 04:50:00,-0.9488928074295151,False
2021-10-23 05:00:00,-0.8773525061390639,False
2021-10-23 05:10:00,-0.9959167755554369,False
2021-10-23 05:20:00,-1.1458103887779965,False
2021-10-23 05:30:00,-1.0348534004098418,False
2021-10-23 05:40:00,-0.999633525174892,False
2021-10-23 05:50:00,-0.8763144670582793,False
2021-10-23 06:00:00,-0.8855418685358214,False
2021-10-23 06:10:00,-1.018927916671155,False
2021-10-23 06:20:00,-1.134271983340928,False
2021-10-23 06:30:00,-0.9159792509445336,False
2021-10-23 06:40:00,-1.1689400056530896,False
2021-10-23 06:50:00,-1.103058504156758,False
2021-10-23 07:00:00,-0.9881962831594925,False
2021-10-23 07:10:00,-1.0506904079905273,False
2021-10-23 07:20:00,,False
2021-10-23 07:30:00,-0.9077412061769118,False
2021-10-23 07:40:00,-0.9301378890291979,False
2021-10-23 07:50:00,-0.9244540021816562,False
2021-10-23 08:00:00,-0.854009890778065,False
2021-10-23 08:10:00,-0.9425200690381281,False
2021-10-23 08:20:00,-0.9293792599602773,False
2021-10-23 08:30:00,-0.8963644885086474,False
2021-10-23 08:40:00,-1.0423220516183513,False
2021-10-23 08:50:00,-0.9879150455776399,False
2021-10-23 09:00:00,-0.8374575557620811,False
2021-10-23 09:10:00,-1.060214271488289,False
2021-10-23 09:20:00,-1.076366036783245,False
2021-10-23 09:30:00,-0.8344205605840167,False
2021-10-23 09:40:00,-1.0727657313501993,False
2021-10-23 09:50:00,,False
2021-10-23 10:00:00,-0.9823827802563968,False
2021-10-23 10:10:00,-1.0142923764198675,False
2021-10-23 10:20:00,-1.0755873554535902,False
2021-10-23 10:30:00,-0.975843715624797,False
2021-10-23 10:40:00,-0.9818168402723102,False
2021-10-23 10:50:00,-1.174167681224176,False
2021-10-23 11:00:00,-0.848533937374053,False
2021-10-23 11:10:00,-0.8831782453599224,False
2021-10-23 11:20:00,-1.018301778735678,False
2021-10-23 11:30:00,-1.0229469154289261,False
2021-10-23 11:40:00,-1.0834505529598384,False
2021-10-23 11:50:00,-0.9621470465146402,False
2021-10-23 12:00:00,-0.9802931683232867,False
2021-10-23 12:10:00,-0.987047815456657,False
2021-10-23 12:20:00,-1.1648365115221324,False
2021-10-23 12:30:00,-0.8705389549649611,False
2021-10-23 12:40:00,-1.1059556126617458,False
2021-10-23 12:50:00,-0.9389609671747633,False
2021-10-23 13:00:00,-0.9487955905128129,False
2021-10-23 13:10:00,-1.1225425191744527,False
2021-10-23 13:20:00,,False
2021-10-23 13:30:00,-1.0820407339210611,False
2021-10-23 13:40:00,-1.0641045085521665,False
2021-10-23 13:50:00,-1.1275655775264564,False
2021-10-23 14:00:00,,False
2021-10-23 14:10:00,-0.9500117134149659,False
2021-10-23 14:20:00,-1.1489787883799902,False
2021-10-23 14:30:00,-0.9451492319799722,False
2021-10-23 14:40:00,-1.0988959203487174,False
2021-10-23 14:50:00,-1.1351568180153215,False
2021-10-23 15:00:00,,False
2021-10-23 15:10:00,-0.8412516838083164,False
2021-10-23 15:20:00,-1.0091146755032587,False
2021-10-23 15:30:00,-0.9180591641949173,False
2021-10-23 15:40:00,-1.0438891846241287,False
2021-10-23 15:50:00,-0.984849193645945,False
2021-10-23 16:00:00,-1.134744857218996,False
2021-10-23 16:10:00,-1.055715264018704,False
2021-10-23 16:20:00,-0.909520058070359,False
2021-10-23 16:30:00,-1.0566176032648054,False
2021-10-23 16:40:00,-1.071542591977774,False
2021-10-23 16:50:00,-1.0321062704340147,False
2021-10-23 17:00:00,-1.0058330704434393,False
2021-10-23 17:10:00,-1.0111151617439738,False
2021-10-23 17:20:00,-0.8924917225871767,False
2021-10-23 17:30:00,-1.090969141123448,False
2021-10-23 17:40:00,-0.9898330216292941,False
2021-10-23 17:50:00,-0.915515428188948,False
2021-10-23 18:00:00,,False
2021-10-23 18:10:00,-0.8108706517106754,False
2021-10-23 18:20:00,-1.1821706321644647,False
2021-10-23 18:30:00,-1.0212149771632635,False
2021-10-23 18:40:00,-1.0181943392623989,False
2021-10-23 18:50:00,-1.0737785892337426,False
2021-10-23 19:00:00,-0.9987514961264637,False
2021-10-23 19:10:00,-0.9819278513444412,False
2021-10-23 19:20:00,-0.9446517110309538,False
2021-10-23 19:30:00,-0.9603272901779806,False
2021-10-23 19:40:00,-1.06772024507443,False
2021-10-23 19:50:00,-0.9767690506449004,False
2021-10-23 20:00:00,-0.8949384288597997,False
2021-10-23 20:10:00,-1.0212140724736165,False
2021-10-23 20:20:00,-1.0872303420355574,False
2021-10-23 20:30:00,-1.0068218017390484,False
2021-10-23 20:40:00,-0.9868085948823779,False
2021-10-23 20:50:00,-0.9867474393700116,False
2021-10-23 21:00:00,-1.0301480628793587,False
2021-10-23 21:10:00,,False
2021-10-23 21:20:00,-1.254624852141771,False
2021-10-23 21:30:00,-0.9186657028038144,False
2021-10-23 21:40:00,-0.9273620774678071,False
2021-10-23 21:50:00,-0.8978934329084485,False
2021-10-23 22:00:00,-1.0284377526693473,False
2021-10-23 22:10:00,-0.9176257989871137,False
2021-10-23 22:20:00,,False
2021-10-23 22:30:00,-0.7486624884723845,False
2021-10-23 22:40:00,-1.0076516699396865,False
2021-10-23 22:50:00,-1.2138313201234978,False
2021-10-23 23:00:00,-0.9957839383475479,False
2021-10-23 23:10:00,-1.100597865770848,False
2021-10-23 23:20:00,-0.976111915533109,False
2021-10-23 23:30:00,-0.9120740508860448,False
2021-10-23 23:40:00,-0.899810655845324,False
2021-10-23 23:50:00,-1.0146091581498269,False
2021-10-24 00:00:00,-0.9871022555800295,False
2021-10-24 00:10:00,,False
2021-10-24 00:20:00,-0.8232066571508089,False
2021-10-24 00:30:00,-0.9989768395623393,False
2021-10-24 00:40:00,-1.066628725140075,False
2021-10-24 00:50:00,-1.0866670397161207,False
2021-10-24 01:00:00,-1.2744695380232705,False
2021-10-24 01:10:00,-0.8720478296626066,False
2021-10-24 01:20:00,-0.9732366021120765,False
2021-10-24 01:30:00,-0.9726910602323146,False
2021-10-24 01:40:00,-0.8666218351353607,False
2021-10-24 01:50:00,-0.9867740898976997,False
2021-10-24 02:00:00,-1.1370420407860915,False
2021-10-24 02:10:00,,False
2021-10-24 02:20:00,-1.1393537778762561,False
2021-10-24 02:30:00,-0.9666234950262984,False
2021-10-24 02:40:00,-1.0645851347684598,False
2021-10-24 02:50:00,-0.9986856958911349,False
2021-10-24 03:00:00,-0.9881260261757534,False
2021-10-24 03:10:00,-1.0463920842017311,False
2021-10-24 03:20:00,-1.0607678831701957,False
2021-10-24 03:30:00,-1.0287630762915259,False
2021-10-24 03:40:00,-0.9987426759950341,False
2021-10-24 03:50:00,-0.9075973370954926,False
2021-10-24 04:00:00,-0.9869448917999153,False
2021-10-24 04:10:00,-0.9688720911019916,False
2021-10-24 04:20:00,-1.0761540348635308,False
2021-10-24 04:30:00,-1.0196362748189836,False
2021-10-24 04:40:00,-1.1059787987847618,False
2021-10-24 04:50:00,-0.8704225743509686,False
2021-10-24 05:00:00,,False
2021-10-24 05:10:00,,False
2021-10-24 05:20:00,-0.9271122856408853,False
2021-10-24 05:30:00,,False
2021-10-24 05:40:00,-0.9465916577740212,False
2021-10-24 05:50:00,-0.9707915655039746,False
2021-10-24 06:00:00,-1.0283411595570369,False
2021-10-24 06:10:00,-0.9738193635390057,False
2021-10-24 06:20:00,,False
2021-10-24 06:30:00,-1.0122845676472607,False
2021-10-24 06:40:00,,False
2021-10-24 06:50:00,-0.9989195094431691,False
2021-10-24 07:00:00,-1.13545196740774,False
2021-10-24 07:10:00,-1.0315025587233244,False
2021-10-24 07:20:00,-1.0348203678261014,False
2021-10-24 07:30:00,-0.9030777188322201,False
2021-10-24 07:40:00,-0.9046325228509202,False
2021-10-24 07:50:00,-0.9776669245721389,False
2021-10-24 08:00:00,-1.088701300191862,False
2021-10-24 08:10:00,-1.2456510057385257,False
2021-10-24 08:20:00,-1.187078160940147,False
2021-10-24 08:30:00,-0.8947127375349782,False
2021-10-24 08:40:00,,False
2021-10-24 08:50:00,-1.0484307873949152,False
2021-10-24 09:00:00,-1.2884488214480612,False
2021-10-24 09:10:00,-0.9609046568911999,False
2021-10-24 09:20:00,-0.8691814697183999,False
2021-10-24 09:30:00,-1.0351813432721608,False
2021-10-24 09:40:00,-1.1184702664899095,False
2021-10-24 09:50:00,-0.9241454508964952,False
2021-10-24 10:00:00,-0.8871627459442765,False
2021-10-24 10:10:00,-1.093408652455727,False
2021-10-24 10:20:00,-0.9406677677290685,False
2021-10-24 10:30:00,-0.9408714325716886,False
2021-10-24 10:40:00,-0.9688450014873401,False
2021-10-24 10:50:00,-1.1353594244204692,False
2021-10-24 11:00:00,-0.9831939738959409,False
2021-10-24 11:10:00,-0.820203750642107,False
2021-10-24 11:20:00,-0.8800005117044496,False
2021-10-24 11:30:00,-1.0574879424043575,False
2021-10-24 11:40:00,-0.8349797259547451,False
2021-10-24 11:50:00,-0.9772609097118966,False
2021-10-24 12:00:00,-1.1264089594244044,False
2021-10-24 12:10:00,-1.0194011829140277,False
2021-10-24 12:20:00,-0.9833860846768389,False
2021-10-24 12:30:00,-0.9898447724457672,False
2021-10-24 12:40:00,-1.0372137262526935,False
2021-10-24 12:50:00,-1.0496165282602414,False
2021-10-24 13:00:00,-0.8524898108296649,False
2021-10-24 13:10:00,-0.9897127985495816,False
2021-10-24 13:20:00,-0.9676426476350999,False
2021-10-24 13:30:00,-0.9006580453062024,False
2021-10-24 13:40:00,-0.860272114908,False
2021-10-24 13:50:00,-0.9085640845988814,False
2021-10-24 14:00:00,-1.10172057659679,False
2021-10-24 14:10:00,-1.1000245842482483,False
2021-10-24 14:20:00,-0.7877344230019436,False
2021-10-24 14:30:00,-0.9031711727386692,False
2021-10-24 14:40:00,,False
2021-10-24 14:50:00,-1.0163630914366357,False
2021-10-24 15:00:00,-1.0903872424621475,False
2021-10-24 15:10:00,-1.125471929459183,False
2021-10-24 15:20:00,-1.0868268197173294,False
2021-10-24 15:30:00,-0.9005689924324973,False
2021-10-24 15:40:00,-1.1080372980212774,False
2021-10-24 15:50:00,-1.056947709053363,False
2021-10-24 16:00:00,-0.9930396889156041,False
2021-10-24 16:10:00,-0.9828124083883298,False
2021-10-24 16:20:00,,False
2021-10-24 16:30:00,-1.001085456871543,False
2021-10-24 16:40:00,-0.893636854094267,False
2021-10-24 16:50:00,-1.0217286011496174,False
2021-10-24 17:00:00,-1.112631052042627,False
2021-10-24 17:10:00,-0.9159555238927473,False
2021-10-24 17:20:00,-1.0328966581841508,False
2021-10-24 17:30:00,-1.181251339608423,False
2021-10-24 17:40:00,-1.131694280277691,False
2021-10-24 17:50:00,-1.0810280023900967,False
2021-10-24 18:00:00,-1.0566695227176506,False
2021-10-24 18:10:00,-0.8455981809398772,False
2021-10-24 18:20:00,-1.0983734808976764,False
2021-10-24 18:30:00,-1.094749188077201,False
2021-10-24 18:40:00,,False
2021-10-24 18:50:00,-0.9975559874394988,False
2021-10-24 19:00:00,-0.9372448502971812,False
2021-10-24 19:10:00,-0.9237684037390219,False
2021-10-24 19:20:00,,False
2021-10-24 19:30:00,-0.9534226933185265,False
2021-10-24 19:40:00,,False
2021-10-24 19:50:00,-1.0630418016368135,False
2021-10-24 20:00:00,-1.139464096545395,False
2021-10-24 20:10:00,-1.058859725892917,False
2021-10-24 20:20:00,-1.2087053358810578,False
2021-10-24 20:30:00,,False
2021-10-24 20:40:00,-0.889527169761653,False
2021-10-24 20:50:00,-1.1820872736807977,False
2021-10-24 21:00:00,,False
2021-10-24 21:10:00,-1.0042207758962969,False
2021-10-24 21:20:00,-0.9733485687843139,False
2021-10-24 21:30:00,-1.016137657090766,False
2021-10-24 21:40:00,-1.00715038430915,False
2021-10-24 21:50:00,-0.9888647385067557,False
2021-10-24 22:00:00,-0.9629703526733708,False
2021-10-24 22:10:00,-1.0839071305792198,False
2021-10-24 22:20:00,-0.9153482582560402,False
2021-10-24 22:30:00,-0.8153496058700979,False
2021-10-24 22:40:00,-1.1309957850313566,False
2021-10-24 22:50:00,-0.9266822577090011,False
2021-10-24 23:00:00,-1.0098545365490732,False
2021-10-24 23:10:00,-0.7236099966730276,False
2021-10-24 23:20:00,-0.7395014354320222,False
2021-10-24 23:30:00,-0.9472294671455456,False
2021-10-24 23:40:00,-0.922326906592377,False
2021-10-24 23:50:00,-0.8988610852908149,False
2021-10-25 00:00:00,,False
2021-10-25 00:10:00,,False
2021-10-25 00:20:00,-1.055789553567995,False
2021-10-25 00:30:00,-1.0284180315535527,False
2021-10-25 00:40:00,-1.046910873879347,False
2021-10-25 00:50:00,-1.0387223996630393,False
2021-10-25 01:00:00,-1.1900080894039575,False
2021-10-25 01:10:00,-0.8861494032503143,False
2021-10-25 01:20:00,-0.9877121867245464,False
2021-10-25 01:30:00,-1.0533853572304808,False
2021-10-25 01:40:00,,False
2021-10-25 01:50:00,-1.0711977159001564,False
2021-10-25 02:00:00,-0.869017746020972,False
2021-10-25 02:10:00,-1.0573894638436738,False
2021-10-25 02:20:00,-1.0206810581391346,False
2021-10-25 02:30:00,-0.94128718523375,False
2021-10-25 02:40:00,-1.064699528448268,False
2021-10-25 02:50:00,-0.9264208477398629,False
2021-10-25 03:00:00,-1.0353734178127088,False
2021-10-25 03:10:00,-0.8285517816905734,False
2021-10-25 03:20:00,-1.2957222539654019,False
2021-10-25 03:30:00,,False
2021-10-25 03:40:00,-0.8498198344955494,False
2021-10-25 03:50:00,-1.0479041161828262,False
2021-10-25 04:00:00,-1.060229689650322,False
2021-10-25 04:10:00,-1.0679162622498735,False
2021-10-25 04:20:00,-0.8482923327213014,False
2021-10-25 04:30:00,-0.878263272358325,False
2021-10-25 04:40:00,-1.152483046678419,False
2021-10-25 04:50:00,-0.9496538511548337,False
2021-10-25 05:00:00,-0.919443578448059,False
2021-10-25 05:10:00,-1.109753720585052,False
2021-10-25 05:20:00,-1.0222217530664228,False
2021-10-25 05:30:00,-0.9958970002467314,False
2021-10-25 05:40:00,-1.043725620462547,False
2021-10-25 05:50:00,-1.1002346597238601,False
2021-10-25 06:00:00,-0.9577202459685404,False
2021-10-25 06:10:00,-0.8835617560705925,False
2021-10-25 06:20:00,-0.834911360869446,False
2021-10-25 06:30:00,-1.0725354095342323,False
2021-10-25 06:40:00,-1.067806451536385,False
2021-10-25 06:50:00,-0.8932947345724424,False
2021-10-25 07:00:00,-0.9738282380371489,False
2021-10-25 07:10:00,-0.9546669048438663,False
2021-10-25 07:20:00,-0.9166054120490607,False
2021-10-25 07:30:00,-1.026690556734427,False
2021-10-25 07:40:00,-0.9615410536439382,False
2021-10-25 07:50:00,,False
2021-10-25 08:00:00,-0.9523998222329566,False
2021-10-25 08:10:00,-0.969814914464952,False
2021-10-25 08:20:00,-1.0472782485868686,False
2021-10-25 08:30:00,-0.9259905063535325,False
2021-10-25 08:40:00,-1.0275808926841967,False
2021-10-25 08:50:00,-1.0521439966681276,False
2021-10-25 09:00:00,-1.0151885595525663,False
2021-10-25 09:10:00,-1.090487651411487,False
2021-10-25 09:20:00,-1.149239687082438,False
2021-10-25 09:30:00,-1.1225813090277086,False
2021-10-25 09:40:00,-1.0588120077147694,False
2021-10-25 09:50:00,-0.8804373683767686,False
2021-10-25 10:00:00,-0.8056425234520299,False
2021-10-25 10:10:00,-1.058607304010924,False
2021-10-25 10:20:00,-1.1639996857199555,False
2021-10-25 10:30:00,,False
2021-10-25 10:40:00,-0.9684520814663238,False
2021-10-25 10:50:00,-1.0399931157747695,False
2021-10-25 11:00:00,-0.9790945009954428,False
2021-10-25 11:10:00,-0.8869960449524917,False
2021-10-25 11:20:00,-0.9702944804697086,False
2021-10-25 11:30:00,-0.8187930773438058,False
2021-10-25 11:40:00,-0.979862751887209,False
2021-10-25 11:50:00,-0.9720218020697226,False
2021-10-25 12:00:00,-1.1089423896489639,False
2021-10-25 12:10:00,-1.039645331598043,False
2021-10-25 12:20:00,-1.048693020073075,False
2021-10-25 12:30:00,-1.039363885264185,False
2021-10-25 12:40:00,-1.0921627813491483,False
2021-10-25 12:50:00,-0.9509196358585488,False
2021-10-25 13:00:00,-0.9784562095034758,False
2021-10-25 13:10:00,-1.0446117683456413,False
2021-10-25 13:20:00,-0.9274846575339322,False
2021-10-25 13:30:00,-1.1553881543074969,False
2021-10-25 13:40:00,-1.114398768694705,False
2021-10-25 13:50:00,-0.9122747051653809,False
2021-10-25 14:00:00,-1.1658997147153256,False
2021-10-25 14:10:00,-0.9943068361501152,False
2021-10-25 14:20:00,-0.9634213012996221,False
2021-10-25 14:30:00,-1.0428679792985496,False
2021-10-25 14:40:00,-1.001684167731714,False
2021-10-25 14:50:00,-0.9794069397437253,False
2021-10-25 15:00:00,-0.9535856642372654,False
2021-10-25 15:10:00,-0.846526342186357,False
2021-10-25 15:20:00,-1.0711854330781359,False
2021-10-25 15:30:00,-0.8373312857527042,False
2021-10-25 15:40:00,-1.164681080298232,False
2021-10-25 15:50:00,-0.9896197673179774,False
2021-10-25 16:00:00,-0.9251322297808693,False
2021-10-25 16:10:00,-1.0665431880183867,False
2021-10-25 16:20:00,-1.164512875727314,False
2021-10-25 16:30:00,-1.1095385953759154,False
2021-10-25 16:40:00,-1.025039765521464,False
2021-10-25 16:50:00,-0.9578373670739257,False
2021-10-25 17:00:00,-0.9120755370326141,False
2021-10-25 17:10:00,-1.1303747466091498,False
2021-10-25 17:20:00,-1.0961687924826125,False
2021-10-25 17:30:00,-1.139897584779325,False
2021-10-25 17:40:00,-1.0185132025174273,False
2021-10-25 17:50:00,-0.925769821775611,False
2021-10-25 18:00:00,-1.0668868950189336,False
2021-10-25 18:10:00,-1.055469927094566,False
2021-10-25 18:20:00,-0.9432005696717567,False
2021-10-25 18:30:00,-0.8652151486668698,False
2021-10-25 18:40:00,-1.11948878277521,False
2021-10-25 18:50:00,-1.071396797138518,False
2021-10-25 19:00:00,-1.028062050928871,False
2021-10-25 19:10:00,-1.1270611167781919,False
2021-10-25 19:20:00,-1.0359200153159163,False
2021-10-25 19:30:00,-0.8718653404225627,False
2021-10-25 19:40:00,-0.8610689816711343,False
2021-10-25 19:50:00,-1.121218438353588,False
2021-10-25 20:00:00,-0.9206847887597434,False
2021-10-25 20:10:00,-1.1128333598791578,False
2021-10-25 20:20:00,-0.9523894316781727,False
2021-10-25 20:30:00,-1.1014400963062554,False
2021-10-25 20:40:00,-1.2039199028818115,False
2021-10-25 20:50:00,-0.9637047958133569,False
2021-10-25 21:00:00,-0.9676323018461946,False
2021-10-25 21:10:00,-1.1862971671523228,False
2021-10-25 21:20:00,,False
2021-10-25 21:30:00,-0.9435414589628576,False
2021-10-25 21:40:00,-1.031320223975916,False
2021-10-25 21:50:00,-0.8852841482285867,False
2021-10-25 22:00:00,-0.9355933217320047,False
2021-10-25 22:10:00,-1.0331438377546611,False
2021-10-25 22:20:00,-0.9324294919785646,False
2021-10-25 22:30:00,-0.9964181485537802,False
2021-10-25 22:40:00,-0.9554986016805747,False
2021-10-25 22:50:00,-1.0011533154909313,False
2021-10-25 23:00:00,-0.9086361198756141,False
2021-10-25 23:10:00,-1.077607357510127,False
2021-10-25 23:20:00,-0.8282413675169158,False
2021-10-25 23:30:00,-1.0705470812898723,False
2021-10-25 23:40:00,-1.1075832915936237,False
2021-10-25 23:50:00,-1.1381533727730664,False
2021-10-26 00:00:00,-1.131711986493193,False
2021-10-26 00:10:00,-0.9530988626016264,False
2021-10-26 00:20:00,-1.075068115203776,False
2021-10-26 00:30:00,,False
2021-10-26 00:40:00,-0.9601104888459462,False
2021-10-26 00:50:00,-1.0232063507305076,False
2021-10-26 01:00:00,-0.9486405220714222,False
2021-10-26 01:10:00,-1.0807036204541232,False
2021-10-26 01:20:00,,False
2021-10-26 01:30:00,,False
2021-10-26 01:40:00,-1.015031764556997,False
2021-10-26 01:50:00,-1.086252259058951,False
2021-10-26 02:00:00,-0.9293171656518814,False
2021-10-26 02:10:00,-0.9514821093843202,False
2021-10-26 02:20:00,-0.9253705224407464,False
2021-10-26 02:30:00,-0.9902860963676284,False
2021-10-26 02:40:00,,False
2021-10-26 02:50:00,-1.0034998278340495,False
2021-10-26 03:00:00,-0.9181608333562508,False
2021-10-26 03:10:00,-1.2738605352459285,False
2021-10-26 03:20:00,-1.081461389372363,False
2021-10-26 03:30:00,-1.1065849774909997,False
2021-10-26 03:40:00,-1.021641660132358,False
2021-10-26 03:50:00,-1.0004026354022089,False
2021-10-26 04:00:00,,False
2021-10-26 04:10:00,-0.9516978822648484,False
2021-10-26 04:20:00,-0.9353209834943456,False
2021-10-26 04:30:00,-1.0569865181213096,False
2021-10-26 04:40:00,-0.8489093521008231,False
2021-10-26 04:50:00,-0.9179542264954275,False
2021-10-26 05:00:00,-1.088711750464836,False
2021-10-26 05:10:00,-1.0521549192859314,False
2021-10-26 05:20:00,-1.1048078730185482,False
2021-10-26 05:30:00,-0.9235887779478116,False
2021-10-26 05:40:00,-1.0495991567147844,False
2021-10-26 05:50:00,-0.9268421752756847,False
2021-10-26 06:00:00,-1.0052359606641217,False
2021-10-26 06:10:00,,False
2021-10-26 06:20:00,-1.0755650311003524,False
2021-10-26 06:30:00,-1.1134657203080789,False
2021-10-26 06:40:00,-1.0066521527858587,False
2021-10-26 06:50:00,,False
2021-10-26 07:00:00,-0.920854167857206,False
2021-10-26 07:10:00,-0.8862121110469353,False
2021-10-26 07:20:00,-1.138573020845087,False
2021-10-26 07:30:00,-1.1078082263965199,False
2021-10-26 07:40:00,-1.108059768577819,False
2021-10-26 07:50:00,-0.998623670253307,False
2021-10-26 08:00:00,-0.9061545062460215,False
2021-10-26 08:10:00,-1.0097211097190868,False
2021-10-26 08:20:00,-0.8587518710151575,False
2021-10-26 08:30:00,-0.9061075661299873,False
2021-10-26 08:40:00,-0.9992300154997059,False
2021-10-26 08:50:00,-0.93475099046281,False
2021-10-26 09:00:00,-0.9606826215026893,False
2021-10-26 09:10:00,-0.8578242572818194,False
2021-10-26 09:20:00,-1.2229105329037662,False
2021-10-26 09:30:00,-1.1071244889963707,False
2021-10-26 09:40:00,-1.111989062176773,False
2021-10-26 09:50:00,-0.8872294690906872,False
2021-10-26 10:00:00,-0.9588725280542304,False
2021-10-26 10:10:00,-0.9674206536311566,False
2021-10-26 10:20:00,-1.1796046745817172,False
2021-10-26 10:30:00,-1.078142740682313,False
2021-10-26 10:40:00,-0.9309263271068724,False
2021-10-26 10:50:00,-1.2166528454118455,False
2021-10-26 11:00:00,-1.0155690905692925,False
2021-10-26 11:10:00,-0.9678225735164679,False
2021-10-26 11:20:00,-1.052259040866776,False
2021-10-26 11:30:00,-0.9747313977426858,False
2021-10-26 11:40:00,-0.8647971358038046,False
2021-10-26 11:50:00,-0.8686867122072672,False
2021-10-26 12:00:00,-0.811703555212204,False
2021-10-26 12:10:00,-0.9044831094148278,False
2021-10-26 12:20:00,-0.9362046322917038,False
2021-10-26 12:30:00,-0.8550813973616207,False
2021-10-26 12:40:00,-1.0167670490214626,False
2021-10-26 12:50:00,-0.7753969234932007,False
2021-10-26 13:00:00,-0.9981212327146397,False
2021-10-26 13:10:00,-1.0927175604657435,False
2021-10-26 13:20:00,-0.9617472901966729,False
2021-10-26 13:30:00,,False
2021-10-26 13:40:00,-1.0235381426993841,False
2021-10-26 13:50:00,-0.8168391880500693,False
2021-10-26 14:00:00,-0.882521522492757,False
2021-10-26 14:10:00,-0.9568565241408202,False
2021-10-26 14:20:00,-1.030260170887406,False
2021-10-26 14:30:00,-1.096640650136231,False
2021-10-26 14:40:00,-0.9454046229484238,False
2021-10-26 14:50:00,,False
2021-10-26 15:00:00,-0.9261938839617284,False
2021-10-26 15:10:00,-1.0347049827674775,False
2021-10-26 15:20:00,-0.8830542178507511,False
2021-10-26 15:30:00,-1.111421314719069,False
2021-10-26 15:40:00,-1.0749186304020475,False
2021-10-26 15:50:00,-0.9825715672014418,False
2021-10-26 16:00:00,-0.9906783024041326,False
2021-10-26 16:10:00,-1.088738603907399,False
2021-10-26 16:20:00,-0.9960036265271949,False
2021-10-26 16:30:00,-0.813051826830782,False
2021-10-26 16:40:00,-1.0998868517444707,False
2021-10-26 16:50:00,-0.9086342492097679,False
2021-10-26 17:00:00,-1.073127683033792,False
2021-10-26 17:10:00,-1.11680920149664,False
2021-10-26 17:20:00,-1.007948862399049,False
2021-10-26 17:30:00,-1.0872825827159547,False
2021-10-26 17:40:00,-0.9756670019073754,False
2021-10-26 17:50:00,-1.0418311669991285,False
2021-10-26 18:00:00,-0.985832359961338,False
2021-10-26 18:10:00,-0.9548318104086431,False
2021-10-26 18:20:00,-1.070118186406658,False
2021-10-26 18:30:00,-1.086234919235371,False
2021-10-26 18:40:00,-1.201763225490748,False
2021-10-26 18:50:00,-0.9948473602462684,False
2021-10-26 19:00:00,-1.0762114348897724,False
2021-10-26 19:10:00,-1.0453050302385245,False
2021-10-26 19:20:00,-1.134905403391959,False
2021-10-26 19:30:00,-0.9679488561268415,False
2021-10-26 19:40:00,-0.9459322535080894,False
2021-10-26 19:50:00,-1.060412411813474,False
2021-10-26 20:00:00,-0.989973452226743,False
2021-10-26 20:10:00,-0.9517461074302246,False
2021-10-26 20:20:00,-1.0142302946099095,False
2021-10-26 20:30:00,-0.8855140582122669,False
2021-10-26 20:40:00,-0.9536337347598527,False
2021-10-26 20:50:00,-1.0293518989790984,False
2021-10-26 21:00:00,-1.056867505360193,False
2021-10-26 21:10:00,-1.1123178208610178,False
2021-10-26 21:20:00,-0.8889285779649945,False
2021-10-26 21:30:00,-1.200055929348654,False
2021-10-26 21:40:00,-1.0639768114099017,False
2021-10-26 21:50:00,-0.8864126368798821,False
2021-10-26 22:00:00,-1.0599204920326264,False
2021-10-26 22:10:00,-0.9232307339462316,False
2021-10-26 22:20:00,-1.0246293762617527,False
2021-10-26 22:30:00,,False
2021-10-26 22:40:00,-0.9179019106229722,False
2021-10-26 22:50:00,-0.9579121383564966,False
2021-10-26 23:00:00,-0.9478425435590057,False
2021-10-26 23:10:00,-0.9446304884595779,False
2021-10-26 23:20:00,-1.0462716610694576,False
2021-10-26 23:30:00,-0.9657004500494254,False
2021-10-26 23:40:00,-0.8387070270051116,False
2021-10-26 23:50:00,-1.0136688104437321,False
2021-10-27 00:00:00,-0.8393062698662141,False
2021-10-27 00:10:00,-0.9668766054897348,False
2021-10-27 00:20:00,-0.869569364391916,False
2021-10-27 00:30:00,-1.0417609381369597,False
2021-10-27 00:40:00,-0.9615079277562475,False
2021-10-27 00:50:00,-0.9139213003485357,False
2021-10-27 01:00:00,,False
2021-10-27 01:10:00,-1.1169215086265707,False
2021-10-27 01:20:00,-0.7919178116818801,False
2021-10-27 01:30:00,-1.1241830577882748,False
2021-10-27 01:40:00,-0.8269584894453574,False
2021-10-27 01:50:00,-1.1437917468092873,False
2021-10-27 02:00:00,-1.0500056774022417,False
2021-10-27 02:10:00,-1.0128724358151047,False
2021-10-27 02:20:00,-0.8997803605357406,False
2021-10-27 02:30:00,-0.9834691444967676,False
2021-10-27 02:40:00,,False
2021-10-27 02:50:00,-0.838749088553004,False
2021-10-27 03:00:00,-0.857631547668358,False
2021-10-27 03:10:00,-1.0574600104810312,False
2021-10-27 03:20:00,-0.8095775849843907,False
2021-10-27 03:30:00,-0.9057617749250861,False
2021-10-27 03:40:00,-1.0078977665864355,False
2021-10-27 03:50:00,-1.0761517574293107,False
2021-10-27 04:00:00,-1.0633820394857807,False
2021-10-27 04:10:00,-0.8908401926038249,False
2021-10-27 04:20:00,-1.1681096448254713,False
2021-10-27 04:30:00,-1.2703147391149097,False
2021-10-27 04:40:00,-1.1333238147958906,False
2021-10-27 04:50:00,-1.0152194535310903,False
2021-10-27 05:00:00,-0.8269663279429087,False
2021-10-27 05:10:00,-0.8469400238727499,False
2021-10-27 05:20:00,-1.1008917617635199,False
2021-10-27 05:30:00,-1.269089635781868,False
2021-10-27 05:40:00,-0.9264197020701466,False
2021-10-27 05:50:00,-1.0955451239821163,False
2021-10-27 06:00:00,-0.9256779788377764,False
2021-10-27 06:10:00,-1.0903938294334599,False
2021-10-27 06:20:00,-0.9718985008370329,False
2021-10-27 06:30:00,-1.077546916410919,False
2021-10-27 06:40:00,-0.9077459679303663,False
2021-10-27 06:50:00,-0.9258820922099665,False
2021-10-27 07:00:00,-1.0150857171401841,False
2021-10-27 07:10:00,-1.2811063489258405,False
2021-10-27 07:20:00,-1.0995645647011487,False
2021-10-27 07:30:00,-1.0941632401267714,False
2021-10-27 07:40:00,-1.1537735943181708,False
2021-10-27 07:50:00,-0.945803459249642,False
2021-10-27 08:00:00,-1.0404724243458168,False
2021-10-27 08:10:00,-0.8840585228604785,False
2021-10-27 08:20:00,-1.0173714880119575,False
2021-10-27 08:30:00,-0.886163408895767,False
2021-10-27 08:40:00,-0.998435383335051,False
2021-10-27 08:50:00,-1.0000157734611126,False
2021-10-27 09:00:00,-1.0699175626897928,False
2021-10-27 09:10:00,-1.0280661684514496,False
2021-10-27 09:20:00,-1.0412289804629424,False
2021-10-27 09:30:00,-1.0485369073151145,False
2021-10-27 09:40:00,-0.9738963357129228,False
2021-10-27 09:50:00,-1.0272934286719966,False
2021-10-27 10:00:00,-0.929783485927208,False
2021-10-27 10:10:00,-0.9605624258901554,False
2021-10-27 10:20:00,-0.9232948049980454,False
2021-10-27 10:30:00,-1.1127580437962525,False
2021-10-27 10:40:00,-0.9697970108432139,False
2021-10-27 10:50:00,-0.9277294376027206,False
2021-10-27 11:00:00,-0.8827508423058464,False
2021-10-27 11:10:00,,False
2021-10-27 11:20:00,-1.0261914928991998,False
2021-10-27 11:30:00,,False
2021-10-27 11:40:00,-1.1046975647289101,False
2021-10-27 11:50:00,-1.0945054031454202,False
2021-10-27 12:00:00,-0.9380156063459174,False
2021-10-27 12:10:00,-1.062029342712074,False
2021-10-27 12:20:00,-1.1287161983144711,False
2021-10-27 12:30:00,-1.0020271230192828,False
2021-10-27 12:40:00,-0.9877231834725477,False
2021-10-27 12:50:00,-0.8213357332524407,False
2021-10-27 13:00:00,-0.8575844212883486,False
2021-10-27 13:10:00,-0.8294514401008475,False
2021-10-27 13:20:00,-0.9806402746676162,False
2021-10-27 13:30:00,-1.1687443261486519,False
2021-10-27 13:40:00,-1.173685675147803,False
2021-10-27 13:50:00,-0.9006622163364515,False
2021-10-27 14:00:00,-0.978639104244459,False
2021-10-27 14:10:00,-1.0043566366069148,False
2021-10-27 14:20:00,-1.2164996121817262,False
2021-10-27 14:30:00,-0.9616177416184956,False
2021-10-27 14:40:00,-0.9961400094795176,False
2021-10-27 14:50:00,-0.9220493836369912,False
2021-10-27 15:00:00,-0.9734974873451472,False
2021-10-27 15:10:00,-0.9925233981530331,False
2021-10-27 15:20:00,-0.9228058404503563,False
2021-10-27 15:30:00,,False
2021-10-27 15:40:00,-1.0424989919919132,False
2021-10-27 15:50:00,-1.001556147683421,False
2021-10-27 16:00:00,-0.8317542774541037,False
2021-10-27 16:10:00,-0.9871307615253596,False
2021-10-27 16:20:00,-1.036856634451285,False
2021-10-27 16:30:00,-1.0342365438359964,False
2021-10-27 16:40:00,-1.0881303641135431,False
2021-10-27 16:50:00,-0.9028601633339074,False
2021-10-27 17:00:00,-0.7904974351076505,False
2021-10-27 17:10:00,-0.8774266355577535,False
2021-10-27 17:20:00,-0.8155693227543412,False
2021-10-27 17:30:00,-0.812579377311091,False
2021-10-27 17:40:00,-0.9147685864069067,False
2021-10-27 17:50:00,-1.024355262079037,False
2021-10-27 18:00:00,-1.0843883146032973,False
2021-10-27 18:10:00,-0.9938446935296666,False
2021-10-27 18:20:00,-0.9414873985002742,False
2021-10-27 18:30:00,-1.0370073671843465,False
2021-10-27 18:40:00,-1.0907308605279697,False
2021-10-27 18:50:00,-1.0728817474788674,False
2021-10-27 19:00:00,-1.0489822747353874,False
2021-10-27 19:10:00,-0.9752124027723618,False
2021-10-27 19:20:00,-0.918984264844825,False
2021-10-27 19:30:00,-0.9960592909867493,False
2021-10-27 19:40:00,-1.0768569993755852,False
2021-10-27 19:50:00,-0.9721260890335829,False
2021-10-27 20:00:00,-0.9882330129116464,False
2021-10-27 20:10:00,,False
2021-10-27 20:20:00,-1.13331556168567,False
2021-10-27 20:30:00,-1.0311654109997697,False
2021-10-27 20:40:00,-0.9616924221749257,False
2021-10-27 20:50:00,-1.0511756681962714,False
2021-10-27 21:00:00,-1.0339711397957299,False
2021-10-27 21:10:00,,False
2021-10-27 21:20:00,-0.9749186993775925,False
2021-10-27 21:30:00,-0.949726620672431,False
2021-10-27 21:40:00,-1.0113393579056909,False
2021-10-27 21:50:00,-0.9431088146535871,False
2021-10-27 22:00:00,-0.8334994398926403,False
2021-10-27 22:10:00,,False
2021-10-27 22:20:00,-1.13094099025161,False
2021-10-27 22:30:00,-1.1716415836536118,False
2021-10-27 22:40:00,-0.7985480788574822,False
2021-10-27 22:50:00,-0.937468601307578,False
2021-10-27 23:00:00,-1.0810811106456601,False
2021-10-27 23:10:00,,False
2021-10-27 23:20:00,-1.0608948014676867,False
2021-10-27 23:30:00,,False
2021-10-27 23:40:00,-1.0091282837679054,False
2021-10-27 23:50:00,-1.1847904423195441,False
2021-10-28 00:00:00,-0.9605466089983357,False
2021-10-28 00:10:00,-1.0438005987731096,False
2021-10-28 00:20:00,-0.9893979942941522,False
2021-10-28 00:30:00,-0.7785659682856804,False
2021-10-28 00:40:00,-0.9693528172519725,False
2021-10-28 00:50:00,,False
2021-10-28 01:00:00,-0.801036070468797,False
2021-10-28 01:10:00,-0.9401850009424976,False
2021-10-28 01:20:00,-1.0764085130853451,False
2021-10-28 01:30:00,-1.0254540058727935,False
2021-10-28 01:40:00,-0.832437240553549,False
2021-10-28 01:50:00,-1.1700332259165822,False
2021-10-28 02:00:00,-1.0735627091209268,False
2021-10-28 02:10:00,-1.0710929914480185,False
2021-10-28 02:20:00,-1.0322381171727895,False
2021-10-28 02:30:00,-0.9986190829523336,False
2021-10-28 02:40:00,-1.01709389494595,False
2021-10-28 02:50:00,-0.9156767294074469,False
2021-10-28 03:00:00,-1.0065685953356216,False
2021-10-28 03:10:00,-1.0474913278019173,False
2021-10-28 03:20:00,-0.982630796598861,False
2021-10-28 03:30:00,-1.0223207576816578,False
2021-10-28 03:40:00,-1.041562368849594,False
2021-10-28 03:50:00,,False
2021-10-28 04:00:00,-1.1180920743459801,False
2021-10-28 04:10:00,-0.9902242489449883,False
2021-10-28 04:20:00,-1.0843392345779457,False
2021-10-28 04:30:00,-0.8913851876558397,False
2021-10-28 04:40:00,-0.7954227149011192,False
2021-10-28 04:50:00,-0.9373868641606503,False
2021-10-28 05:00:00,-0.8947518782941273,False
2021-10-28 05:10:00,-0.9621266009435743,False
2021-10-28 05:20:00,-1.0740799291315504,False
2021-10-28 05:30:00,-1.0228001346747728,False
2021-10-28 05:40:00,-1.0814782270119996,False
2021-10-28 05:50:00,-1.1127909771956754,False
2021-10-28 06:00:00,-0.9659108115150238,False
2021-10-28 06:10:00,-0.9341751493942992,False
2021-10-28 06:20:00,-0.9011392437942853,False
2021-10-28 06:30:00,-1.0066683479617837,False
2021-10-28 06:40:00,,False
2021-10-28 06:50:00,-0.990536180254397,False
2021-10-28 07:00:00,-1.1032431738699382,False
2021-10-28 07:10:00,-1.1151108034219899,False
2021-10-28 07:20:00,-1.1364787074239926,False
2021-10-28 07:30:00,-0.9237334559057276,False
2021-10-28 07:40:00,,False
2021-10-28 07:50:00,-0.9385153794966001,False
2021-10-28 08:00:00,-0.8530395742526345,False
2021-10-28 08:10:00,-1.0302080099135318,False
2021-10-28 08:20:00,-1.16000676004925,False
2021-10-28 08:30:00,-0.9068766197949418,False
2021-10-28 08:40:00,-1.001911076692784,False
2021-10-28 08:50:00,-0.9975574304941651,False
2021-10-28 09:00:00,-0.9168866319566508,False
2021-10-28 09:10:00,-0.92060259629967,False
2021-10-28 09:20:00,-1.1758561741742772,False
2021-10-28 09:30:00,,False
2021-10-28 09:40:00,-1.2418627047133366,False
2021-10-28 09:50:00,-0.9375950378431072,False
2021-10-28 10:00:00,-0.992839019046665,False
2021-10-28 10:10:00,-0.8231323931593116,False
2021-10-28 10:20:00,-0.948076617852827,False
2021-10-28 10:30:00,-1.0533138635238581,False
2021-10-28 10:40:00,-1.1029038918929037,False
2021-10-28 10:50:00,-0.9273769277174617,False
2021-10-28 11:00:00,-1.1454823149267976,False
2021-10-28 11:10:00,-0.8084032550805871,False
2021-10-28 11:20:00,-0.8860264468476293,False
2021-10-28 11:30:00,-1.0675599210378923,False
2021-10-28 11:40:00,-0.9146827972212768,False
2021-10-28 11:50:00,-1.1298939318018366,False
2021-10-28 12:00:00,,False
2021-10-28 12:10:00,-0.8990286014760458,False
2021-10-28 12:20:00,-1.0871904282719953,False
2021-10-28 12:30:00,-1.0879385614616817,False
2021-10-28 12:40:00,-1.0568206702799912,False
2021-10-28 12:50:00,-1.0295645620013212,False
2021-10-28 13:00:00,-0.8285581082022828,False
2021-10-28 13:10:00,-1.0700946927349484,False
2021-10-28 13:20:00,-1.0137593144078596,False
2021-10-28 13:30:00,-0.9193808477763616,False
2021-10-28 13:40:00,-1.0105262439128515,False
2021-10-28 13:50:00,-1.0138752511758131,False
2021-10-28 14:00:00,-0.8531378844823783,False
2021-10-28 14:10:00,-0.8962426098012721,False
2021-10-28 14:20:00,-1.0365944147351367,False
2021-10-28 14:30:00,-0.9436943482972205,False
2021-10-28 14:40:00,-0.9741722115322695,False
2021-10-28 14:50:00,-0.9328597475296069,False
2021-10-28 15:00:00,-1.0642598650630608,False
2021-10-28 15:10:00,-1.0120254509801578,False
2021-10-28 15:20:00,-1.0149744391889477,False
2021-10-28 15:30:00,-1.0725030463236718,False
2021-10-28 15:40:00,-0.8867189843204648,False
2021-10-28 15:50:00,-1.1906030104074996,False
2021-10-28 16:00:00,-0.979588015003101,False
2021-10-28 16:10:00,-0.9564158648583967,False
2021-10-28 16:20:00,-0.9205532245043646,False
2021-10-28 16:30:00,-0.9277587740454553,False
2021-10-28 16:40:00,-1.0618597666315763,False
2021-10-28 16:50:00,-1.0286823951350428,False
2021-10-28 17:00:00,-1.023501470438023,False
2021-10-28 17:10:00,-1.0786569665374786,False
2021-10-28 17:20:00,-0.8601498934320134,False
2021-10-28 17:30:00,-0.872994643806375,False
2021-10-28 17:40:00,-0.9256166655921144,False
2021-10-28 17:50:00,-0.8759881832400032,False
2021-10-28 18:00:00,-1.0208937979095427,False
2021-10-28 18:10:00,-1.0445493261905097,False
2021-10-28 18:20:00,-0.9269206387252298,False
2021-10-28 18:30:00,-1.03762519348943,False
2021-10-28 18:40:00,-0.9623975253821784,False
2021-10-28 18:50:00,-1.0307934614973677,False
2021-10-28 19:00:00,-1.0279208718536825,False
2021-10-28 19:10:00,-0.802945034307298,False
2021-10-28 19:20:00,-0.9832376407711818,False
2021-10-28 19:30:00,-1.002469379671925,False
2021-10-28 19:40:00,-1.061222069699692,False
2021-10-28 19:50:00,-1.1459431733696217,False
2021-10-28 20:00:00,-0.9469266669482531,False
2021-10-28 20:10:00,-1.1476466474217326,False
2021-10-28 20:20:00,-1.0158639520810926,False
2021-10-28 20:30:00,-0.9892392775493293,False
2021-10-28 20:40:00,-1.0472963811194906,False
2021-10-28 20:50:00,-1.024232588822469,False
2021-10-28 21:00:00,-1.114968468698225,False
2021-10-28 21:10:00,,False
2021-10-28 21:20:00,-0.9974004326647168,False
2021-10-28 21:30:00,-0.9458688876831253,False
2021-10-28 21:40:00,-0.904014596689452,False
2021-10-28 21:50:00,-0.9110893232345734,False
2021-10-28 22:00:00,-1.0401126002244878,False
2021-10-28 22:10:00,-1.227829631755617,False
2021-10-28 22:20:00,-1.2139665665640162,False
2021-10-28 22:30:00,-0.899349415110833,False
2021-10-28 22:40:00,-0.9986906445242145,False
2021-10-28 22:50:00,-0.9526504298691261,False
2021-10-28 23:00:00,-0.9778843384335625,False
2021-10-28 23:10:00,,False
2021-10-28 23:20:00,-1.0330874995584363,False
2021-10-28 23:30:00,-1.1261415276397526,False
2021-10-28 23:40:00,-0.909282711725175,False
2021-10-28 23:50:00,-0.8800528984467544,False
2021-10-29 00:00:00,-1.076628853919728,False
2021-10-29 00:10:00,-1.0315857043505825,False
2021-10-29 00:20:00,-0.7952493473266202,False
2021-10-29 00:30:00,-0.9730821704552838,False
2021-10-29 00:40:00,-1.06109602349997,False
2021-10-29 00:50:00,-0.788487778538878,False
2021-10-29 01:00:00,-0.9931853632007581,False
2021-10-29 01:10:00,,False
2021-10-29 01:20:00,-1.0313922693157667,False
2021-10-29 01:30:00,-1.0019605078042388,False
2021-10-29 01:40:00,-0.9264709906988446,False
2021-10-29 01:50:00,-1.0596134079474349,False
2021-10-29 02:00:00,-1.0073442395688093,False
2021-10-29 02:10:00,-1.0832292875841967,False
2021-10-29 02:20:00,-0.8902863495707225,False
2021-10-29 02:30:00,-1.175027331827656,False
2021-10-29 02:40:00,-0.6755113958700898,False
2021-10-29 02:50:00,-1.11885568319164,False
2021-10-29 03:00:00,-0.954974054906076,False
2021-10-29 03:10:00,-0.8305326067122174,False
2021-10-29 03:20:00,-0.9646777379095154,False
2021-10-29 03:30:00,-0.835700844992445,False
2021-10-29 03:40:00,-0.8868631644517364,False
2021-10-29 03:50:00,-0.8873030651719933,False
2021-10-29 04:00:00,-0.9044454046972821,False
2021-10-29 04:10:00,-0.8861498287572664,False
2021-10-29 04:20:00,-0.9411891602116299,False
2021-10-29 04:30:00,-0.8991455759293758,False
2021-10-29 04:40:00,-0.7878407661991004,False
2021-10-29 04:50:00,-1.0975506066845981,False
2021-10-29 05:00:00,-1.0593156468294855,False
2021-10-29 05:10:00,-1.0077998500884455,False
2021-10-29 05:20:00,-1.1552552812401253,False
2021-10-29 05:30:00,-0.9139666131354434,False
2021-10-29 05:40:00,-1.0863526028170898,False
2021-10-29 05:50:00,-0.9863161840299772,False
2021-10-29 06:00:00,-0.9058652003497601,False
2021-10-29 06:10:00,-1.00474138484255,False
2021-10-29 06:20:00,-0.989016630177656,False
2021-10-29 06:30:00,-1.0091101048323967,False
2021-10-29 06:40:00,-1.0260775582102157,False
2021-10-29 06:50:00,-1.0495129892160413,False
2021-10-29 07:00:00,-1.2641203054839694,False
2021-10-29 07:10:00,-1.0875478450578757,False
2021-10-29 07:20:00,-0.9121637431557095,False
2021-10-29 07:30:00,-1.0619116223668723,False
2021-10-29 07:40:00,-0.9016494984546268,False
2021-10-29 07:50:00,-1.092135374990378,False
2021-10-29 08:00:00,-1.0948596858684858,False
2021-10-29 08:10:00,-0.9483043962578119,False
2021-10-29 08:20:00,-1.0845952691080494,False
2021-10-29 08:30:00,-0.9485880857354759,False
2021-10-29 08:40:00,-1.0544637800211412,False
2021-10-29 08:50:00,-1.0825756698476854,False
2021-10-29 09:00:00,-0.8724339704780291,False
2021-10-29 09:10:00,-1.044355822529365,False
2021-10-29 09:20:00,,False
2021-10-29 09:30:00,-1.2170662258400888,False
2021-10-29 09:40:00,-1.0166572878334548,False
2021-10-29 09:50:00,-0.9227144863241186,False
2021-10-29 10:00:00,-1.1278969309396145,False
2021-10-29 10:10:00,-0.9758486610934423,False
2021-10-29 10:20:00,-1.0016927186852942,False
2021-10-29 10:30:00,-0.9625496715714199,False
2021-10-29 10:40:00,-1.0060314147078833,False
2021-10-29 10:50:00,-1.000045788272952,False
2021-10-29 11:00:00,-0.9008908801307131,False
2021-10-29 11:10:00,-1.0657432949907415,False
2021-10-29 11:20:00,-0.866413633287171,False
2021-10-29 11:30:00,-1.020309750027996,False
2021-10-29 11:40:00,-1.0428569454063839,False
2021-10-29 11:50:00,-0.9054455559254095,False
2021-10-29 12:00:00,,False
2021-10-29 12:10:00,-0.9464808571801696,False
2021-10-29 12:20:00,-1.004611590484194,False
2021-10-29 12:30:00,-0.8437018361624128,False
2021-10-29 12:40:00,-0.8903116110852013,False
2021-10-29 12:50:00,-1.0165150037484787,False
2021-10-29 13:00:00,-1.1133939440975373,False
2021-10-29 13:10:00,-0.8828298214432785,False
2021-10-29 13:20:00,-0.9722927923631346,False
2021-10-29 13:30:00,-0.9647308868597717,False
2021-10-29 13:40:00,-1.0282257107548403,False
2021-10-29 13:50:00,-1.0476368393729747,False
2021-10-29 14:00:00,-0.9626801155354411,False
2021-10-29 14:10:00,-1.0223838565229,False
2021-10-29 14:20:00,-1.1008196689819643,False
2021-10-29 14:30:00,-0.8000551272996116,False
2021-10-29 14:40:00,-0.9726221685998867,False
2021-10-29 14:50:00,-0.9356151662176827,False
2021-10-29 15:00:00,-0.9673825726848994,False
2021-10-29 15:10:00,-1.0292479302275739,False
2021-10-29 15:20:00,-0.8349150377833495,False
2021-10-29 15:30:00,-0.8549372459169561,False
2021-10-29 15:40:00,-1.011479864615369,False
2021-10-29 15:50:00,,False
2021-10-29 16:00:00,-0.9557968943579322,False
2021-10-29 16:10:00,-0.8641975792224816,False
2021-10-29 16:20:00,-1.001383619287861,False
2021-10-29 16:30:00,-0.9797756234605364,False
2021-10-29 16:40:00,-0.9139652177440813,False
2021-10-29 16:50:00,-0.8715371823694522,False
2021-10-29 17:00:00,-1.160964476221126,False
2021-10-29 17:10:00,-1.0540846862774451,False
2021-10-29 17:20:00,-0.8091601064803456,False
2021-10-29 17:30:00,-1.087892235053105,False
2021-10-29 17:40:00,-0.9658116957753913,False
2021-10-29 17:50:00,-0.9944351654807635,False
2021-10-29 18:00:00,-1.1299021448630988,False
2021-10-29 18:10:00,-0.9020967560109527,False
2021-10-29 18:20:00,-0.9393631216681834,False
2021-10-29 18:30:00,-0.8780678855409468,False
2021-10-29 18:40:00,-1.046664389256474,False
2021-10-29 18:50:00,-1.0360251534987623,False
2021-10-29 19:00:00,-0.9752286796835132,False
2021-10-29 19:10:00,-1.0020358120597832,False
2021-10-29 19:20:00,-1.083727313449346,False
2021-10-29 19:30:00,-0.9547912520998924,False
2021-10-29 19:40:00,-0.8288653494344709,False
2021-10-29 19:50:00,-0.9591042566820445,False
2021-10-29 20:00:00,-0.9926430318129297,False
2021-10-29 20:10:00,-0.7817550165645897,False
2021-10-29 20:20:00,-1.0733498143388405,False
2021-10-29 20:30:00,-1.0546118717442652,False
2021-10-29 20:40:00,-1.0783774354128088,False
2021-10-29 20:50:00,-0.8821471996675622,False
2021-10-29 21:00:00,-0.9805250562543306,False
2021-10-29 21:10:00,-0.9420340610578235,False
2021-10-29 21:20:00,-0.9820574803047931,False
2021-10-29 21:30:00,-0.9803368771510195,False
2021-10-29 21:40:00,-0.8814004180132013,False
2021-10-29 21:50:00,-1.009753663332741,False
2021-10-29 22:00:00,-0.9300076218907023,False
2021-10-29 22:10:00,-0.9369002054738403,False
2021-10-29 22:20:00,-1.1702665417085336,False
2021-10-29 22:30:00,-1.0503430949912722,False
2021-10-29 22:40:00,-1.1014217123424341,False
2021-10-29 22:50:00,-0.9352773795186382,False
2021-10-29 23:00:00,-1.1127194543136953,False
2021-10-29 23:10:00,-0.894547260036968,False
2021-10-29 23:20:00,-1.0625924970402145,False
2021-10-29 23:30:00,,False
2021-10-29 23:40:00,-0.911364833619391,False
2021-10-29 23:50:00,-1.1603072976158975,False
2021-10-30 00:00:00,-1.0772752860813186,False
2021-10-30 00:10:00,-1.0596850846218082,False
2021-10-30 00:20:00,-0.9445420092482505,False
2021-10-30 00:30:00,-0.89627041025538,False
2021-10-30 00:40:00,,False
2021-10-30 00:50:00,-0.9225268563147315,False
2021-10-30 01:00:00,-0.9214123134644145,False
2021-10-30 01:10:00,-0.860846641787874,False
2021-10-30 01:20:00,-1.1060143529222175,False
2021-10-30 01:30:00,-0.9467584473211348,False
2021-10-30 01:40:00,-1.0962330537477516,False
2021-10-30 01:50:00,-0.9465209197897717,False
2021-10-30 02:00:00,-1.065298421786879,False
2021-10-30 02:10:00,-1.2918693208598082,False
2021-10-30 02:20:00,-0.9081341990296617,False
2021-10-30 02:30:00,-0.9925631502558286,False
2021-10-30 02:40:00,-1.1755566624972213,False
2021-10-30 02:50:00,-0.9648377128306592,False
2021-10-30 03:00:00,-0.7774553616119847,False
2021-10-30 03:10:00,-0.9928021654138821,False
2021-10-30 03:20:00,,False
2021-10-30 03:30:00,-1.0205379117861642,False
2021-10-30 03:40:00,-0.9799436740285707,False
2021-10-30 03:50:00,-0.8697697750206808,False
2021-10-30 04:00:00,-1.217594507279133,False
2021-10-30 04:10:00,-1.0913085271965641,False
2021-10-30 04:20:00,-0.9023420753041693,False
2021-10-30 04:30:00,-0.9176518239807071,False
2021-10-30 04:40:00,-0.9757725783940852,False
2021-10-30 04:50:00,-1.0876086475777207,False
2021-10-30 05:00:00,-0.9351439816107476,False
2021-10-30 05:10:00,,False
2021-10-30 05:20:00,-1.0254246400605769,False
2021-10-30 05:30:00,-1.1487875099375133,False
2021-10-30 05:40:00,-1.054640126512791,False
2021-10-30 05:50:00,-0.9867867366775657,False
2021-10-30 06:00:00,-1.0238846479712664,False
2021-10-30 06:10:00,-0.9449905864149029,False
2021-10-30 06:20:00,-0.7565798988659429,False
2021-10-30 06:30:00,-1.1621397260032054,False
2021-10-30 06:40:00,-0.9779719746401303,False
2021-10-30 06:50:00,,False
2021-10-30 07:00:00,-0.9548271260324052,False
2021-10-30 07:10:00,-1.059886676629943,False
2021-10-30 07:20:00,-0.9184953517455644,False
2021-10-30 07:30:00,,False
2021-10-30 07:40:00,-1.273901320576027,False
2021-10-30 07:50:00,-1.0892032238499936,False
2021-10-30 08:00:00,,False
2021-10-30 08:10:00,-1.001391635606052,False
2021-10-30 08:20:00,-1.0392791060370707,False
2021-10-30 08:30:00,-1.1921030669053274,False
2021-10-30 08:40:00,-0.7911632735284441,False
2021-10-30 08:50:00,-1.07022162869899,False
2021-10-30 09:00:00,-1.0010747479082582,False
2021-10-30 09:10:00,-0.9810507881519814,False
2021-10-30 09:20:00,-1.1088667552615226,False
2021-10-30 09:30:00,-0.9615977704403529,False
2021-10-30 09:40:00,-0.9983917014237857,False
2021-10-30 09:50:00,-0.9861259252373292,False
2021-10-30 10:00:00,-1.0273222773892388,False
2021-10-30 10:10:00,-1.017442198431315,False
2021-10-30 10:20:00,-1.0126482460190276,False
2021-10-30 10:30:00,-1.1191634709675078,False
2021-10-30 10:40:00,-1.022752616932509,False
2021-10-30 10:50:00,-1.0532974094579675,False
2021-10-30 11:00:00,,False
2021-10-30 11:10:00,-1.0968091528948967,False
2021-10-30 11:20:00,-0.8964671865757277,False
2021-10-30 11:30:00,-0.9412290469478767,False
2021-10-30 11:40:00,-1.0530484643290698,False
2021-10-30 11:50:00,-1.0013214583332175,False
2021-10-30 12:00:00,-0.9803114740814798,False
2021-10-30 12:10:00,-1.011442534447231,False
2021-10-30 12:20:00,-1.017940533628092,False
2021-10-30 12:30:00,-0.874145248137107,False
2021-10-30 12:40:00,-1.095984131875764,False
2021-10-30 12:50:00,-1.0720221804181413,False
2021-10-30 13:00:00,-0.985382048067712,False
2021-10-30 13:10:00,-1.0623682889678905,False
2021-10-30 13:20:00,-1.0469666967268512,False
2021-10-30 13:30:00,-1.0088869636421167,False
2021-10-30 13:40:00,-0.9314148177634192,False
2021-10-30 13:50:00,-1.0600559510704175,False
2021-10-30 14:00:00,-0.9472278614172195,False
2021-10-30 14:10:00,-1.2454182301986298,False
2021-10-30 14:20:00,-0.8397185935590994,False
2021-10-30 14:30:00,-1.067991943001816,False
2021-10-30 14:40:00,-0.9821762522095363,False
2021-10-30 14:50:00,-1.041992832574208,False
2021-10-30 15:00:00,-0.991727222088006,False
2021-10-30 15:10:00,-1.0412450172321783,False
2021-10-30 15:20:00,-1.0361562844710466,False
2021-10-30 15:30:00,-1.0974080994753979,False
2021-10-30 15:40:00,-0.939406199486473,False
2021-10-30 15:50:00,-0.9194167430135375,False
2021-10-30 16:00:00,-0.8662968718457777,False
2021-10-30 16:10:00,-0.861903981453943,False
2021-10-30 16:20:00,-0.8889383764818936,False
2021-10-30 16:30:00,-1.0351561539619067,False
2021-10-30 16:40:00,-1.2202305288308495,False
2021-10-30 16:50:00,-1.0245723234019555,False
2021-10-30 17:00:00,-0.9129499055129121,False
2021-10-30 17:10:00,-1.0012084492178297,False
2021-10-30 17:20:00,-0.9024471706421847,False
2021-10-30 17:30:00,-0.9952069755342207,False
2021-10-30 17:40:00,-0.9242305842115253,False
2021-10-30 17:50:00,-0.9413017972752088,False
2021-10-30 18:00:00,-0.8824157461754963,False
2021-10-30 18:10:00,-1.165605412226358,False
2021-10-30 18:20:00,-0.9155118756153316,False
2021-10-30 18:30:00,-0.8349267538740428,False
2021-10-30 18:40:00,-1.0305525211883808,False
2021-10-30 18:50:00,-1.0127183895635754,False
2021-10-30 19:00:00,-0.9244200214652201,False
2021-10-30 19:10:00,-0.9209545583618556,False
2021-10-30 19:20:00,-1.0696405502056292,False
2021-10-30 19:30:00,-0.9523240019446483,False
2021-10-30 19:40:00,-1.1098503173185819,False
2021-10-30 19:50:00,-0.922125298547086,False
2021-10-30 20:00:00,-1.007590636117655,False
2021-10-30 20:10:00,-1.061900882324114,False
2021-10-30 20:20:00,-0.9580655572162788,False
2021-10-30 20:30:00,-0.9541708471849183,False
2021-10-30 20:40:00,-0.9576135747675645,False
2021-10-30 20:50:00,-1.0727035017294098,False
2021-10-30 21:00:00,,False
2021-10-30 21:10:00,-0.9734507811742811,False
2021-10-30 21:20:00,-1.0659170723699212,False
2021-10-30 21:30:00,-0.9916782488670952,False
2021-10-30 21:40:00,-0.9450051597763948,False
2021-10-30 21:50:00,-1.0868045412440424,False
2021-10-30 22:00:00,-0.8582483969551623,False
2021-10-30 22:10:00,-0.993832505468139,False
2021-10-30 22:20:00,-0.848816001400866,False
2021-10-30 22:30:00,-0.9071100570190331,False
2021-10-30 22:40:00,-1.0279250446359538,False
2021-10-30 22:50:00,-0.8647321432491151,False
2021-10-30 23:00:00,-1.0425839298049155,False
2021-10-30 23:10:00,-0.9232547828042353,False
2021-10-30 23:20:00,-0.9632276853877625,False
2021-10-30 23:30:00,-0.9705944485550057,False
2021-10-30 23:40:00,-0.9003668121560726,False
2021-10-30 23:50:00,-1.0589160032551705,False
2021-10-31 00:00:00,-0.9927290329419354,False
2021-10-31 00:10:00,-0.9851011412479,False
2021-10-31 00:20:00,-1.0719016067497769,False
2021-10-31 00:30:00,-0.9981694130253022,False
2021-10-31 00:40:00,-0.8880041793524789,False
2021-10-31 00:50:00,-1.0291329793511406,False
2021-10-31 01:00:00,-0.9294995576049918,False
2021-10-31 01:10:00,-1.2069917588071513,False
2021-10-31 01:20:00,-0.9735511018921323,False
2021-10-31 01:30:00,-1.2355923168773009,False
2021-10-31 01:40:00,-0.8950813119613074,False
2021-10-31 01:50:00,-1.0599938786322738,False
2021-10-31 02:00:00,-0.8766487995940966,False
2021-10-31 02:10:00,-1.0337181350030982,False
2021-10-31 02:20:00,-1.145201060260205,False
2021-10-31 02:30:00,,False
2021-10-31 02:40:00,-0.9884702257896755,False
2021-10-31 02:50:00,-1.0959555715097795,False
2021-10-31 03:00:00,-1.1393267475674256,False
2021-10-31 03:10:00,-1.031778576105858,False
2021-10-31 03:20:00,-0.9791424685169031,False
2021-10-31 03:30:00,-1.144674984336015,False
2021-10-31 03:40:00,-0.9988003525075516,False
2021-10-31 03:50:00,-1.0521057553369435,False
2021-10-31 04:00:00,-1.0138227958965533,False
2021-10-31 04:10:00,-1.0639553872339818,False
2021-10-31 04:20:00,-1.210214683636955,False
2021-10-31 04:30:00,-0.9340811482638294,False
2021-10-31 04:40:00,,False
2021-10-31 04:50:00,-0.9977962084291677,False
2021-10-31 05:00:00,-1.169888024089894,False
2021-10-31 05:10:00,-1.055791144258097,False
2021-10-31 05:20:00,-1.0976833612019958,False
2021-10-31 05:30:00,-0.8098308384972508,False
2021-10-31 05:40:00,-0.9634516340543201,False
2021-10-31 05:50:00,-1.1885840579997875,False
2021-10-31 06:00:00,-0.9450859957144848,False
2021-10-31 06:10:00,-0.939891816306872,False
2021-10-31 06:20:00,,False
2021-10-31 06:30:00,-1.0693432697653371,False
2021-10-31 06:40:00,-1.130313380971947,False
2021-10-31 06:50:00,-1.1488558882090072,False
2021-10-31 07:00:00,-0.9861951348217166,False
2021-10-31 07:10:00,-0.9684938543735446,False
2021-10-31 07:20:00,-1.1711530286514498,False
2021-10-31 07:30:00,-1.0883013606033938,False
2021-10-31 07:40:00,-0.9235928338365548,False
2021-10-31 07:50:00,-0.8863307508999014,False
2021-10-31 08:00:00,-1.0361215507627028,False
2021-10-31 08:10:00,-0.9938874384387059,False
2021-10-31 08:20:00,-0.9578513134764292,False
2021-10-31 08:30:00,-0.9993525896223943,False
2021-10-31 08:40:00,-0.8137203046282112,False
2021-10-31 08:50:00,-0.9306721387670956,False
2021-10-31 09:00:00,-0.930200491986504,False
2021-10-31 09:10:00,-0.9976811404890104,False
2021-10-31 09:20:00,-0.8495441633529096,False
2021-10-31 09:30:00,-1.0048512608430562,False
2021-10-31 09:40:00,-1.1933978858489651,False
2021-10-31 09:50:00,-0.9081592134237099,False
2021-10-31 10:00:00,-0.7873797230022962,False
2021-10-31 10:10:00,-1.0673907639704963,False
2021-10-31 10:20:00,-0.8354483334798531,False
2021-10-31 10:30:00,-0.9301733608906962,False
2021-10-31 10:40:00,-1.1923808221692365,False
2021-10-31 10:50:00,-1.0088280929943318,False
2021-10-31 11:00:00,-1.1841105979258306,False
2021-10-31 11:10:00,-0.8750101468568643,False
2021-10-31 11:20:00,-1.0675840679517443,False
2021-10-31 11:30:00,-0.9629687313695819,False
2021-10-31 11:40:00,-0.965730581856639,False
2021-10-31 11:50:00,-0.9857783698324717,False
2021-10-31 12:00:00,-0.8279879234253132,False
2021-10-31 12:10:00,-1.0325578477382773,False
2021-10-31 12:20:00,-1.0220928528076703,False
2021-10-31 12:30:00,-1.181964790883774,False
2021-10-31 12:40:00,-1.003138625117374,False
2021-10-31 12:50:00,-0.9593968390838145,False
2021-10-31 13:00:00,-0.9856607894923197,False
2021-10-31 13:10:00,-0.9028109146737766,False
2021-10-31 13:20:00,-1.1176392134746411,False
2021-10-31 13:30:00,-1.005197080692685,False
2021-10-31 13:40:00,-1.0266002734224167,False
2021-10-31 13:50:00,-1.106891818217796,False
2021-10-31 14:00:00,-0.955896436554587,False
2021-10-31 14:10:00,-1.0189234407647214,False
2021-10-31 14:20:00,-1.0891936313937736,False
2021-10-31 14:30:00,-1.1728934753028737,False
2021-10-31 14:40:00,-0.9074565235136353,False
2021-10-31 14:50:00,-0.8860782014510777,False
2021-10-31 15:00:00,-1.1650266369966662,False
2021-10-31 15:10:00,-0.8649522994099176,False
2021-10-31 15:20:00,-1.1832304473244293,False
2021-10-31 15:30:00,-1.0879280940908211,False
2021-10-31 15:40:00,-0.9192665989649018,False
2021-10-31 15:50:00,-1.0245541467145907,False
2021-10-31 16:00:00,-1.0489744674362973,False
2021-10-31 16:10:00,-0.9429456660999236,False
2021-10-31 16:20:00,-1.0323979967357173,False
2021-10-31 16:30:00,,False
2021-10-31 16:40:00,-0.9936116100963522,False
2021-10-31 16:50:00,-0.870655276503042,False
2021-10-31 17:00:00,-1.0129020551610228,False
2021-10-31 17:10:00,-1.0560818111184167,False
2021-10-31 17:20:00,-1.0212240314090615,False
2021-10-31 17:30:00,-0.8926261635284743,False
2021-10-31 17:40:00,-0.8416296210703462,False
2021-10-31 17:50:00,-1.104402737733879,False
2021-10-31 18:00:00,-0.7881196060026203,False
2021-10-31 18:10:00,,False
2021-10-31 18:20:00,-0.9911832193177799,False
2021-10-31 18:30:00,-0.9061099061858513,False
2021-10-31 18:40:00,-1.087501912041243,False
2021-10-31 18:50:00,-1.0565546951583158,False
2021-10-31 19:00:00,,False
2021-10-31 19:10:00,-0.9639157484109757,False
2021-10-31 19:20:00,-1.0605649239168875,False
2021-10-31 19:30:00,-0.8977739581777442,False
2021-10-31 19:40:00,-0.9457847955978058,False
2021-10-31 19:50:00,-1.001001849335928,False
2021-10-31 20:00:00,-0.9850578253916963,False
2021-10-31 20:10:00,,False
2021-10-31 20:20:00,-1.0729743991398475,False
2021-10-31 20:30:00,-1.063158934913099,False
2021-10-31 20:40:00,-1.1047392175565793,False
2021-10-31 20:50:00,-1.0082523100486007,False
2021-10-31 21:00:00,-0.9191161862903707,False
2021-10-31 21:10:00,-1.1109478938220079,False
2021-10-31 21:20:00,-0.8748203583686796,False
2021-10-31 21:30:00,-1.0136893716956943,False
2021-10-31 21:40:00,-0.9938419390628629,False
2021-10-31 21:50:00,-0.9425155425511879,False
2021-10-31 22:00:00,-0.8970215160360533,False
2021-10-31 22:10:00,-1.0392267929198857,False
2021-10-31 22:20:00,-1.1426372837333298,False
2021-10-31 22:30:00,-1.1254688990264254,False
2021-10-31 22:40:00,-0.9787025699227742,False
2021-10-31 22:50:00,-0.928065985181944,False
2021-10-31 23:00:00,-0.7548798301238412,False
2021-10-31 23:10:00,-0.9776714384858185,False
2021-10-31 23:20:00,-1.3266188915161576,False
2021-10-31 23:30:00,-1.0773641873998911,False
2021-10-31 23:40:00,-1.007228764080052,False
2021-10-31 23:50:00,-1.103338339692894,False
2021-11-01 00:00:00,-0.9595766959702414,False
2021-11-01 00:10:00,-0.8809511812193,False
2021-11-01 00:20:00,-1.053937684095471,False
2021-11-01 00:30:00,-1.1976567667540854,False
2021-11-01 00:40:00,-1.0070073091870693,False
2021-11-01 00:50:00,,False
2021-11-01 01:00:00,-1.0747840771555293,False
2021-11-01 01:10:00,-1.0385006629770825,False
2021-11-01 01:20:00,-0.9094121482164237,False
2021-11-01 01:30:00,-0.9579388160308334,False
2021-11-01 01:40:00,-1.1631326014131034,False
2021-11-01 01:50:00,-0.9270151221172523,False
2021-11-01 02:00:00,-0.9594798184219299,False
2021-11-01 02:10:00,-0.9661681571185562,False
2021-11-01 02:20:00,-0.9049358812624206,False
2021-11-01 02:30:00,-1.0726242099974548,False
2021-11-01 02:40:00,,False
2021-11-01 02:50:00,-1.0514392818988425,False
2021-11-01 03:00:00,-1.1037776227860365,False
2021-11-01 03:10:00,-1.0162029490656068,False
2021-11-01 03:20:00,-1.0258602417314138,False
2021-11-01 03:30:00,-1.0645853143297375,False
2021-11-01 03:40:00,-1.092009909830392,False
2021-11-01 03:50:00,-0.8883008101917507,False
2021-11-01 04:00:00,-0.8948142796837693,False
2021-11-01 04:10:00,,False
2021-11-01 04:20:00,-1.2190580470406605,False
2021-11-01 04:30:00,-0.9907835270405012,False
2021-11-01 04:40:00,-0.8790440559897039,False
2021-11-01 04:50:00,-0.9796764474938011,False
2021-11-01 05:00:00,-0.9398566363291919,False
2021-11-01 05:10:00,-1.0305445263109598,False
2021-11-01 05:20:00,-0.8078909162267177,False
2021-11-01 05:30:00,-1.133267506398539,False
2021-11-01 05:40:00,-1.1904328546794547,False
2021-11-01 05:50:00,-0.8953907959922165,False
2021-11-01 06:00:00,-1.0408195923492625,False
2021-11-01 06:10:00,-1.1154720918995333,False
2021-11-01 06:20:00,-0.978185336704397,False
2021-11-01 06:30:00,-1.1467327308950481,False
2021-11-01 06:40:00,-0.8786460140144725,False
2021-11-01 06:50:00,-0.9525071280481725,False
2021-11-01 07:00:00,-0.8998512714806556,False
2021-11-01 07:10:00,-1.0576683075178899,False
2021-11-01 07:20:00,-0.8644902496947255,False
2021-11-01 07:30:00,-1.0574400137887523,False
2021-11-01 07:40:00,-0.9902994005381974,False
2021-11-01 07:50:00,-1.0455311502016678,False
2021-11-01 08:00:00,-1.0012770281496286,False
2021-11-01 08:10:00,-1.0790936691805326,False
2021-11-01 08:20:00,-0.9477669232417087,False
2021-11-01 08:30:00,-0.9025951914068137,False
2021-11-01 08:40:00,-0.9541046649525446,False
2021-11-01 08:50:00,-0.9869750862842145,False
2021-11-01 09:00:00,-0.9578718797194925,False
2021-11-01 09:10:00,-1.0462847367831816,False
2021-11-01 09:20:00,-1.1198722344728678,False
2021-11-01 09:30:00,-1.2512554654624537,False
2021-11-01 09:40:00,-0.9708342466837184,False
2021-11-01 09:50:00,-1.0291591539684177,False
2021-11-01 10:00:00,-1.013561710049395,False
2021-11-01 10:10:00,-0.9640949086089051,False
2021-11-01 10:20:00,-1.1433747303466992,False
2021-11-01 10:30:00,-0.8188600597062936,False
2021-11-01 10:40:00,-1.1026339286916442,False
2021-11-01 10:50:00,-1.0034272701649651,False
2021-11-01 11:00:00,-0.9029545815590448,False
2021-11-01 11:10:00,-1.0697712477603618,False
2021-11-01 11:20:00,-0.9879052439704394,False
2021-11-01 11:30:00,-0.9919737384688865,False
2021-11-01 11:40:00,-0.93274353966336,False
2021-11-01 11:50:00,-0.9277605551780944,False
2021-11-01 12:00:00,,False
2021-11-01 12:10:00,-1.0328607765401183,False
2021-11-01 12:20:00,-0.9857084944170349,False
2021-11-01 12:30:00,-0.8268371236705859,False
2021-11-01 12:40:00,-0.7779055529390275,False
2021-11-01 12:50:00,-0.7533360091736704,False
2021-11-01 13:00:00,-0.8961566144321447,False
2021-11-01 13:10:00,-1.0551108098283608,False
2021-11-01 13:20:00,-0.9147269564745639,False
2021-11-01 13:30:00,,False
2021-11-01 13:40:00,-1.022275487135548,False
2021-11-01 13:50:00,-1.0342435108547159,False
2021-11-01 14:00:00,-1.1249490389345673,False
2021-11-01 14:10:00,-1.0102212923301295,False
2021-11-01 14:20:00,-1.0859261345305053,False
2021-11-01 14:30:00,-0.8957607202052618,False
2021-11-01 14:40:00,-0.9297368872449753,False
2021-11-01 14:50:00,-1.0052856471941702,False
2021-11-01 15:00:00,-0.9745615874187745,False
2021-11-01 15:10:00,-1.025192258695824,False
2021-11-01 15:20:00,-1.064109943970694,False
2021-11-01 15:30:00,-1.0187462138364336,False
2021-11-01 15:40:00,-0.9625694100685678,False
2021-11-01 15:50:00,-1.2111576415343395,False
2021-11-01 16:00:00,-0.9791129640315206,False
2021-11-01 16:10:00,-1.0134838843358407,False
2021-11-01 16:20:00,-0.9901874496099722,False
2021-11-01 16:30:00,-1.0768661787159133,False
2021-11-01 16:40:00,-1.0767201519635772,False
2021-11-01 16:50:00,-0.7737420207566309,False
2021-11-01 17:00:00,-1.10071741557616,False
2021-11-01 17:10:00,-1.002477136781602,False
2021-11-01 17:20:00,-0.911373394549715,False
2021-11-01 17:30:00,-0.9715631970255467,False
2021-11-01 17:40:00,-0.9370297737505111,False
2021-11-01 17:50:00,-0.9910513953339187,False
2021-11-01 18:00:00,-0.9296656530402121,False
2021-11-01 18:10:00,-1.0197080330763753,False
2021-11-01 18:20:00,-0.9093106626643539,False
2021-11-01 18:30:00,-1.196282520518727,False
2021-11-01 18:40:00,-0.9252875042162912,False
2021-11-01 18:50:00,-0.9058626904364655,False
2021-11-01 19:00:00,-0.9032554754777165,False
2021-11-01 19:10:00,-1.061132843486353,False
2021-11-01 19:20:00,-1.05922848948059,False
2021-11-01 19:30:00,-0.9648021597839862,False
2021-11-01 19:40:00,-1.0070224856237977,False
2021-11-01 19:50:00,-0.7749557502489609,False
2021-11-01 20:00:00,-1.016703876344996,False
2021-11-01 20:10:00,-0.8360721333923713,False
2021-11-01 20:20:00,-0.9888702728220682,False
2021-11-01 20:30:00,-0.979275180359065,False
2021-11-01 20:40:00,-0.9106305785084936,False
2021-11-01 20:50:00,,False
2021-11-01 21:00:00,-0.939897852124466,False
2021-11-01 21:10:00,-1.0565209196470273,False
2021-11-01 21:20:00,-1.013938493983293,False
2021-11-01 21:30:00,-1.0440991949885068,False
2021-11-01 21:40:00,-0.9416621891424956,False
2021-11-01 21:50:00,-1.0577138385845652,False
2021-11-01 22:00:00,-1.0382811011168962,False
2021-11-01 22:10:00,-0.905137761341699,False
2021-11-01 22:20:00,-1.1358569686907067,False
2021-11-01 22:30:00,-1.0372630841886858,False
2021-11-01 22:40:00,-1.2210511200990368,False
2021-11-01 22:50:00,-1.0289000720265928,False
2021-11-01 23:00:00,-1.0659679415705978,False
2021-11-01 23:10:00,-0.9052231478807249,False
2021-11-01 23:20:00,-0.98053956165904,False
2021-11-01 23:30:00,-0.8973333559286545,False
2021-11-01 23:40:00,-1.0334351974324776,False
2021-11-01 23:50:00,-1.04359837037546,False
2021-11-02 00:00:00,-0.9185913745919746,False
2021-11-02 00:10:00,-0.9671195160308194,False
2021-11-02 00:20:00,-0.9723328101377896,False
2021-11-02 00:30:00,-0.9679329292073543,False
2021-11-02 00:40:00,-0.9397513591189078,False
2021-11-02 00:50:00,,False
2021-11-02 01:00:00,,False
2021-11-02 01:10:00,-0.9069991353691867,False
2021-11-02 01:20:00,-0.9013390065934337,False
2021-11-02 01:30:00,-1.0126342271947018,False
2021-11-02 01:40:00,-0.8090041763750727,False
2021-11-02 01:50:00,-1.0077295978778817,False
2021-11-02 02:00:00,-1.146993875299435,False
2021-11-02 02:10:00,-1.0147534769401247,False
2021-11-02 02:20:00,-0.9856497601448921,False
2021-11-02 02:30:00,-1.0590411251471805,False
2021-11-02 02:40:00,,False
2021-11-02 02:50:00,-1.0124894702998724,False
2021-11-02 03:00:00,-1.098540786925617,False
2021-11-02 03:10:00,-1.0564088546828878,False
2021-11-02 03:20:00,-1.0065377552321946,False
2021-11-02 03:30:00,-1.0146553344405977,False
2021-11-02 03:40:00,-1.0674063277065178,False
2021-11-02 03:50:00,-0.8684104536421219,False
2021-11-02 04:00:00,-1.0413960387701862,False
2021-11-02 04:10:00,-1.0519170333571746,False
2021-11-02 04:20:00,-0.8971025828281051,False
2021-11-02 04:30:00,-1.0136131318734232,False
2021-11-02 04:40:00,-1.2237930317032042,False
2021-11-02 04:50:00,-1.053259126492557,False
2021-11-02 05:00:00,-1.0549269239154522,False
2021-11-02 05:10:00,-1.145327619623365,False
2021-11-02 05:20:00,-1.0567078094294702,False
2021-11-02 05:30:00,-1.1144498284008568,False
2021-11-02 05:40:00,,False
2021-11-02 05:50:00,-1.0915346533549406,False
2021-11-02 06:00:00,-0.9504235204268349,False
2021-11-02 06:10:00,,False
2021-11-02 06:20:00,-0.9214967406245358,False
2021-11-02 06:30:00,,False
2021-11-02 06:40:00,-0.9321094903105075,False
2021-11-02 06:50:00,-0.8673086374566985,False
2021-11-02 07:00:00,-0.9065209333960417,False
2021-11-02 07:10:00,-1.0875787018550132,False
2021-11-02 07:20:00,-1.1543789248157057,False
2021-11-02 07:30:00,-1.014600524669525,False
2021-11-02 07:40:00,-0.9331221413083346,False
2021-11-02 07:50:00,-1.114902450118785,False
2021-11-02 08:00:00,-0.9484253025549265,False
2021-11-02 08:10:00,-1.091331205861084,False
2021-11-02 08:20:00,-1.0385793315961853,False
2021-11-02 08:30:00,-0.9218779130240401,False
2021-11-02 08:40:00,-0.8430198168641788,False
2021-11-02 08:50:00,-1.066228870326768,False
2021-11-02 09:00:00,-0.9922456887683437,False
2021-11-02 09:10:00,-1.0719553379029785,False
2021-11-02 09:20:00,-1.2993274582238405,False
2021-11-02 09:30:00,-0.888612249948329,False
2021-11-02 09:40:00,-0.7678327739353493,False
2021-11-02 09:50:00,-0.9993451247033478,False
2021-11-02 10:00:00,-0.9900355809341829,False
2021-11-02 10:10:00,-0.9850442322914268,False
2021-11-02 10:20:00,-0.9394872348940068,False
2021-11-02 10:30:00,-1.0034779544976395,False
2021-11-02 10:40:00,-0.903111111548819,False
2021-11-02 10:50:00,-0.8851205028240597,False
2021-11-02 11:00:00,-1.1128720434198964,False
2021-11-02 11:10:00,-1.0995781107437779,False
2021-11-02 11:20:00,-1.034964445818472,False
2021-11-02 11:30:00,-0.8908696591343183,False
2021-11-02 11:40:00,-0.8743962226481525,False
2021-11-02 11:50:00,-1.1285197812137837,False
2021-11-02 12:00:00,-1.0385975645223737,False
2021-11-02 12:10:00,-0.8658425155960656,False
2021-11-02 12:20:00,-0.9931328493660605,False
2021-11-02 12:30:00,-1.0193642243542402,False
2021-11-02 12:40:00,,False
2021-11-02 12:50:00,-0.7618600877877473,False
2021-11-02 13:00:00,-0.8979839863139261,False
2021-11-02 13:10:00,-1.1221073089106328,False
2021-11-02 13:20:00,-1.074784686051204,False
2021-11-02 13:30:00,,False
2021-11-02 13:40:00,-1.1368162217361981,False
2021-11-02 13:50:00,,False
2021-11-02 14:00:00,-1.1212060177782661,False
2021-11-02 14:10:00,-0.9330900976752591,False
2021-11-02 14:20:00,-1.0201699846599392,False
2021-11-02 14:30:00,-0.8157049475013151,False
2021-11-02 14:40:00,,False
2021-11-02 14:50:00,-1.0556207022552841,False
2021-11-02 15:00:00,-1.1038439877893815,False
2021-11-02 15:10:00,-0.8906296763983892,False
2021-11-02 15:20:00,-0.9891538531696982,False
2021-11-02 15:30:00,-0.9262952473326886,False
2021-11-02 15:40:00,,False
2021-11-02 15:50:00,-0.8972546719348624,False
2021-11-02 16:00:00,-0.946875640020061,False
2021-11-02 16:10:00,-0.9338377119010044,False
2021-11-02 16:20:00,-1.1700181512822154,False
2021-11-02 16:30:00,-1.2533610026822504,False
2021-11-02 16:40:00,-1.0251262690363525,False
2021-11-02 16:50:00,-0.8991815457362673,False
2021-11-02 17:00:00,-0.9539079815907343,False
2021-11-02 17:10:00,-1.0127976373109862,False
2021-11-02 17:20:00,-1.0455849353114204,False
2021-11-02 17:30:00,-0.9886836836682205,False
2021-11-02 17:40:00,-0.906727751359445,False
2021-11-02 17:50:00,-1.0495837231800837,False
2021-11-02 18:00:00,,False
2021-11-02 18:10:00,-1.084117944707036,False
2021-11-02 18:20:00,-0.8394541425829046,False
2021-11-02 18:30:00,-0.9397668396249633,False
2021-11-02 18:40:00,-1.0841522924203275,False
2021-11-02 18:50:00,-1.2021296007348827,False
2021-11-02 19:00:00,-0.9176028459303778,False
2021-11-02 19:10:00,-0.8793123173290398,False
2021-11-02 19:20:00,,False
2021-11-02 19:30:00,-0.9945096674382471,False
2021-11-02 19:40:00,-1.0384934098098724,False
2021-11-02 19:50:00,-0.7989093242083442,False
2021-11-02 20:00:00,-1.1078088415854541,False
2021-11-02 20:10:00,-0.9616103264764819,False
2021-11-02 20:20:00,-1.0267121806799535,False
2021-11-02 20:30:00,-1.0403652886738528,False
2021-11-02 20:40:00,-1.0905136627570517,False
2021-11-02 20:50:00,-0.8789663894537989,False
2021-11-02 21:00:00,-0.8903004887044919,False
2021-11-02 21:10:00,-0.797989762296823,False
2021-11-02 21:20:00,-1.0527152239454434,False
2021-11-02 21:30:00,-0.9277785414925149,False
2021-11-02 21:40:00,-0.9476057533179494,False
2021-11-02 21:50:00,-0.943328061331234,False
2021-11-02 22:00:00,-0.9645189871473637,False
2021-11-02 22:10:00,-1.0400619142805008,False
2021-11-02 22:20:00,-0.9978251110260742,False
2021-11-02 22:30:00,-0.9624969429107213,False
2021-11-02 22:40:00,-0.9869062061087728,False
2021-11-02 22:50:00,-0.853682317930062,False
2021-11-02 23:00:00,-1.0802934790618635,False
2021-11-02 23:10:00,-0.8563101361853876,False
2021-11-02 23:20:00,-1.0982949625283218,False
2021-11-02 23:30:00,-1.067383307817098,False
2021-11-02 23:40:00,-0.8571187184622292,False
2021-11-02 23:50:00,-0.8360231470004381,False
2021-11-03 00:00:00,-1.016149925185986,False
2021-11-03 00:10:00,-1.0316094665606637,False
2021-11-03 00:20:00,-1.0518852504349767,False
2021-11-03 00:30:00,-0.9837355303136518,False
2021-11-03 00:40:00,-1.1194394811260227,False
2021-11-03 00:50:00,-1.0057723447910376,False
2021-11-03 01:00:00,-0.9802928423571963,False
2021-11-03 01:10:00,-1.177444756483092,False
2021-11-03 01:20:00,-0.9999554722309635,False
2021-11-03 01:30:00,-1.0731354180899046,False
2021-11-03 01:40:00,,False
2021-11-03 01:50:00,,False
2021-11-03 02:00:00,-0.9667378186348521,False
2021-11-03 02:10:00,-1.1093566603591576,False
2021-11-03 02:20:00,-1.0865998580096352,False
2021-11-03 02:30:00,-0.9676670281400118,False
2021-11-03 02:40:00,-0.98421690373633,False
2021-11-03 02:50:00,-0.9080701064349596,False
2021-11-03 03:00:00,,False
2021-11-03 03:10:00,-1.055514044208891,False
2021-11-03 03:20:00,-0.9466278125629605,False
2021-11-03 03:30:00,-0.8990506058176281,False
2021-11-03 03:40:00,-1.1464359496644911,False
2021-11-03 03:50:00,-0.9191176438127131,False
2021-11-03 04:00:00,-0.9488746970866728,False
2021-11-03 04:10:00,-1.1155553908469509,False
2021-11-03 04:20:00,-0.7882805005062203,False
2021-11-03 04:30:00,-0.812869448023349,False
2021-11-03 04:40:00,-0.9429071540025799,False
2021-11-03 04:50:00,-0.9747955542494061,False
2021-11-03 05:00:00,-1.0209375941975172,False
2021-11-03 05:10:00,-1.0589716518300012,False
2021-11-03 05:20:00,-0.9933175666642654,False
2021-11-03 05:30:00,-0.8487279514438286,False
2021-11-03 05:40:00,-0.8263320682803457,False
2021-11-03 05:50:00,-0.9984813331406717,False
2021-11-03 06:00:00,-0.9863129454592414,False
2021-11-03 06:10:00,-0.9766427070114653,False
2021-11-03 06:20:00,-1.0630854143590958,False
2021-11-03 06:30:00,-1.0168260509952285,False
2021-11-03 06:40:00,-0.9716192742910559,False
2021-11-03 06:50:00,-0.844755659617378,False
2021-11-03 07:00:00,-0.7767929621344004,False
2021-11-03 07:10:00,-1.1576742201928867,False
2021-11-03 07:20:00,-0.797845728955508,False
2021-11-03 07:30:00,,False
2021-11-03 07:40:00,-0.9787458745028856,False
2021-11-03 07:50:00,-0.879997870869073,False
2021-11-03 08:00:00,-1.1682275097997254,False
2021-11-03 08:10:00,-1.0862186876674895,False
2021-11-03 08:20:00,-0.9528972766266468,False
2021-11-03 08:30:00,-1.0185766408165797,False
2021-11-03 08:40:00,-1.0456467673690613,False
2021-11-03 08:50:00,-0.9839053330418727,False
2021-11-03 09:00:00,-0.9242874503940257,False
2021-11-03 09:10:00,-0.9345796007284658,False
2021-11-03 09:20:00,-1.0362600695921016,False
2021-11-03 09:30:00,-0.9250394339184713,False
2021-11-03 09:40:00,-1.0584190354468173,False
2021-11-03 09:50:00,-1.1028289056003142,False
2021-11-03 10:00:00,,False
2021-11-03 10:10:00,-0.9979670287540032,False
2021-11-03 10:20:00,-1.0865822560295282,False
2021-11-03 10:30:00,-0.9997509086163249,False
2021-11-03 10:40:00,-1.1590110068506851,False
2021-11-03 10:50:00,-0.7613481918105245,False
2021-11-03 11:00:00,-1.1470972270927846,False
2021-11-03 11:10:00,-0.8728360489298745,False
2021-11-03 11:20:00,-1.0212574945983082,False
2021-11-03 11:30:00,,False
2021-11-03 11:40:00,-0.970019253356713,False
2021-11-03 11:50:00,-1.0055290823786773,False
2021-11-03 12:00:00,-0.8404985441580624,False
2021-11-03 12:10:00,-1.1519725078607548,False
2021-11-03 12:20:00,-1.1064297908517886,False
2021-11-03 12:30:00,-0.9849110288836801,False
2021-11-03 12:40:00,-0.9803643862748961,False
2021-11-03 12:50:00,-1.0777663773063,False
2021-11-03 13:00:00,-0.9296211578302633,False
2021-11-03 13:10:00,-0.9333651986398874,False
2021-11-03 13:20:00,-1.008805920922811,False
2021-11-03 13:30:00,-0.9950515288885619,False
2021-11-03 13:40:00,-0.8222644066519662,False
2021-11-03 13:50:00,,False
2021-11-03 14:00:00,-0.9061893692437106,False
2021-11-03 14:10:00,-0.8891950745350993,False
2021-11-03 14:20:00,-1.0707476830160498,False
2021-11-03 14:30:00,-1.052724990677327,False
2021-11-03 14:40:00,-1.0235926897906826,False
2021-11-03 14:50:00,-1.123810784200446,False
2021-11-03 15:00:00,-0.9982710753145545,False
2021-11-03 15:10:00,-0.7986701235931994,False
2021-11-03 15:20:00,-1.0538075617721314,False
2021-11-03 15:30:00,-0.9960022061263333,False
2021-11-03 15:40:00,-0.9661749605655016,False
2021-11-03 15:50:00,-0.8589884090479328,False
2021-11-03 16:00:00,,False
2021-11-03 16:10:00,-1.055776534309474,False
2021-11-03 16:20:00,-0.9860302173740991,False
2021-11-03 16:30:00,-1.1043678154908385,False
2021-11-03 16:40:00,-1.0439135671205424,False
2021-11-03 16:50:00,-1.184079065698575,False
2021-11-03 17:00:00,-1.001150258669164,False
2021-11-03 17:10:00,-0.9818489943170791,False
2021-11-03 17:20:00,-1.1767099891146167,False
2021-11-03 17:30:00,-0.7565552054888092,False
2021-11-03 17:40:00,-0.919522139860286,False
2021-11-03 17:50:00,-1.1180140869911177,False
2021-11-03 18:00:00,-0.9782481477660693,False
2021-11-03 18:10:00,-0.9409687116921157,False
2021-11-03 18:20:00,-1.0678661790488893,False
2021-11-03 18:30:00,-0.9640099842516767,False
2021-11-03 18:40:00,-0.8340419686653384,False
2021-11-03 18:50:00,-1.1385768998654355,False
2021-11-03 19:00:00,-0.9454882394377188,False
2021-11-03 19:10:00,-0.9066559197974192,False
2021-11-03 19:20:00,-0.8716945534405746,False
2021-11-03 19:30:00,-0.887754244085595,False
2021-11-03 19:40:00,-0.9436095798723685,False
2021-11-03 19:50:00,-0.9039399812907972,False
2021-11-03 20:00:00,-0.9585529780832289,False
2021-11-03 20:10:00,-1.0055547922539152,False
2021-11-03 20:20:00,-0.8698292156028574,False
2021-11-03 20:30:00,-1.0752869224869326,False
2021-11-03 20:40:00,-1.1411526499989053,False
2021-11-03 20:50:00,-1.0910129896901006,False
2021-11-03 21:00:00,-1.1125639070232394,False
2021-11-03 21:10:00,-0.951765690837565,False
2021-11-03 21:20:00,-0.9136666763693426,False
2021-11-03 21:30:00,-0.9355989332033054,False
2021-11-03 21:40:00,-1.0497704468230291,False
2021-11-03 21:50:00,,False
2021-11-03 22:00:00,-1.0030153898545142,False
2021-11-03 22:10:00,-0.9607781022706987,False
2021-11-03 22:20:00,-1.1463615708021058,False
2021-11-03 22:30:00,-0.9363157433164258,False
2021-11-03 22:40:00,-0.9065692239112298,False
2021-11-03 22:50:00,-0.9763133958640462,False
2021-11-03 23:00:00,-1.0099877654741658,False
2021-11-03 23:10:00,-1.098055711342882,False
2021-11-03 23:20:00,-1.1240609600671632,False
2021-11-03 23:30:00,-0.9592614067730993,False
2021-11-03 23:40:00,-0.9981323576751312,False
2021-11-03 23:50:00,-1.155095983466255,False
2021-11-04 00:00:00,-1.037802559631444,False
2021-11-04 00:10:00,-1.0535277937146565,False
2021-11-04 00:20:00,-1.0711630118013606,False
2021-11-04 00:30:00,-0.9836950472008694,False
2021-11-04 00:40:00,-0.8435640263265506,False
2021-11-04 00:50:00,-0.8993137327862766,False
2021-11-04 01:00:00,-0.6841701921555079,False
2021-11-04 01:10:00,-0.9155798780301386,False
2021-11-04 01:20:00,-1.0504792459524723,False
2021-11-04 01:30:00,-1.042625413674833,False
2021-11-04 01:40:00,-0.9780372409272668,False
2021-11-04 01:50:00,-1.0030119245446167,False
2021-11-04 02:00:00,-0.8793816112698,False
2021-11-04 02:10:00,-1.014073943780036,False
2021-11-04 02:20:00,-0.7988535887778047,False
2021-11-04 02:30:00,-0.9287067066079585,False
2021-11-04 02:40:00,-1.0406880487571433,False
2021-11-04 02:50:00,-0.8776260647595351,False
2021-11-04 03:00:00,-0.9932384670455792,False
2021-11-04 03:10:00,-0.88648658196835,False
2021-11-04 03:20:00,-1.15797013334587,False
2021-11-04 03:30:00,-1.1048073310379973,False
2021-11-04 03:40:00,-0.9782239997371632,False
2021-11-04 03:50:00,-0.9997851513968604,False
2021-11-04 04:00:00,-1.126611287608689,False
2021-11-04 04:10:00,,False
2021-11-04 04:20:00,-0.9265196369799389,False
2021-11-04 04:30:00,-0.8207449200142151,False
2021-11-04 04:40:00,-0.9918838208138585,False
2021-11-04 04:50:00,-0.9736542375571674,False
2021-11-04 05:00:00,-1.0790980930523173,False
2021-11-04 05:10:00,-0.975155397705641,False
2021-11-04 05:20:00,-1.123130551305847,False
2021-11-04 05:30:00,-0.9221203283582757,False
2021-11-04 05:40:00,-0.9863067017263932,False
2021-11-04 05:50:00,-1.0197510505948246,False
2021-11-04 06:00:00,-1.0886663539770454,False
2021-11-04 06:10:00,-1.0764105975568976,False
2021-11-04 06:20:00,-1.063301054947493,False
2021-11-04 06:30:00,-0.9764159640101662,False
2021-11-04 06:40:00,-0.9357940571993106,False
2021-11-04 06:50:00,-1.1433890293873077,False
2021-11-04 07:00:00,-0.9718189997462612,False
2021-11-04 07:10:00,-1.0590327383219664,False
2021-11-04 07:20:00,-1.0301714847693688,False
2021-11-04 07:30:00,-1.1050063385040718,False
2021-11-04 07:40:00,-1.0384140169640268,False
2021-11-04 07:50:00,-0.7729782937624717,False
2021-11-04 08:00:00,-1.039841128943456,False
2021-11-04 08:10:00,-0.8316058255229632,False
2021-11-04 08:20:00,-0.8271389156049838,False
2021-11-04 08:30:00,-1.1019669406824764,False
2021-11-04 08:40:00,-1.2142904607257234,False
2021-11-04 08:50:00,-1.1550320781262486,False
2021-11-04 09:00:00,-1.0483411019994282,False
2021-11-04 09:10:00,-1.048809189679421,False
2021-11-04 09:20:00,-1.09800223202235,False
2021-11-04 09:30:00,-0.8739515224614579,False
2021-11-04 09:40:00,-0.978040588625275,False
2021-11-04 09:50:00,-0.949238480334959,False
2021-11-04 10:00:00,-1.0367307082913952,False
2021-11-04 10:10:00,-1.019619962386918,False
2021-11-04 10:20:00,-1.0148752636564549,False
2021-11-04 10:30:00,-1.0476147959122357,False
2021-11-04 10:40:00,,False
2021-11-04 10:50:00,-0.9665486635819985,False
2021-11-04 11:00:00,-1.142226917320672,False
2021-11-04 11:10:00,-0.9067884854044176,False
2021-11-04 11:20:00,-0.9775747879995105,False
2021-11-04 11:30:00,-1.023719337546181,False
2021-11-04 11:40:00,-1.1985696737206766,False
2021-11-04 11:50:00,-0.8952223294381315,False
2021-11-04 12:00:00,-0.9254794563883093,False
2021-11-04 12:10:00,-1.0973944290864315,False
2021-11-04 12:20:00,-1.0165510702442178,False
2021-11-04 12:30:00,-0.7933963542492085,False
2021-11-04 12:40:00,-1.0131339213520416,False
2021-11-04 12:50:00,-1.0206408010319996,False
2021-11-04 13:00:00,-1.0133139953496992,False
2021-11-04 13:10:00,-1.0156992957812576,False
2021-11-04 13:20:00,-0.9250327471155877,False
2021-11-04 13:30:00,-0.9916928169837202,False
2021-11-04 13:40:00,-1.0059239904177737,False
2021-11-04 13:50:00,-1.0772501500756921,False
2021-11-04 14:00:00,-0.9895282585014414,False
2021-11-04 14:10:00,-1.0283274909401277,False
2021-11-04 14:20:00,-1.0447473082570717,False
2021-11-04 14:30:00,-0.876417098964361,False
2021-11-04 14:40:00,-1.0190364865568815,False
2021-11-04 14:50:00,-1.1072171458283897,False
2021-11-04 15:00:00,-1.1670442013297533,False
2021-11-04 15:10:00,-0.9210843682153749,False
2021-11-04 15:20:00,-1.0635300433571184,False
2021-11-04 15:30:00,-1.1632075242502722,False
2021-11-04 15:40:00,,False
2021-11-04 15:50:00,-1.0755184406361904,False
2021-11-04 16:00:00,-1.0856266727200468,False
2021-11-04 16:10:00,-0.9378691893855767,False
2021-11-04 16:20:00,-0.912555608271042,False
2021-11-04 16:30:00,-1.0806171191459883,False
2021-11-04 16:40:00,-0.9456702790609091,False
2021-11-04 16:50:00,-0.9497487178938783,False
2021-11-04 17:00:00,-0.900380313833471,False
2021-11-04 17:10:00,-0.8953169369399849,False
2021-11-04 17:20:00,-0.8805434241034081,False
2021-11-04 17:30:00,-0.9876693526688926,False
2021-11-04 17:40:00,-0.950797866395108,False
2021-11-04 17:50:00,-1.115546341645373,False
2021-11-04 18:00:00,-1.028942896679027,False
2021-11-04 18:10:00,-0.9197781755969993,False
2021-11-04 18:20:00,-0.9936012838304866,False
2021-11-04 18:30:00,-0.9730605521352442,False
2021-11-04 18:40:00,-1.087845654882089,False
2021-11-04 18:50:00,-0.9093243399595847,False
2021-11-04 19:00:00,-1.000976438460093,False
2021-11-04 19:10:00,-1.1178824098445885,False
2021-11-04 19:20:00,-0.9722192579975031,False
2021-11-04 19:30:00,-1.0282126697502119,False
2021-11-04 19:40:00,-0.9420248609802374,False
2021-11-04 19:50:00,-1.0680047334817722,False
2021-11-04 20:00:00,-1.0963172434618411,False
2021-11-04 20:10:00,-1.153642943408879,False
2021-11-04 20:20:00,-0.8936328570290938,False
2021-11-04 20:30:00,-0.9736631095543381,False
2021-11-04 20:40:00,-1.0315658597229826,False
2021-11-04 20:50:00,-1.0516662827714456,False
2021-11-04 21:00:00,-0.9019202515301454,False
2021-11-04 21:10:00,-1.129692905459526,False
2021-11-04 21:20:00,-0.8726715698180812,False
2021-11-04 21:30:00,-1.0373699488513188,False
2021-11-04 21:40:00,-1.0621501480841515,False
2021-11-04 21:50:00,-1.1388059741994647,False
2021-11-04 22:00:00,-1.0002298920526962,False
2021-11-04 22:10:00,-0.8915603001230707,False
2021-11-04 22:20:00,-0.9592068149144016,False
2021-11-04 22:30:00,-0.8909046041952603,False
2021-11-04 22:40:00,-1.243084799334592,False
2021-11-04 22:50:00,-0.952786416553105,False
2021-11-04 23:00:00,-1.085714433791889,False
2021-11-04 23:10:00,-1.0032815376939488,False
2021-11-04 23:20:00,-0.9644251737055872,False
2021-11-04 23:30:00,-1.0996682502902084,False
2021-11-04 23:40:00,-0.8249002553015924,False
2021-11-04 23:50:00,-1.1092908815798257,False
2021-11-05 00:00:00,-1.0360523285841599,False
2021-11-05 00:10:00,-0.8961077051219497,False
2021-11-05 00:20:00,-0.9023142234773018,False
2021-11-05 00:30:00,-0.9916226797466692,False
2021-11-05 00:40:00,-1.052088258569513,False
2021-11-05 00:50:00,-1.2367163307440214,False
2021-11-05 01:00:00,-0.98480521864239,False
2021-11-05 01:10:00,-0.8852601388934378,False
2021-11-05 01:20:00,-1.0614153177290075,False
2021-11-05 01:30:00,-0.944142707750945,False
2021-11-05 01:40:00,-0.8153466113262328,False
2021-11-05 01:50:00,-0.8846741323855212,False
2021-11-05 02:00:00,-0.9560156409118536,False
2021-11-05 02:10:00,-1.0759408795191632,False
2021-11-05 02:20:00,-1.0928345847209382,False
2021-11-05 02:30:00,-1.2062068726159931,False
2021-11-05 02:40:00,-0.8264835653950102,False
2021-11-05 02:50:00,-0.9943480330074274,False
2021-11-05 03:00:00,-0.9533705599164046,False
2021-11-05 03:10:00,-1.0381517675082137,False
2021-11-05 03:20:00,,False
2021-11-05 03:30:00,-1.1021330760068504,False
2021-11-05 03:40:00,-0.9802055163585628,False
2021-11-05 03:50:00,-1.0251499101193287,False
2021-11-05 04:00:00,-0.9877872834671108,False
2021-11-05 04:10:00,-0.7883978655299362,False
2021-11-05 04:20:00,-0.9399200800917853,False
2021-11-05 04:30:00,-0.9277257421174341,False
2021-11-05 04:40:00,-0.8486515989592927,False
2021-11-05 04:50:00,-0.9976324666603292,False
2021-11-05 05:00:00,-1.0311328332565315,False
2021-11-05 05:10:00,-1.0260525963550706,False
2021-11-05 05:20:00,-0.8699398053696655,False
2021-11-05 05:30:00,-1.033773666939624,False
2021-11-05 05:40:00,-0.8865925321395266,False
2021-11-05 05:50:00,-1.0574086339813291,False
2021-11-05 06:00:00,-1.037976752306813,False
2021-11-05 06:10:00,-0.8853687879275172,False
2021-11-05 06:20:00,-0.8241205853540841,False
2021-11-05 06:30:00,-0.8734238411893903,False
2021-11-05 06:40:00,-0.9500284050373232,False
2021-11-05 06:50:00,-1.0712339388532663,False
2021-11-05 07:00:00,-0.9914699625720576,False
2021-11-05 07:10:00,-0.8813318261919783,False
2021-11-05 07:20:00,-0.8575706635570868,False
2021-11-05 07:30:00,-1.0937529679045759,False
2021-11-05 07:40:00,-1.1479710364806723,False
2021-11-05 07:50:00,-1.0669996502978603,False
2021-11-05 08:00:00,-1.0140474005492535,False
2021-11-05 08:10:00,-1.092631411837164,False
2021-11-05 08:20:00,-0.9603927542172546,False
2021-11-05 08:30:00,-1.143502051400573,False
2021-11-05 08:40:00,-1.0258122339806526,False
2021-11-05 08:50:00,-0.7500292058488175,False
2021-11-05 09:00:00,-1.040819480305818,False
2021-11-05 09:10:00,-1.2923135918491624,False
2021-11-05 09:20:00,-1.089327021572034,False
2021-11-05 09:30:00,-0.957723100856119,False
2021-11-05 09:40:00,-1.139290978931337,False
2021-11-05 09:50:00,-0.8757492590336884,False
2021-11-05 10:00:00,-0.8937943770126282,False
2021-11-05 10:10:00,-1.0475560770538763,False
2021-11-05 10:20:00,-0.9434664762793072,False
2021-11-05 10:30:00,-0.9034231162163012,False
2021-11-05 10:40:00,,False
2021-11-05 10:50:00,-0.8319312303275983,False
2021-11-05 11:00:00,-0.9701871886651685,False
2021-11-05 11:10:00,-1.0491057630117318,False
2021-11-05 11:20:00,-0.9120016954464878,False
2021-11-05 11:30:00,,False
2021-11-05 11:40:00,-1.0070825162964507,False
2021-11-05 11:50:00,-0.9583183708060263,False
2021-11-05 12:00:00,-0.8860708714430254,False
2021-11-05 12:10:00,-0.9641432339710527,False
2021-11-05 12:20:00,-0.7963997097787765,False
2021-11-05 12:30:00,-1.0570208680774558,False
2021-11-05 12:40:00,-0.9809327220061997,False
2021-11-05 12:50:00,-1.1932653238352384,False
2021-11-05 13:00:00,-1.025714442155107,False
2021-11-05 13:10:00,-1.0962086373662892,False
2021-11-05 13:20:00,-0.9329161971084889,False
2021-11-05 13:30:00,-0.8105700629926682,False
2021-11-05 13:40:00,-0.9612425556045898,False
2021-11-05 13:50:00,-0.9213626590568091,False
2021-11-05 14:00:00,-1.0172047222672056,False
2021-11-05 14:10:00,-1.0225480244185567,False
2021-11-05 14:20:00,-1.0210189625066362,False
2021-11-05 14:30:00,-0.8950228031401293,False
2021-11-05 14:40:00,-0.8072169890077607,False
2021-11-05 14:50:00,-0.8933680138024658,False
2021-11-05 15:00:00,-1.149754835302895,False
2021-11-05 15:10:00,-1.107226494773924,False
2021-11-05 15:20:00,-1.0329004156815502,False
2021-11-05 15:30:00,-1.025379859138132,False
2021-11-05 15:40:00,,False
2021-11-05 15:50:00,-0.8026642653633578,False
2021-11-05 16:00:00,-1.0570425267405754,False
2021-11-05 16:10:00,-1.0118649676757163,False
2021-11-05 16:20:00,-0.8675988945005213,False
2021-11-05 16:30:00,-1.071947240965836,False
2021-11-05 16:40:00,-0.9618343675643366,False
2021-11-05 16:50:00,-1.0708897363074334,False
2021-11-05 17:00:00,-0.9984794061522726,False
2021-11-05 17:10:00,-1.0059439169536604,False
2021-11-05 17:20:00,-1.0412503341783717,False
2021-11-05 17:30:00,-0.8822797457242781,False
2021-11-05 17:40:00,-1.1546405063045917,False
2021-11-05 17:50:00,-0.831141045017709,False
2021-11-05 18:00:00,-0.9450183938809608,False
2021-11-05 18:10:00,-1.1775442831837077,False
2021-11-05 18:20:00,-0.8959444449549403,False
2021-11-05 18:30:00,-0.9280497057210695,False
2021-11-05 18:40:00,-0.9926553549969693,False
2021-11-05 18:50:00,-0.9267876958151764,False
2021-11-05 19:00:00,-1.0002189159425454,False
2021-11-05 19:10:00,-0.7899803590274983,False
2021-11-05 19:20:00,-1.0474302496665686,False
2021-11-05 19:30:00,-0.999821462205703,False
2021-11-05 19:40:00,-1.1647534992906508,False
2021-11-05 19:50:00,-1.0724734283482205,False
2021-11-05 20:00:00,-0.8812641070630517,False
2021-11-05 20:10:00,-1.139224670705578,False
2021-11-05 20:20:00,,False
2021-11-05 20:30:00,-0.7853329964680505,False
2021-11-05 20:40:00,-0.9458967755033267,False
2021-11-05 20:50:00,-0.9705691006669487,False
2021-11-05 21:00:00,-0.986287206742832,False
2021-11-05 21:10:00,-0.9813094836236882,False
2021-11-05 21:20:00,-1.0836124590699772,False
2021-11-05 21:30:00,-0.9908401334268157,False
2021-11-05 21:40:00,-1.1262557528569221,False
2021-11-05 21:50:00,-1.1288703546838414,False
2021-11-05 22:00:00,-1.0271244056055266,False
2021-11-05 22:10:00,-0.8969825538928585,False
2021-11-05 22:20:00,-1.003499406210298,False
2021-11-05 22:30:00,-1.0663874047002848,False
2021-11-05 22:40:00,-1.020071440006258,False
2021-11-05 22:50:00,-0.8723488025037169,False
2021-11-05 23:00:00,-0.9931865074650446,False
2021-11-05 23:10:00,-0.9760641363183838,False
2021-11-05 23:20:00,-1.0295679673050724,False
2021-11-05 23:30:00,-1.0034019510893148,False
2021-11-05 23:40:00,-0.9624507678961582,False
2021-11-05 23:50:00,-0.8387140177292416,False
2021-11-06 00:00:00,-1.1031987475252236,False
2021-11-06 00:10:00,-1.0244897988532935,False
2021-11-06 00:20:00,-0.849515167745441,False
2021-11-06 00:30:00,-1.0830617442821449,False
2021-11-06 00:40:00,-0.9729630611950365,False
2021-11-06 00:50:00,-0.9914990635340015,False
2021-11-06 01:00:00,-1.1123223524436106,False
2021-11-06 01:10:00,-0.9979563976025512,False
2021-11-06 01:20:00,-0.9744818159739662,False
2021-11-06 01:30:00,-0.9007195095873572,False
2021-11-06 01:40:00,,False
2021-11-06 01:50:00,-1.1278109373684329,False
2021-11-06 02:00:00,-1.040056379784495,False
2021-11-06 02:10:00,-0.8648613715720604,False
2021-11-06 02:20:00,-1.118123197743214,False
2021-11-06 02:30:00,-0.7861502316472991,False
2021-11-06 02:40:00,-1.1592469383081556,False
2021-11-06 02:50:00,-0.8866636081179144,False
2021-11-06 03:00:00,-0.9504251475578978,False
2021-11-06 03:10:00,,False
2021-11-06 03:20:00,-1.0735637817099484,False
2021-11-06 03:30:00,-1.0825785653730435,False
2021-11-06 03:40:00,-1.059812127376137,False
2021-11-06 03:50:00,-0.9063815567640365,False
2021-11-06 04:00:00,-0.9850949606647545,False
2021-11-06 04:10:00,-1.2202659832475906,False
2021-11-06 04:20:00,-1.0449571352888274,False
2021-11-06 04:30:00,-0.9914141905235597,False
2021-11-06 04:40:00,-1.008013005987687,False
2021-11-06 04:50:00,-0.9868836135326424,False
2021-11-06 05:00:00,,False
2021-11-06 05:10:00,-0.9824925749213302,False
2021-11-06 05:20:00,-0.8740277984911434,False
2021-11-06 05:30:00,-1.0473204054807537,False
2021-11-06 05:40:00,-1.015002927189847,False
2021-11-06 05:50:00,-0.9917902907108095,False
2021-11-06 06:00:00,-0.79785593552988,False
2021-11-06 06:10:00,-0.8674107110259971,False
2021-11-06 06:20:00,-1.0347398433058315,False
2021-11-06 06:30:00,-1.1574563055378897,False
2021-11-06 06:40:00,-0.8797611464062339,False
2021-11-06 06:50:00,-1.2056990403697174,False
2021-11-06 07:00:00,-0.9607506177550854,False
2021-11-06 07:10:00,-1.078292091605936,False
2021-11-06 07:20:00,-0.992181826778733,False
2021-11-06 07:30:00,-1.051046245195747,False
2021-11-06 07:40:00,-1.1253402697299963,False
2021-11-06 07:50:00,-1.0850758783873982,False
2021-11-06 08:00:00,-1.0232731403775446,False
2021-11-06 08:10:00,-0.9925040306508301,False
2021-11-06 08:20:00,-1.121722057826908,False
2021-11-06 08:30:00,-1.0878556827017585,False
2021-11-06 08:40:00,-1.0176439083125723,False
2021-11-06 08:50:00,-1.05697775074049,False
2021-11-06 09:00:00,-1.0597044976039647,False
2021-11-06 09:10:00,-1.0147414425751824,False
2021-11-06 09:20:00,-0.9570032323075018,False
2021-11-06 09:30:00,-1.2020819378974412,False
2021-11-06 09:40:00,-0.9932887139601386,False
2021-11-06 09:50:00,-0.9725324943154549,False
2021-11-06 10:00:00,,False
2021-11-06 10:10:00,-1.0259549601851223,False
2021-11-06 10:20:00,-1.0425508972723538,False
2021-11-06 10:30:00,-0.9980195224211318,False
2021-11-06 10:40:00,-0.9058116448194434,False
2021-11-06 10:50:00,,False
2021-11-06 11:00:00,-1.1090975885506793,False
2021-11-06 11:10:00,-0.9331551722038623,False
2021-11-06 11:20:00,-1.0589273683179978,False
2021-11-06 11:30:00,,False
2021-11-06 11:40:00,-0.9951498596995347,False
2021-11-06 11:50:00,-1.1705294487044777,False
2021-11-06 12:00:00,-1.0743266108847116,False
2021-11-06 12:10:00,-1.0968986254326123,False
2021-11-06 12:20:00,-0.9004098944826907,False
2021-11-06 12:30:00,-0.9295707819889824,False
2021-11-06 12:40:00,-0.9451203868626219,False
2021-11-06 12:50:00,-0.950185744758267,False
2021-11-06 13:00:00,-1.0473204815066701,False
2021-11-06 13:10:00,-0.9168244222772685,False
2021-11-06 13:20:00,-1.0445112779843235,False
2021-11-06 13:30:00,-1.1848681274345778,False
2021-11-06 13:40:00,-1.2097063572482387,False
2021-11-06 13:50:00,-0.854177869572836,False
2021-11-06 14:00:00,-0.9055026636825727,False
2021-11-06 14:10:00,-1.0284504730503223,False
2021-11-06 14:20:00,-1.0875179091442797,False
2021-11-06 14:30:00,-1.060458340872935,False
2021-11-06 14:40:00,-1.070112497493087,False
2021-11-06 14:50:00,-1.067519484592685,False
2021-11-06 15:00:00,-1.0975141236820822,False
2021-11-06 15:10:00,-1.1447031299536325,False
2021-11-06 15:20:00,-0.902240189810602,False
2021-11-06 15:30:00,-1.0011317683887795,False
2021-11-06 15:40:00,-0.9787450850269297,False
2021-11-06 15:50:00,,False
2021-11-06 16:00:00,-0.9301689886279928,False
2021-11-06 16:10:00,-1.2180619910167507,False
2021-11-06 16:20:00,-1.079966734726681,False
2021-11-06 16:30:00,-0.8815559126653132,False
2021-11-06 16:40:00,-0.9603633312439683,False
2021-11-06 16:50:00,-1.0478316013868167,False
2021-11-06 17:00:00,-0.9350325338112166,False
2021-11-06 17:10:00,-1.1137450881937199,False
2021-11-06 17:20:00,-1.0552547900171088,False
2021-11-06 17:30:00,-0.9092836927617445,False
2021-11-06 17:40:00,-0.8734488794638516,False
2021-11-06 17:50:00,-1.1513119313238462,False
2021-11-06 18:00:00,-0.8148693603069639,False
2021-11-06 18:10:00,-1.0259305341737388,False
2021-11-06 18:20:00,-1.1494127987745208,False
2021-11-06 18:30:00,-0.9248757085058442,False
2021-11-06 18:40:00,-0.9605213615918656,False
2021-11-06 18:50:00,-0.9951953791193872,False
2021-11-06 19:00:00,-1.0685986071306774,False
2021-11-06 19:10:00,-0.9850987712878541,False
2021-11-06 19:20:00,-1.0548385851588493,False
2021-11-06 19:30:00,-0.9005224468830768,False
2021-11-06 19:40:00,-0.9435865425038324,False
2021-11-06 19:50:00,-1.1703833031011868,False
2021-11-06 20:00:00,-0.8106606144793874,False
2021-11-06 20:10:00,-0.8939110357402521,False
2021-11-06 20:20:00,,False
2021-11-06 20:30:00,-0.9128009913238131,False
2021-11-06 20:40:00,-1.0280171767709243,False
2021-11-06 20:50:00,-1.0173110272327712,False
2021-11-06 21:00:00,-0.9272734382188736,False
2021-11-06 21:10:00,-0.9986051327810739,False
2021-11-06 21:20:00,-0.9372801090636534,False
2021-11-06 21:30:00,-0.8977252234605108,False
2021-11-06 21:40:00,-1.1377691316030587,False
2021-11-06 21:50:00,-0.9679181913903151,False
2021-11-06 22:00:00,-1.0337392988233631,False
2021-11-06 22:10:00,-1.013026008871893,False
2021-11-06 22:20:00,-0.8788195405689732,False
2021-11-06 22:30:00,-0.7267075327018013,False
2021-11-06 22:40:00,-0.9460257575709097,False
2021-11-06 22:50:00,-1.1184384312643842,False
2021-11-06 23:00:00,-1.0449616156868264,False
2021-11-06 23:10:00,-0.9674411399169693,False
2021-11-06 23:20:00,-1.0644903001251418,False
2021-11-06 23:30:00,-0.9940007221871322,False
2021-11-06 23:40:00,-0.9691498023516822,False
2021-11-06 23:50:00,-0.8610660397921586,False
2021-11-07 00:00:00,,False
2021-11-07 00:10:00,-0.9235779310096717,False
2021-11-07 00:20:00,-0.8387128503384175,False
2021-11-07 00:30:00,-1.113024927690938,False
2021-11-07 00:40:00,-0.985364285101489,False
2021-11-07 00:50:00,-0.8841911212835621,False
2021-11-07 01:00:00,-1.1058251948631068,False
2021-11-07 01:10:00,,False
2021-11-07 01:20:00,-1.0853638599240947,False
2021-11-07 01:30:00,-0.9834660787761427,False
2021-11-07 01:40:00,-1.055905430503134,False
2021-11-07 01:50:00,-1.0222431595279493,False
2021-11-07 02:00:00,,False
2021-11-07 02:10:00,-1.1524316481729335,False
2021-11-07 02:20:00,-0.9431525174099935,False
2021-11-07 02:30:00,-0.7468330933073586,False
2021-11-07 02:40:00,-1.00274416599627,False
2021-11-07 02:50:00,-1.049129591850707,False
2021-11-07 03:00:00,-0.9704873411500015,False
2021-11-07 03:10:00,-1.0111092257031378,False
2021-11-07 03:20:00,-1.0980280144861614,False
2021-11-07 03:30:00,-1.0473515557598074,False
2021-11-07 03:40:00,-1.0135687968184994,False
2021-11-07 03:50:00,-1.0689663163621779,False
2021-11-07 04:00:00,-0.9706169927939523,False
2021-11-07 04:10:00,-0.9019480535295868,False
2021-11-07 04:20:00,-1.087408571696562,False
2021-11-07 04:30:00,-0.8781899816841816,False
2021-11-07 04:40:00,,False
2021-11-07 04:50:00,-0.9097747205149473,False
2021-11-07 05:00:00,,False
2021-11-07 05:10:00,-1.1013842892863512,False
2021-11-07 05:20:00,-1.1333103062202792,False
2021-11-07 05:30:00,-1.112340139436498,False
2021-11-07 05:40:00,-1.0896145623746338,False
2021-11-07 05:50:00,-0.9086303006193283,False
2021-11-07 06:00:00,-0.9424374488644782,False
2021-11-07 06:10:00,-0.941837889756973,False
2021-11-07 06:20:00,-0.9485903461160846,False
2021-11-07 06:30:00,-0.9809797343340094,False
2021-11-07 06:40:00,-0.9966645179914999,False
2021-11-07 06:50:00,-1.0165714999041229,False
2021-11-07 07:00:00,-1.0023551191537348,False
2021-11-07 07:10:00,-1.0105677752675404,False
2021-11-07 07:20:00,-1.0177854692835342,False
2021-11-07 07:30:00,-1.233179692450613,False
2021-11-07 07:40:00,-0.9122876152491779,False
2021-11-07 07:50:00,-1.1181979264085058,False
2021-11-07 08:00:00,-0.8902282509970982,False
2021-11-07 08:10:00,-0.9603644630820476,False
2021-11-07 08:20:00,,False
2021-11-07 08:30:00,-1.010547737245446,False
2021-11-07 08:40:00,-0.9811398956455077,False
2021-11-07 08:50:00,-0.9747464275301562,False
2021-11-07 09:00:00,-0.9405297654473554,False
2021-11-07 09:10:00,-0.9465232688930395,False
2021-11-07 09:20:00,-1.103881477619204,False
2021-11-07 09:30:00,-1.2152953625025686,False
2021-11-07 09:40:00,-0.9630883627647414,False
2021-11-07 09:50:00,-0.9574443559639051,False
2021-11-07 10:00:00,-0.9932214958304226,False
2021-11-07 10:10:00,-0.9220499130662785,False
2021-11-07 10:20:00,-1.0456763322648486,False
2021-11-07 10:30:00,-1.0306185407095134,False
2021-11-07 10:40:00,-0.9570358196127747,False
2021-11-07 10:50:00,-0.7961843111500263,False
2021-11-07 11:00:00,-1.020248685593374,False
2021-11-07 11:10:00,-0.9061182503335659,False
2021-11-07 11:20:00,,False
2021-11-07 11:30:00,-0.9759324094934709,False
2021-11-07 11:40:00,-1.1669959566311905,False
2021-11-07 11:50:00,-0.8720463878914243,False
2021-11-07 12:00:00,-1.0505230259881628,False
2021-11-07 12:10:00,-1.1549471111654506,False
2021-11-07 12:20:00,-1.0280948874564568,False
2021-11-07 12:30:00,-0.8586773667299139,False
2021-11-07 12:40:00,-1.1276027117475205,False
2021-11-07 12:50:00,-1.0354401579696666,False
2021-11-07 13:00:00,-0.9177357573881213,False
2021-11-07 13:10:00,-1.0473043941395312,False
2021-11-07 13:20:00,-0.9285574871034057,False
2021-11-07 13:30:00,-0.9918927553033536,False
2021-11-07 13:40:00,,False
2021-11-07 13:50:00,-1.0281211001215083,False
2021-11-07 14:00:00,-0.8804915235433093,False
2021-11-07 14:10:00,-1.093954841613098,False
2021-11-07 14:20:00,-0.9466229701814474,False
2021-11-07 14:30:00,-0.9341558300697373,False
2021-11-07 14:40:00,-0.9698550930852097,False
2021-11-07 14:50:00,-0.9630154060018511,False
2021-11-07 15:00:00,-0.975111351962058,False
2021-11-07 15:10:00,-1.0056249595804616,False
2021-11-07 15:20:00,-0.922620831775409,False
2021-11-07 15:30:00,-1.0348535604320872,False
2021-11-07 15:40:00,-0.8419952515241035,False
2021-11-07 15:50:00,,False
2021-11-07 16:00:00,-0.9718047564704602,False
2021-11-07 16:10:00,-0.9346074317400749,False
2021-11-07 16:20:00,-1.191675643572607,False
2021-11-07 16:30:00,-1.0526095527286767,False
2021-11-07 16:40:00,-0.8281844067266387,False
2021-11-07 16:50:00,-1.0131447811364287,False
2021-11-07 17:00:00,,False
2021-11-07 17:10:00,-0.8644461313408905,False
2021-11-07 17:20:00,-1.0178568084493305,False
2021-11-07 17:30:00,-1.2172339536904664,False
2021-11-07 17:40:00,-1.0561296636292108,False
2021-11-07 17:50:00,-0.9584333411560388,False
2021-11-07 18:00:00,-0.9164425540045957,False
2021-11-07 18:10:00,-0.972885504704081,False
2021-11-07 18:20:00,-0.9076830258357932,False
2021-11-07 18:30:00,-1.0135944208912981,False
2021-11-07 18:40:00,-0.8961015969029602,False
2021-11-07 18:50:00,-1.0294605943322317,False
2021-11-07 19:00:00,-0.8950324562301426,False
2021-11-07 19:10:00,-1.0312726943622064,False
2021-11-07 19:20:00,-0.9747704340023917,False
2021-11-07 19:30:00,-1.1192057131807411,False
2021-11-07 19:40:00,-1.0753153701011793,False
2021-11-07 19:50:00,-1.0233195967570563,False
2021-11-07 20:00:00,-0.9376981939204535,False
2021-11-07 20:10:00,-1.093550765768189,False
2021-11-07 20:20:00,-1.0306592066900424,False
2021-11-07 20:30:00,-1.0285041962025352,False
2021-11-07 20:40:00,-0.9029243532774908,False
2021-11-07 20:50:00,-1.0864862323164686,False
2021-11-07 21:00:00,-0.8705263614124129,False
2021-11-07 21:10:00,-0.9876550858052406,False
2021-11-07 21:20:00,-1.0543095096332555,False
2021-11-07 21:30:00,-0.8609002161958351,False
2021-11-07 21:40:00,-0.8355140971191207,False
2021-11-07 21:50:00,-0.9672368000445707,False
2021-11-07 22:00:00,-0.9825417946422726,False
2021-11-07 22:10:00,-1.0034028149141483,False
2021-11-07 22:20:00,-0.9694707515708163,False
2021-11-07 22:30:00,-0.9982190084105608,False
2021-11-07 22:40:00,-0.9430234000057907,False
2021-11-07 22:50:00,-1.0270289493354752,False
2021-11-07 23:00:00,-0.9287245721538098,False
2021-11-07 23:10:00,-1.0780244338060943,False
2021-11-07 23:20:00,-0.943827405859639,False
2021-11-07 23:30:00,-1.095055103149531,False
2021-11-07 23:40:00,-1.1111463302956102,False
2021-11-07 23:50:00,-1.0859681634879317,False
2021-11-08 00:00:00,-1.0738540202270266,False
2021-11-08 00:10:00,-1.1141109252869628,False
2021-11-08 00:20:00,-0.9307068957837229,False
2021-11-08 00:30:00,-0.7042481862277891,False
2021-11-08 00:40:00,-1.022701044375312,False
2021-11-08 00:50:00,-1.0368868036844685,False
2021-11-08 01:00:00,-1.0880574709179434,False
2021-11-08 01:10:00,-1.1093286529604145,False
2021-11-08 01:20:00,-1.1554409485588717,False
2021-11-08 01:30:00,-0.9454701848573237,False
2021-11-08 01:40:00,-0.9411644391094725,False
2021-11-08 01:50:00,-0.9278066036118976,False
2021-11-08 02:00:00,-0.9636173942532215,False
2021-11-08 02:10:00,-1.1207222134624175,False
2021-11-08 02:20:00,-0.8328533218854195,False
2021-11-08 02:30:00,-0.8973930799057965,False
2021-11-08 02:40:00,-1.0849729233806147,False
2021-11-08 02:50:00,-1.1468884726790254,False
2021-11-08 03:00:00,-0.8691307556688158,False
2021-11-08 03:10:00,-1.0138534397915104,False
2021-11-08 03:20:00,-1.1396543401682575,False
2021-11-08 03:30:00,-0.9939050032148078,False
2021-11-08 03:40:00,-0.9350576431290363,False
2021-11-08 03:50:00,-1.0925103596140027,False
2021-11-08 04:00:00,,False
2021-11-08 04:10:00,-1.0705303519446452,False
2021-11-08 04:20:00,-1.0106599576231565,False
2021-11-08 04:30:00,-1.1820859609090715,False
2021-11-08 04:40:00,-1.0619148809514294,False
2021-11-08 04:50:00,-1.0050653483591379,False
2021-11-08 05:00:00,-1.0553260479607085,False
2021-11-08 05:10:00,-1.0325964016926235,False
2021-11-08 05:20:00,-0.8752469502774985,False
2021-11-08 05:30:00,-0.9931897103590066,False
2021-11-08 05:40:00,-0.8665161577509781,False
2021-11-08 05:50:00,-1.0089607728253573,False
2021-11-08 06:00:00,-0.8345906671884742,False
2021-11-08 06:10:00,-1.1759414457313002,False
2021-11-08 06:20:00,-1.0002516730820583,False
2021-11-08 06:30:00,-1.0150992406604138,False
2021-11-08 06:40:00,-0.8917653788260809,False
2021-11-08 06:50:00,-1.0942809681497632,False
2021-11-08 07:00:00,-0.9137180579668467,False
2021-11-08 07:10:00,-0.9562895789344246,False
2021-11-08 07:20:00,-0.8860382647897671,False
2021-11-08 07:30:00,-1.0290320210909687,False
2021-11-08 07:40:00,-1.0723952655180675,False
2021-11-08 07:50:00,-0.9543572036025183,False
2021-11-08 08:00:00,-0.7318876328216506,False
2021-11-08 08:10:00,-1.1018188434818987,False
2021-11-08 08:20:00,-0.995427843498565,False
2021-11-08 08:30:00,-0.9195254853368334,False
2021-11-08 08:40:00,-1.0772073478107458,False
2021-11-08 08:50:00,-0.9845691800104532,False
2021-11-08 09:00:00,-0.9500134664303058,False
2021-11-08 09:10:00,-1.0757434076994608,False
2021-11-08 09:20:00,-1.1609085947208528,False
2021-11-08 09:30:00,-1.2822932607333812,False
2021-11-08 09:40:00,-1.104275660836172,False
2021-11-08 09:50:00,-1.0011843491504968,False
2021-11-08 10:00:00,-1.0176552444277307,False
2021-11-08 10:10:00,-1.0912115691593356,False
2021-11-08 10:20:00,-1.020853765899807,False
2021-11-08 10:30:00,-1.096865254189114,False
2021-11-08 10:40:00,-1.0650100937646707,False
2021-11-08 10:50:00,-0.8301761815038227,False
2021-11-08 11:00:00,-0.7745758995198354,False
2021-11-08 11:10:00,-0.9740872158471942,False
2021-11-08 11:20:00,-0.9296130220602034,False
2021-11-08 11:30:00,-0.8638510869700264,False
2021-11-08 11:40:00,-0.846070919085612,False
2021-11-08 11:50:00,-0.9218956800689349,False
2021-11-08 12:00:00,-0.8334951475768677,False
2021-11-08 12:10:00,-1.0629820609815386,False
2021-11-08 12:20:00,-0.9307996841496631,False
2021-11-08 12:30:00,-1.00308540217225,False
2021-11-08 12:40:00,-0.9380157883649732,False
2021-11-08 12:50:00,-0.9330421132349703,False
2021-11-08 13:00:00,-0.844726294141777,False
2021-11-08 13:10:00,,False
2021-11-08 13:20:00,-1.0231106818594748,False
2021-11-08 13:30:00,,False
2021-11-08 13:40:00,-0.9330962145183229,False
2021-11-08 13:50:00,-0.9347945887702886,False
2021-11-08 14:00:00,-1.0093782323649165,False
2021-11-08 14:10:00,,False
2021-11-08 14:20:00,-0.8650369410422893,False
2021-11-08 14:30:00,-1.0837440533080758,False
2021-11-08 14:40:00,-1.0642302698906678,False
2021-11-08 14:50:00,-0.9969398971369813,False
2021-11-08 15:00:00,-0.9998907109197275,False
2021-11-08 15:10:00,-1.0336533563030565,False
2021-11-08 15:20:00,-0.9787375672450676,False
2021-11-08 15:30:00,-1.1435812598535071,False
2021-11-08 15:40:00,-0.909707514437839,False
2021-11-08 15:50:00,-1.0396689011116098,False
2021-11-08 16:00:00,-1.0657998997160978,False
2021-11-08 16:10:00,-0.9489880974334388,False
2021-11-08 16:20:00,-0.8254857218225353,False
2021-11-08 16:30:00,-1.1206163840219108,False
2021-11-08 16:40:00,-0.9695140090650267,False
2021-11-08 16:50:00,-1.015290863682845,False
2021-11-08 17:00:00,,False
2021-11-08 17:10:00,-0.9493299089684378,False
2021-11-08 17:20:00,-0.9252096292307781,False
2021-11-08 17:30:00,-0.9278517988492974,False
2021-11-08 17:40:00,-0.7765119675108856,False
2021-11-08 17:50:00,-0.9282101551610414,False
2021-11-08 18:00:00,-0.9251734353051205,False
2021-11-08 18:10:00,-0.8716708693366536,False
2021-11-08 18:20:00,-0.9249658944027422,False
2021-11-08 18:30:00,-0.9450732594777276,False
2021-11-08 18:40:00,-0.9892256871757396,False
2021-11-08 18:50:00,-1.073035515171565,False
2021-11-08 19:00:00,-1.189060469244742,False
2021-11-08 19:10:00,-0.848274656585416,False
2021-11-08 19:20:00,,False
2021-11-08 19:30:00,-0.9969655313932579,False
2021-11-08 19:40:00,-0.8382903189926195,False
2021-11-08 19:50:00,-1.0341899739663072,False
2021-11-08 20:00:00,-1.0088194510416288,False
2021-11-08 20:10:00,-1.0643525636920697,False
2021-11-08 20:20:00,-0.858208564304392,False
2021-11-08 20:30:00,-1.022086302029028,False
2021-11-08 20:40:00,-1.2118577168896236,False
2021-11-08 20:50:00,-1.069897810023379,False
2021-11-08 21:00:00,-0.8160728894909953,False
2021-11-08 21:10:00,-1.0229287361377908,False
2021-11-08 21:20:00,-0.8387887391901514,False
2021-11-08 21:30:00,-0.9896611935466293,False
2021-11-08 21:40:00,-1.1179284591625451,False
2021-11-08 21:50:00,-0.8739881682656093,False
2021-11-08 22:00:00,-0.9774240417818972,False
2021-11-08 22:10:00,-0.9517718939527209,False
2021-11-08 22:20:00,-0.9324750254473515,False
2021-11-08 22:30:00,-1.1402071074697728,False
2021-11-08 22:40:00,-1.0458827759023954,False
2021-11-08 22:50:00,-1.0798232864689001,False
2021-11-08 23:00:00,-1.0287883561829236,False
2021-11-08 23:10:00,-0.9382568673955292,False
2021-11-08 23:20:00,-1.0231134439801808,False
2021-11-08 23:30:00,-1.0880428400032869,False
2021-11-08 23:40:00,-1.0350187610941257,False
2021-11-08 23:50:00,-0.9398900355942787,False
2021-11-09 00:00:00,-0.948013888395104,False
2021-11-09 00:10:00,-0.9968989629161923,False
2021-11-09 00:20:00,-1.230273121130187,False
2021-11-09 00:30:00,-1.0351847691412668,False
2021-11-09 00:40:00,-1.1679052626406292,False
2021-11-09 00:50:00,-0.7896151814346607,False
2021-11-09 01:00:00,-1.0993028794418038,False
2021-11-09 01:10:00,-1.0051923632757798,False
2021-11-09 01:20:00,-0.9593195634762284,False
2021-11-09 01:30:00,-1.2133128154168842,False
2021-11-09 01:40:00,-0.8371091348351453,False
2021-11-09 01:50:00,-0.8389800050815122,False
2021-11-09 02:00:00,-1.164870612853797,False
2021-11-09 02:10:00,-0.7174276950862146,False
2021-11-09 02:20:00,-0.8978055173885128,False
2021-11-09 02:30:00,-0.9239845404769985,False
2021-11-09 02:40:00,-1.0827213782104321,False
2021-11-09 02:50:00,-1.0254317261384531,False
2021-11-09 03:00:00,-1.008768793520486,False
2021-11-09 03:10:00,-1.1548575902088887,False
2021-11-09 03:20:00,-1.060762913244338,False
2021-11-09 03:30:00,-0.8969268625169613,False
2021-11-09 03:40:00,-0.8311951252305764,False
2021-11-09 03:50:00,-1.0959150553957542,False
2021-11-09 04:00:00,-1.0265112730308334,False
2021-11-09 04:10:00,-0.8049680762040415,False
2021-11-09 04:20:00,-0.8745793516639866,False
2021-11-09 04:30:00,-0.9379551945781973,False
2021-11-09 04:40:00,-0.954909295865955,False
2021-11-09 04:50:00,-1.021942119112355,False
2021-11-09 05:00:00,-1.1895120151975913,False
2021-11-09 05:10:00,-0.7352897926384359,False
2021-11-09 05:20:00,-0.8690962976068441,False
2021-11-09 05:30:00,-1.096998531548227,False
2021-11-09 05:40:00,-0.9736417822720246,False
2021-11-09 05:50:00,-1.1174373960132868,False
2021-11-09 06:00:00,-0.9619018754482093,False
2021-11-09 06:10:00,-0.9953297493298534,False
2021-11-09 06:20:00,-0.9063139698225922,False
2021-11-09 06:30:00,-1.019256146251681,False
2021-11-09 06:40:00,-1.0589708806362041,False
2021-11-09 06:50:00,-1.108744451587593,False
2021-11-09 07:00:00,-0.9489239461967686,False
2021-11-09 07:10:00,-1.1617515831524887,False
2021-11-09 07:20:00,-1.1613478707308384,False
2021-11-09 07:30:00,-1.2088654444834073,False
2021-11-09 07:40:00,-0.9114909991859589,False
2021-11-09 07:50:00,-1.0032014089732035,False
2021-11-09 08:00:00,-1.0020975285550737,False
2021-11-09 08:10:00,-0.8467157473089456,False
2021-11-09 08:20:00,-1.0615758737996082,False
2021-11-09 08:30:00,-1.1882071303597372,False
2021-11-09 08:40:00,-0.9908141533987976,False
2021-11-09 08:50:00,-0.9603109216921648,False
2021-11-09 09:00:00,-1.1151847504437395,False
2021-11-09 09:10:00,-0.8511492975049625,False
2021-11-09 09:20:00,-0.9037240976154692,False
2021-11-09 09:30:00,-1.1525004526432987,False
2021-11-09 09:40:00,-0.9361577200936665,False
2021-11-09 09:50:00,-0.7960672616784066,False
2021-11-09 10:00:00,-0.7130045616480372,False
2021-11-09 10:10:00,-1.003988717961627,False
2021-11-09 10:20:00,-1.0704924710248427,False
2021-11-09 10:30:00,-0.9853494207092397,False
2021-11-09 10:40:00,-0.8389282165547515,False
2021-11-09 10:50:00,-1.0722887637177978,False
2021-11-09 11:00:00,,False
2021-11-09 11:10:00,-1.0264089610164049,False
2021-11-09 11:20:00,-0.9065575266692882,False
2021-11-09 11:30:00,-0.9580660887438801,False
2021-11-09 11:40:00,-1.1504916114100037,False
2021-11-09 11:50:00,-0.9596970689917171,False
2021-11-09 12:00:00,-0.9091973365275013,False
2021-11-09 12:10:00,-0.9759894195102741,False
2021-11-09 12:20:00,-1.0129099735115081,False
2021-11-09 12:30:00,-0.99272878782959,False
2021-11-09 12:40:00,-1.078358959171144,False
2021-11-09 12:50:00,-0.9185427611808378,False
2021-11-09 13:00:00,-0.9231529696174925,False
2021-11-09 13:10:00,-1.1514596506572055,False
2021-11-09 13:20:00,-1.0234015517526813,False
2021-11-09 13:30:00,-0.9872138869444214,False
2021-11-09 13:40:00,-1.058726698397464,False
2021-11-09 13:50:00,-1.1313867306957954,False
2021-11-09 14:00:00,-1.2343114330919263,False
2021-11-09 14:10:00,-1.095322350856652,False
2021-11-09 14:20:00,-0.9914117338740586,False
2021-11-09 14:30:00,-0.9100471989431712,False
2021-11-09 14:40:00,-1.0199962344797955,False
2021-11-09 14:50:00,-0.8775829531023365,False
2021-11-09 15:00:00,-1.107694182176426,False
2021-11-09 15:10:00,-0.8981055712085511,False
2021-11-09 15:20:00,-1.0377531035149583,False
2021-11-09 15:30:00,-1.0019731533878384,False
2021-11-09 15:40:00,-0.9362241249406276,False
2021-11-09 15:50:00,-0.8222246711317117,False
2021-11-09 16:00:00,-0.9273962708590714,False
2021-11-09 16:10:00,-0.89082678739881,False
2021-11-09 16:20:00,-1.0431338177435865,False
2021-11-09 16:30:00,-0.9735079793510039,False
2021-11-09 16:40:00,-0.9160597673528532,False
2021-11-09 16:50:00,-0.8513759759288199,False
2021-11-09 17:00:00,-1.0500604146099255,False
2021-11-09 17:10:00,-1.1153535121055707,False
2021-11-09 17:20:00,-1.022773470520086,False
2021-11-09 17:30:00,-1.0451120183682383,False
2021-11-09 17:40:00,-1.0890908571519835,False
2021-11-09 17:50:00,-0.9915738496223494,False
2021-11-09 18:00:00,-1.0499830052925079,False
2021-11-09 18:10:00,-1.1822852616445036,False
2021-11-09 18:20:00,-0.9856219285693458,False
2021-11-09 18:30:00,-0.8856707203430726,False
2021-11-09 18:40:00,-1.0175718633952546,False
2021-11-09 18:50:00,-0.938733182916083,False
2021-11-09 19:00:00,-1.0506490071225907,False
2021-11-09 19:10:00,-0.9658930244935442,False
2021-11-09 19:20:00,-1.1906580658031853,False
2021-11-09 19:30:00,-0.9417184124631707,False
2021-11-09 19:40:00,-0.9855599805783724,False
2021-11-09 19:50:00,-0.9950730745540918,False
2021-11-09 20:00:00,-0.855474206918656,False
2021-11-09 20:10:00,-0.917910351905267,False
2021-11-09 20:20:00,-1.0339054067005935,False
2021-11-09 20:30:00,-0.9105322431966738,False
2021-11-09 20:40:00,-1.1232539327665818,False
2021-11-09 20:50:00,-0.8887451346321632,False
2021-11-09 21:00:00,-0.9491830404506383,False
2021-11-09 21:10:00,-0.7418408071830247,False
2021-11-09 21:20:00,-0.8785804718210342,False
2021-11-09 21:30:00,-1.030448452076236,False
2021-11-09 21:40:00,-0.8540372030315329,False
2021-11-09 21:50:00,-0.9206491003058187,False
2021-11-09 22:00:00,-1.216157722391938,False
2021-11-09 22:10:00,-1.1577133491646794,False
2021-11-09 22:20:00,-0.8023389164168635,False
2021-11-09 22:30:00,,False
2021-11-09 22:40:00,-0.9674457164736446,False
2021-11-09 22:50:00,-0.8957010351190634,False
2021-11-09 23:00:00,-0.9826757057309524,False
2021-11-09 23:10:00,-0.9379003274061275,False
2021-11-09 23:20:00,-1.051020504176426,False
2021-11-09 23:30:00,-0.9086551402221609,False
2021-11-09 23:40:00,-0.8547644228765965,False
2021-11-09 23:50:00,-0.9506211258816089,False
2021-11-10 00:00:00,-0.9785995852152924,False
2021-11-10 00:10:00,-0.9635286362495524,False
2021-11-10 00:20:00,-1.1920594994347993,False
2021-11-10 00:30:00,-0.8834566765937031,False
2021-11-10 00:40:00,-0.9779444709108096,False
2021-11-10 00:50:00,-0.9618781609693168,False
2021-11-10 01:00:00,-1.1387657431085418,False
2021-11-10 01:10:00,-1.1820628739792327,False
2021-11-10 01:20:00,-1.018218713395595,False
2021-11-10 01:30:00,-0.9863954697235578,False
2021-11-10 01:40:00,-0.9838386325265758,False
2021-11-10 01:50:00,-0.8979929275806946,False
2021-11-10 02:00:00,-0.8553823085292116,False
2021-11-10 02:10:00,-1.0665017999610966,False
2021-11-10 02:20:00,-0.9825233538607454,False
2021-11-10 02:30:00,-1.0415951354545714,False
2021-11-10 02:40:00,,False
2021-11-10 02:50:00,-0.8998404835627576,False
2021-11-10 03:00:00,-1.219973297434969,False
2021-11-10 03:10:00,-1.1317886814804556,False
2021-11-10 03:20:00,-0.940096814551801,False
2021-11-10 03:30:00,-0.8248511497218138,False
2021-11-10 03:40:00,-0.895370925351724,False
2021-11-10 03:50:00,-0.9374404400737398,False
2021-11-10 04:00:00,-0.9754928103162346,False
2021-11-10 04:10:00,-1.0701445769559854,False
2021-11-10 04:20:00,-0.9432099369128268,False
2021-11-10 04:30:00,-0.9661008935196762,False
2021-11-10 04:40:00,-0.873833029380507,False
2021-11-10 04:50:00,,False
2021-11-10 05:00:00,-1.2785151935348797,False
2021-11-10 05:10:00,-1.0093609117689126,False
2021-11-10 05:20:00,-1.1199633617131879,False
2021-11-10 05:30:00,-0.7360848848634651,False
2021-11-10 05:40:00,-0.9531487913199247,False
2021-11-10 05:50:00,-0.8575332483625087,False
2021-11-10 06:00:00,-0.9692137018641542,False
2021-11-10 06:10:00,-0.9611581536217627,False
2021-11-10 06:20:00,-0.887894548951686,False
2021-11-10 06:30:00,-1.089994821681498,False
2021-11-10 06:40:00,-0.9410942240687632,False
2021-11-10 06:50:00,-1.0447396882619617,False
2021-11-10 07:00:00,-0.9687206241132829,False
2021-11-10 07:10:00,-1.0525903402134376,False
2021-11-10 07:20:00,-1.0655246890428502,False
2021-11-10 07:30:00,-0.9911145403313981,False
2021-11-10 07:40:00,-0.9573964678467836,False
2021-11-10 07:50:00,-0.9429451751486355,False
2021-11-10 08:00:00,-1.1199901449761096,False
2021-11-10 08:10:00,-0.8707499895596215,False
2021-11-10 08:20:00,-0.9594211498800357,False
2021-11-10 08:30:00,-1.0370301191258178,False
2021-11-10 08:40:00,-0.9608425284644372,False
2021-11-10 08:50:00,-1.151724943907541,False
2021-11-10 09:00:00,-0.9214366513521548,False
2021-11-10 09:10:00,-1.1050047398534562,False
2021-11-10 09:20:00,-1.0782377682206024,False
2021-11-10 09:30:00,-1.0767673499300017,False
2021-11-10 09:40:00,,False
2021-11-10 09:50:00,,False
2021-11-10 10:00:00,,False
2021-11-10 10:10:00,-1.0394450075327344,False
2021-11-10 10:20:00,-0.9484613818945107,False
2021-11-10 10:30:00,-1.0911585716126713,False
2021-11-10 10:40:00,-0.8969833013423241,False
2021-11-10 10:50:00,-0.9770479686606335,False
2021-11-10 11:00:00,-1.0186902539667528,False
2021-11-10 11:10:00,-1.0168008407937732,False
2021-11-10 11:20:00,-1.0207050108342093,False
2021-11-10 11:30:00,-1.0423249654991662,False
2021-11-10 11:40:00,-0.9855697267704752,False
2021-11-10 11:50:00,-1.1005238270067024,False
2021-11-10 12:00:00,-1.0486397480302632,False
2021-11-10 12:10:00,-1.064644190518228,False
2021-11-10 12:20:00,-0.9649206247972407,False
2021-11-10 12:30:00,-1.0003478134989956,False
2021-11-10 12:40:00,-0.9533175040876445,False
2021-11-10 12:50:00,-1.0808159463798601,False
2021-11-10 13:00:00,-1.1392561775597485,False
2021-11-10 13:10:00,,False
2021-11-10 13:20:00,-0.9549807925661229,False
2021-11-10 13:30:00,-1.034497056541235,False
2021-11-10 13:40:00,-1.0305174174769614,False
2021-11-10 13:50:00,-0.9912281266753108,False
2021-11-10 14:00:00,-0.96242202090643,False
2021-11-10 14:10:00,-1.1225603073746167,False
2021-11-10 14:20:00,-1.0706580068545872,False
2021-11-10 14:30:00,-0.9463536809207052,False
2021-11-10 14:40:00,-0.8292185952307689,False
2021-11-10 14:50:00,-0.9017852718127343,False
2021-11-10 15:00:00,-0.7632396428323159,False
2021-11-10 15:10:00,-1.1128257528561487,False
2021-11-10 15:20:00,-1.0928968519676012,False
2021-11-10 15:30:00,-1.0286331390464871,False
2021-11-10 15:40:00,-0.7642932960134221,False
2021-11-10 15:50:00,-0.9063949222740089,False
2021-11-10 16:00:00,-0.9051925967111596,False
2021-11-10 16:10:00,,False
2021-11-10 16:20:00,-1.1032879995493037,False
2021-11-10 16:30:00,-0.829095857878935,False
2021-11-10 16:40:00,-0.960463697533487,False
2021-11-10 16:50:00,-0.9650259205346876,False
2021-11-10 17:00:00,-1.1326744915859823,False
2021-11-10 17:10:00,-0.9655613504835842,False
2021-11-10 17:20:00,-0.9438219300544792,False
2021-11-10 17:30:00,-0.9867739786915581,False
2021-11-10 17:40:00,-0.7969205777966066,False
2021-11-10 17:50:00,-1.1387863383610268,False
2021-11-10 18:00:00,-1.019978776532763,False
2021-11-10 18:10:00,-0.8378929009940381,False
2021-11-10 18:20:00,-1.0553288829976328,False
2021-11-10 18:30:00,-1.0486609546372252,False
2021-11-10 18:40:00,-0.8526990707727096,False
2021-11-10 18:50:00,-0.9944318198426252,False
2021-11-10 19:00:00,-1.0097406936752713,False
2021-11-10 19:10:00,-0.9583398824439886,False
2021-11-10 19:20:00,-1.0172272910232154,False
2021-11-10 19:30:00,-1.1769693865494626,False
2021-11-10 19:40:00,-0.9434610177080238,False
2021-11-10 19:50:00,-1.031164130406348,False
2021-11-10 20:00:00,-0.9744090242059358,False
2021-11-10 20:10:00,-0.936361520638471,False
2021-11-10 20:20:00,-0.9629605558329691,False
2021-11-10 20:30:00,-1.1822922373198177,False
2021-11-10 20:40:00,-1.0390321563654996,False
2021-11-10 20:50:00,-1.0657695744867284,False
2021-11-10 21:00:00,-1.0711405490455705,False
2021-11-10 21:10:00,-1.0692011101145824,False
2021-11-10 21:20:00,-1.1551132128993644,False
2021-11-10 21:30:00,-1.0984203735786857,False
2021-11-10 21:40:00,-0.893214127910851,False
2021-11-10 21:50:00,-1.1917590674042629,False
2021-11-10 22:00:00,-1.082379030170136,False
2021-11-10 22:10:00,-0.8280252645280408,False
2021-11-10 22:20:00,-1.1499105528664584,False
2021-11-10 22:30:00,-0.9477283499616003,False
2021-11-10 22:40:00,-0.9321437371087815,False
2021-11-10 22:50:00,-1.1372067997211477,False
2021-11-10 23:00:00,-0.9049857771757965,False
2021-11-10 23:10:00,-0.9737883334808325,False
2021-11-10 23:20:00,-1.095561895340521,False
2021-11-10 23:30:00,-1.094535290660573,False
2021-11-10 23:40:00,-0.9144829729609703,False
2021-11-10 23:50:00,-1.0072848557197744,False
2021-11-11 00:00:00,-0.8687389732697688,False
2021-11-11 00:10:00,-1.1059700002145179,False
2021-11-11 00:20:00,-0.9029305047732685,False
2021-11-11 00:30:00,-1.259649076156072,False
2021-11-11 00:40:00,-1.0934921221512637,False
2021-11-11 00:50:00,-0.8547537727776735,False
2021-11-11 01:00:00,-1.0171073970269595,False
2021-11-11 01:10:00,-1.03864157340063,False
2021-11-11 01:20:00,-1.043060885765971,False
2021-11-11 01:30:00,-0.8962155040443653,False
2021-11-11 01:40:00,-0.7717630028163772,False
2021-11-11 01:50:00,-1.1285354960767189,False
2021-11-11 02:00:00,-0.9572909908282512,False
2021-11-11 02:10:00,-0.9808217052458053,False
2021-11-11 02:20:00,-1.2335807624460593,False
2021-11-11 02:30:00,-1.0865659210693197,False
2021-11-11 02:40:00,-1.042316138661897,False
2021-11-11 02:50:00,-0.9400814596205943,False
2021-11-11 03:00:00,-0.9179923240012329,False
2021-11-11 03:10:00,-1.0857819857651538,False
2021-11-11 03:20:00,-0.9530118915877933,False
2021-11-11 03:30:00,-0.8773735500504026,False
2021-11-11 03:40:00,-1.0301900246095181,False
2021-11-11 03:50:00,,False
2021-11-11 04:00:00,-0.8942167942108726,False
2021-11-11 04:10:00,-1.0748599537934438,False
2021-11-11 04:20:00,-0.9348237483321672,False
2021-11-11 04:30:00,-0.9457164105799641,False
2021-11-11 04:40:00,-0.8388821698825977,False
2021-11-11 04:50:00,-1.1416929987501039,False
2021-11-11 05:00:00,-0.9496645037510968,False
2021-11-11 05:10:00,-0.8601014466898084,False
2021-11-11 05:20:00,-1.104194788574633,False
2021-11-11 05:30:00,-0.9732661124932331,False
2021-11-11 05:40:00,-0.9782022785412693,False
2021-11-11 05:50:00,-0.9901232517334333,False
2021-11-11 06:00:00,-1.032476058258514,False
2021-11-11 06:10:00,,False
2021-11-11 06:20:00,-1.0552621937994637,False
2021-11-11 06:30:00,-1.1099863868460453,False
2021-11-11 06:40:00,-1.016879951365726,False
2021-11-11 06:50:00,-0.8536573310928369,False
2021-11-11 07:00:00,-1.0444501702649793,False
2021-11-11 07:10:00,-1.025791650902394,False
2021-11-11 07:20:00,-0.9873222444912436,False
2021-11-11 07:30:00,-1.074767999190511,False
2021-11-11 07:40:00,-1.2328113594827297,False
2021-11-11 07:50:00,,False
2021-11-11 08:00:00,-1.0229432399883285,False
2021-11-11 08:10:00,,False
2021-11-11 08:20:00,-0.962021902760354,False
2021-11-11 08:30:00,-0.9286058577416784,False
2021-11-11 08:40:00,-0.9992941500488406,False
2021-11-11 08:50:00,-1.1552703049397313,False
2021-11-11 09:00:00,-0.774385343822135,False
2021-11-11 09:10:00,-0.9069014591204728,False
2021-11-11 09:20:00,,False
2021-11-11 09:30:00,-1.0297096777121526,False
2021-11-11 09:40:00,,False
2021-11-11 09:50:00,-1.0142405816394748,False
2021-11-11 10:00:00,-1.0692040559048628,False
2021-11-11 10:10:00,-0.9727004516724198,False
2021-11-11 10:20:00,-1.1025540855375673,False
2021-11-11 10:30:00,-0.9971507666450955,False
2021-11-11 10:40:00,-0.9032910678309763,False
2021-11-11 10:50:00,-1.090687966173952,False
2021-11-11 11:00:00,-1.0268272616313558,False
2021-11-11 11:10:00,-1.1436953538902253,False
2021-11-11 11:20:00,-1.0608619780344033,False
2021-11-11 11:30:00,-1.1529191153571048,False
2021-11-11 11:40:00,-0.7909047885366938,False
2021-11-11 11:50:00,-0.9396692861585847,False
2021-11-11 12:00:00,-1.0296704615939092,False
2021-11-11 12:10:00,-1.0128411239705801,False
2021-11-11 12:20:00,-1.0361857920430102,False
2021-11-11 12:30:00,-0.9780304703872429,False
2021-11-11 12:40:00,-1.00235791334582,False
2021-11-11 12:50:00,,False
2021-11-11 13:00:00,-0.9157809751216216,False
2021-11-11 13:10:00,-0.9796430090530313,False
2021-11-11 13:20:00,-0.9786312137858804,False
2021-11-11 13:30:00,-1.0430425171743727,False
2021-11-11 13:40:00,-0.9241015030935423,False
2021-11-11 13:50:00,-1.049017443447217,False
2021-11-11 14:00:00,-1.1137437833374766,False
2021-11-11 14:10:00,-1.0285793549908908,False
2021-11-11 14:20:00,-1.0369159090934128,False
2021-11-11 14:30:00,-1.0077881717494916,False
2021-11-11 14:40:00,-1.0963890531348062,False
2021-11-11 14:50:00,-0.9525486889646317,False
2021-11-11 15:00:00,-0.9252376430973197,False
2021-11-11 15:10:00,-1.0424977200017058,False
2021-11-11 15:20:00,-0.9962418292303223,False
2021-11-11 15:30:00,-0.754629580703737,False
2021-11-11 15:40:00,-0.987115580338412,False
2021-11-11 15:50:00,-1.1017981827171583,False
2021-11-11 16:00:00,-1.0512361497281764,False
2021-11-11 16:10:00,-1.0469184887714431,False
2021-11-11 16:20:00,-1.0966566669015831,False
2021-11-11 16:30:00,-0.9724750332881121,False
2021-11-11 16:40:00,-1.0022714035018583,False
2021-11-11 16:50:00,-0.9128122113782234,False
2021-11-11 17:00:00,-0.8824883887338089,False
2021-11-11 17:10:00,-0.9625909364608457,False
2021-11-11 17:20:00,-1.0512410478589942,False
2021-11-11 17:30:00,-1.144794812352322,False
2021-11-11 17:40:00,-1.1044563505010938,False
2021-11-11 17:50:00,-1.1057004156390322,False
2021-11-11 18:00:00,-0.9928782877042297,False
2021-11-11 18:10:00,-0.8973895308523663,False
2021-11-11 18:20:00,-1.0960612760146005,False
2021-11-11 18:30:00,-0.7647208241660277,False
2021-11-11 18:40:00,-1.0938831363987855,False
2021-11-11 18:50:00,-0.8946983292034812,False
2021-11-11 19:00:00,-1.067534096572188,False
2021-11-11 19:10:00,-0.915980519049346,False
2021-11-11 19:20:00,-0.9662833002135867,False
2021-11-11 19:30:00,-1.0095439187411084,False
2021-11-11 19:40:00,-0.971554898016415,False
2021-11-11 19:50:00,-0.9277294491527424,False
2021-11-11 20:00:00,-0.9930397556507388,False
2021-11-11 20:10:00,-0.8877088697841297,False
2021-11-11 20:20:00,-0.8971057121887451,False
2021-11-11 20:30:00,,False
2021-11-11 20:40:00,-1.2203299507123349,False
2021-11-11 20:50:00,-0.8283285272412729,False
2021-11-11 21:00:00,-1.0834203197871144,False
2021-11-11 21:10:00,-0.8632624280689458,False
2021-11-11 21:20:00,-0.9211306129439027,False
2021-11-11 21:30:00,-0.8987188772498128,False
2021-11-11 21:40:00,-0.90845624593899,False
2021-11-11 21:50:00,-0.909880070300348,False
2021-11-11 22:00:00,-0.9771162461339585,False
2021-11-11 22:10:00,-1.0108633107655502,False
2021-11-11 22:20:00,-0.7209193261800135,False
2021-11-11 22:30:00,-1.0452454194881287,False
2021-11-11 22:40:00,-0.9278038285545471,False
2021-11-11 22:50:00,-1.2214062366534386,False
2021-11-11 23:00:00,-0.8715134749255391,False
2021-11-11 23:10:00,-1.190205236594529,False
2021-11-11 23:20:00,-0.864341330491123,False
2021-11-11 23:30:00,-0.9693272055392089,False
2021-11-11 23:40:00,-0.9851174644825361,False
2021-11-11 23:50:00,-1.0279181577954533,False
2021-11-12 00:00:00,-1.009009705578366,False
2021-11-12 00:10:00,,False
2021-11-12 00:20:00,-0.9888708867168245,False
2021-11-12 00:30:00,-1.0468398225437403,False
2021-11-12 00:40:00,-0.9446014559640115,False
2021-11-12 00:50:00,-1.030593272625521,False
2021-11-12 01:00:00,-1.1445344126157795,False
2021-11-12 01:10:00,-0.8247161095011932,False
2021-11-12 01:20:00,-0.871721798676609,False
2021-11-12 01:30:00,-0.998238472284001,False
2021-11-12 01:40:00,-0.9917680464915337,False
2021-11-12 01:50:00,-0.9589200598226824,False
2021-11-12 02:00:00,-1.1209987155569539,False
2021-11-12 02:10:00,-1.0635195912112716,False
2021-11-12 02:20:00,,False
2021-11-12 02:30:00,,False
2021-11-12 02:40:00,-0.8703595429408051,False
2021-11-12 02:50:00,-0.8198893291158721,False
2021-11-12 03:00:00,-1.153803458790882,False
2021-11-12 03:10:00,-1.0631065222535352,False
2021-11-12 03:20:00,-0.9488092213230485,False
2021-11-12 03:30:00,-0.8653980553763101,False
2021-11-12 03:40:00,-1.043664936999517,False
2021-11-12 03:50:00,-1.0099634361169092,False
2021-11-12 04:00:00,,False
2021-11-12 04:10:00,-1.087150361735286,False
2021-11-12 04:20:00,-1.3049445774589115,False
2021-11-12 04:30:00,-1.0985396750514784,False
2021-11-12 04:40:00,-1.0393303074838693,False
2021-11-12 04:50:00,-0.857376119447895,False
2021-11-12 05:00:00,-0.9359467569321223,False
2021-11-12 05:10:00,-1.0986570949968613,False
2021-11-12 05:20:00,-0.9519201625745527,False
2021-11-12 05:30:00,-0.8719386286927132,False
2021-11-12 05:40:00,-0.9428758673351942,False
2021-11-12 05:50:00,-1.172340594391831,False
2021-11-12 06:00:00,-0.9562308620852824,False
2021-11-12 06:10:00,-0.7963740278140452,False
2021-11-12 06:20:00,-0.8386819713283653,False
2021-11-12 06:30:00,-0.8699963352236089,False
2021-11-12 06:40:00,-1.1149092947799697,False
2021-11-12 06:50:00,-1.0432914174362553,False
2021-11-12 07:00:00,-0.9300055171791792,False
2021-11-12 07:10:00,-1.0108288885246635,False
2021-11-12 07:20:00,-0.921482051539521,False
2021-11-12 07:30:00,-1.1852377754190007,False
2021-11-12 07:40:00,-1.03475062953242,False
2021-11-12 07:50:00,,False
2021-11-12 08:00:00,-0.7405668594860839,False
2021-11-12 08:10:00,-0.8492596469343727,False
2021-11-12 08:20:00,-0.981598210368951,False
2021-11-12 08:30:00,,False
2021-11-12 08:40:00,-1.1048256827000706,False
2021-11-12 08:50:00,-1.1046093207309224,False
2021-11-12 09:00:00,-0.9106448777710223,False
2021-11-12 09:10:00,-0.8819570886502588,False
2021-11-12 09:20:00,-0.9100456662528784,False
2021-11-12 09:30:00,-0.8789298019089514,False
2021-11-12 09:40:00,-1.058571927460424,False
2021-11-12 09:50:00,-1.0841782007763763,False
2021-11-12 10:00:00,-0.9511102734021035,False
2021-11-12 10:10:00,-1.1435329081013974,False
2021-11-12 10:20:00,-0.9961365403499183,False
2021-11-12 10:30:00,-0.9844936439320096,False
2021-11-12 10:40:00,,False
2021-11-12 10:50:00,-1.0736763687673905,False
2021-11-12 11:00:00,-1.1689173272210829,False
2021-11-12 11:10:00,-1.1278289130201604,False
2021-11-12 11:20:00,-1.0027318194290975,False
2021-11-12 11:30:00,-1.133783959384241,False
2021-11-12 11:40:00,-1.0891075065093176,False
2021-11-12 11:50:00,-0.8933289502524504,False
2021-11-12 12:00:00,-0.8674328856305271,False
2021-11-12 12:10:00,-1.1727115805490969,False
2021-11-12 12:20:00,-1.1053317144040218,False
2021-11-12 12:30:00,-1.0686168538581395,False
2021-11-12 12:40:00,-1.0557643089455406,False
2021-11-12 12:50:00,-1.2362621472631172,False
2021-11-12 13:00:00,-1.0681542968306799,False
2021-11-12 13:10:00,-1.1513629508286,False
2021-11-12 13:20:00,-0.919246822051227,False
2021-11-12 13:30:00,-0.891188946785643,False
2021-11-12 13:40:00,-1.0098579267056815,False
2021-11-12 13:50:00,-0.9689429191115652,False
2021-11-12 14:00:00,-0.8713504784314058,False
2021-11-12 14:10:00,-1.185863562959576,False
2021-11-12 14:20:00,-0.9469690348185862,False
2021-11-12 14:30:00,-0.930091126952895,False
2021-11-12 14:40:00,-1.0416150831391628,False
2021-11-12 14:50:00,-1.0121878553030534,False
2021-11-12 15:00:00,-1.0511717669647043,False
2021-11-12 15:10:00,-0.9979358533521602,False
2021-11-12 15:20:00,-1.0125768464738645,False
2021-11-12 15:30:00,-0.921043712232493,False
2021-11-12 15:40:00,-0.880177970373591,False
2021-11-12 15:50:00,-0.8497029119394103,False
2021-11-12 16:00:00,-1.076272308406574,False
2021-11-12 16:10:00,-0.8929498014735725,False
2021-11-12 16:20:00,-1.0265323075406958,False
2021-11-12 16:30:00,-0.9455530871359052,False
2021-11-12 16:40:00,-0.9200390292780934,False
2021-11-12 16:50:00,-1.0565529576355337,False
2021-11-12 17:00:00,-1.012731430089096,False
2021-11-12 17:10:00,-0.9336884905100369,False
2021-11-12 17:20:00,-0.9954492969280494,False
2021-11-12 17:30:00,-1.0842087671310097,False
2021-11-12 17:40:00,-0.8878408372341688,False
2021-11-12 17:50:00,-0.9731864988746932,False
2021-11-12 18:00:00,-1.0918865078877258,False
2021-11-12 18:10:00,-1.0898488962177773,False
2021-11-12 18:20:00,-1.098212108586275,False
2021-11-12 18:30:00,-0.7940640623019396,False
2021-11-12 18:40:00,-1.0070192756865666,False
2021-11-12 18:50:00,-1.088923234846764,False
2021-11-12 19:00:00,-0.9896991592912551,False
2021-11-12 19:10:00,-0.9565328258800574,False
2021-11-12 19:20:00,-0.8963212782941512,False
2021-11-12 19:30:00,-0.9368509225597328,False
2021-11-12 19:40:00,-0.9958892930815336,False
2021-11-12 19:50:00,-0.9454054816720138,False
2021-11-12 20:00:00,-0.930947087453056,False
2021-11-12 20:10:00,-1.2278450745898035,False
2021-11-12 20:20:00,-1.0409360138178754,False
2021-11-12 20:30:00,-0.9529402300594215,False
2021-11-12 20:40:00,-0.7716242478565931,False
2021-11-12 20:50:00,-0.9588924005170313,False
2021-11-12 21:00:00,-1.1144465686459017,False
2021-11-12 21:10:00,-1.0850655478414444,False
2021-11-12 21:20:00,-0.9992361411977845,False
2021-11-12 21:30:00,-1.0694748496001767,False
2021-11-12 21:40:00,-1.0412200490946122,False
2021-11-12 21:50:00,-0.8140124724904374,False
2021-11-12 22:00:00,-0.9642723983162959,False
2021-11-12 22:10:00,-0.9305459859043064,False
2021-11-12 22:20:00,-0.955578185606023,False
2021-11-12 22:30:00,-1.0347597398102226,False
2021-11-12 22:40:00,-0.956238832994522,False
2021-11-12 22:50:00,-1.0315513189983192,False
2021-11-12 23:00:00,,False
2021-11-12 23:10:00,-0.80918505033452,False
2021-11-12 23:20:00,-1.0286345714171232,False
2021-11-12 23:30:00,-1.0668284329860067,False
2021-11-12 23:40:00,-0.8465955788125666,False
2021-11-12 23:50:00,-0.8147070506875631,False
2021-11-13 00:00:00,-0.9241886519168142,False
2021-11-13 00:10:00,-0.8482284701908992,False
2021-11-13 00:20:00,-0.989995168844043,False
2021-11-13 00:30:00,-0.9803845762766451,False
2021-11-13 00:40:00,-1.0821751307128813,False
2021-11-13 00:50:00,-0.9518451825844263,False
2021-11-13 01:00:00,-1.1387404349660386,False
2021-11-13 01:10:00,-1.0401894241911045,False
2021-11-13 01:20:00,-0.9142309748292685,False
2021-11-13 01:30:00,-0.8635583516493432,False
2021-11-13 01:40:00,-1.0786213544223013,False
2021-11-13 01:50:00,-1.0045254240561687,False
2021-11-13 02:00:00,-0.9484660565412634,False
2021-11-13 02:10:00,-0.9148195216751045,False
2021-11-13 02:20:00,-0.7285269931820221,False
2021-11-13 02:30:00,-1.0495685971542663,False
2021-11-13 02:40:00,-0.9140779690299634,False
2021-11-13 02:50:00,-1.0919128336433108,False
2021-11-13 03:00:00,-1.113708838210155,False
2021-11-13 03:10:00,-0.8986210299812606,False
2021-11-13 03:20:00,-0.8901480161076412,False
2021-11-13 03:30:00,-1.1922417518906054,False
2021-11-13 03:40:00,-1.0357727573843953,False
2021-11-13 03:50:00,-1.0275745913783152,False
2021-11-13 04:00:00,-0.9593870818662193,False
2021-11-13 04:10:00,-1.0837025814574972,False
2021-11-13 04:20:00,-0.9276695008283986,False
2021-11-13 04:30:00,-0.9507692729080481,False
2021-11-13 04:40:00,-0.9711475978097109,False
2021-11-13 04:50:00,-0.923085088925039,False
2021-11-13 05:00:00,-0.904288436147779,False
2021-11-13 05:10:00,-0.9992287975106595,False
2021-11-13 05:20:00,-0.9681139777353241,False
2021-11-13 05:30:00,,False
2021-11-13 05:40:00,-0.8758491576180255,False
2021-11-13 05:50:00,-1.1452163233662123,False
2021-11-13 06:00:00,-0.8721704270338646,False
2021-11-13 06:10:00,-1.0745303051888158,False
2021-11-13 06:20:00,-1.0863010178896833,False
2021-11-13 06:30:00,-0.86294455860303,False
2021-11-13 06:40:00,-1.106728815369156,False
2021-11-13 06:50:00,-1.0652821303635265,False
2021-11-13 07:00:00,-0.970656467808444,False
2021-11-13 07:10:00,-0.9596058727961645,False
2021-11-13 07:20:00,-0.9965610775983863,False
2021-11-13 07:30:00,-1.2307270564250965,False
2021-11-13 07:40:00,-1.0790284212460384,False
2021-11-13 07:50:00,,False
2021-11-13 08:00:00,-1.0207729863560764,False
2021-11-13 08:10:00,-0.9623496538908006,False
2021-11-13 08:20:00,-0.96704608761562,False
2021-11-13 08:30:00,,False
2021-11-13 08:40:00,-0.9335983214206299,False
2021-11-13 08:50:00,-1.0554572643266957,False
2021-11-13 09:00:00,-0.8423944555113168,False
2021-11-13 09:10:00,-0.9379626310733,False
2021-11-13 09:20:00,-1.0089976825784752,False
2021-11-13 09:30:00,-0.9225188249263727,False
2021-11-13 09:40:00,-1.0710017361693345,False
2021-11-13 09:50:00,-1.0217608252185297,False
2021-11-13 10:00:00,,False
2021-11-13 10:10:00,-0.8662529310853416,False
2021-11-13 10:20:00,-1.0914709027799354,False
2021-11-13 10:30:00,-0.9818015543414177,False
2021-11-13 10:40:00,-1.00421010816891,False
2021-11-13 10:50:00,-0.9088906704619375,False
2021-11-13 11:00:00,-0.9572569589731514,False
2021-11-13 11:10:00,-0.8282273973870671,False
2021-11-13 11:20:00,-1.0471495983040096,False
2021-11-13 11:30:00,-1.1478013476339453,False
2021-11-13 11:40:00,-1.1036539716714946,False
2021-11-13 11:50:00,-0.7850920380564238,False
2021-11-13 12:00:00,-1.0214770003015363,False
2021-11-13 12:10:00,-0.8692375500339613,False
2021-11-13 12:20:00,-0.8966733404432812,False
2021-11-13 12:30:00,-0.9758709971846272,False
2021-11-13 12:40:00,-1.168172176714847,False
2021-11-13 12:50:00,-1.033376429875699,False
2021-11-13 13:00:00,-0.855574364044299,False
2021-11-13 13:10:00,-0.9847660409223014,False
2021-11-13 13:20:00,-1.1252220787468339,False
2021-11-13 13:30:00,-1.1329489099511936,False
2021-11-13 13:40:00,-1.1590535138728573,False
2021-11-13 13:50:00,-0.8663548277852171,False
2021-11-13 14:00:00,-1.0425659858613447,False
2021-11-13 14:10:00,-0.9932560270432497,False
2021-11-13 14:20:00,-1.1408645781563038,False
2021-11-13 14:30:00,-1.0801408504657828,False
2021-11-13 14:40:00,-1.0870885641114527,False
2021-11-13 14:50:00,-1.1656502856297146,False
2021-11-13 15:00:00,-0.9816176250315762,False
2021-11-13 15:10:00,-0.9381609167054438,False
2021-11-13 15:20:00,-1.0490041194041835,False
2021-11-13 15:30:00,,False
2021-11-13 15:40:00,-1.056386735825869,False
2021-11-13 15:50:00,-0.9215917884274728,False
2021-11-13 16:00:00,-1.0334753053863783,False
2021-11-13 16:10:00,-1.2273891850438092,False
2021-11-13 16:20:00,-1.0740125562789355,False
2021-11-13 16:30:00,-1.163956461603667,False
2021-11-13 16:40:00,-0.9647137613405279,False
2021-11-13 16:50:00,-1.023680760538972,False
2021-11-13 17:00:00,,False
2021-11-13 17:10:00,-0.927242800760297,False
2021-11-13 17:20:00,-1.0717846070397188,False
2021-11-13 17:30:00,-1.0063766917496313,False
2021-11-13 17:40:00,-1.0782908488619016,False
2021-11-13 17:50:00,-0.9823287700569497,False
2021-11-13 18:00:00,-1.1014661301254651,False
2021-11-13 18:10:00,-0.9877948022427087,False
2021-11-13 18:20:00,-0.9499939363447005,False
2021-11-13 18:30:00,-0.8373396069241975,False
2021-11-13 18:40:00,-1.1127167951740922,False
2021-11-13 18:50:00,,False
2021-11-13 19:00:00,-1.2034013921902225,False
2021-11-13 19:10:00,-0.9566041858110039,False
2021-11-13 19:20:00,-1.0655029717776914,False
2021-11-13 19:30:00,-1.0372424782426675,False
2021-11-13 19:40:00,-1.1425776092844995,False
2021-11-13 19:50:00,-0.8677397837059183,False
2021-11-13 20:00:00,-1.143919361681635,False
2021-11-13 20:10:00,-1.066185057967667,False
2021-11-13 20:20:00,,False
2021-11-13 20:30:00,,False
2021-11-13 20:40:00,-1.01789880869095,False
2021-11-13 20:50:00,-1.0248371303789938,False
2021-11-13 21:00:00,-1.0380209338017716,False
2021-11-13 21:10:00,-1.0169504627571893,False
2021-11-13 21:20:00,-1.2371726926592712,False
2021-11-13 21:30:00,-0.9666408721149597,False
2021-11-13 21:40:00,-0.8760709105304557,False
2021-11-13 21:50:00,-1.0017953356004206,False
2021-11-13 22:00:00,-1.0643536786081347,False
2021-11-13 22:10:00,-0.9718795340800166,False
2021-11-13 22:20:00,-0.9405863835848856,False
2021-11-13 22:30:00,-1.0967679234807748,False
2021-11-13 22:40:00,-1.0374257263280076,False
2021-11-13 22:50:00,-0.9954548165650904,False
2021-11-13 23:00:00,-1.0093109150265422,False
2021-11-13 23:10:00,-0.969922064823238,False
2021-11-13 23:20:00,-1.0838467373747886,False
2021-11-13 23:30:00,-1.0933774558642821,False
2021-11-13 23:40:00,-1.0426998997764132,False
2021-11-13 23:50:00,-1.0935980636834008,False
2021-11-14 00:00:00,-0.9614977698614268,False
2021-11-14 00:10:00,-0.9971156911254438,False
2021-11-14 00:20:00,-1.0425613400177876,False
2021-11-14 00:30:00,-0.8590875619392262,False
2021-11-14 00:40:00,-0.9203478792745936,False
2021-11-14 00:50:00,-0.9461107852594128,False
2021-11-14 01:00:00,-1.1246278563623957,False
2021-11-14 01:10:00,-0.8990054558499825,False
2021-11-14 01:20:00,-1.0301572259040117,False
2021-11-14 01:30:00,-0.7980639118197013,False
2021-11-14 01:40:00,-1.0100811218180363,False
2021-11-14 01:50:00,-1.018058062947011,False
2021-11-14 02:00:00,-0.7946438147010917,False
2021-11-14 02:10:00,-1.1298386892201624,False
2021-11-14 02:20:00,-0.9947211513968917,False
2021-11-14 02:30:00,-0.9336688229387914,False
2021-11-14 02:40:00,-0.7915836109769061,False
2021-11-14 02:50:00,-0.9570426290691629,False
2021-11-14 03:00:00,,False
2021-11-14 03:10:00,-1.1267139675947018,False
2021-11-14 03:20:00,-0.8058301015371944,False
2021-11-14 03:30:00,-0.8080422711181725,False
2021-11-14 03:40:00,-1.068388524233608,False
2021-11-14 03:50:00,-0.9940028754638223,False
2021-11-14 04:00:00,,False
2021-11-14 04:10:00,-1.0699813666078766,False
2021-11-14 04:20:00,-0.841079010953439,False
2021-11-14 04:30:00,,False
2021-11-14 04:40:00,-1.2331164452504215,False
2021-11-14 04:50:00,-1.0869954953295966,False
2021-11-14 05:00:00,-0.9738455439706861,False
2021-11-14 05:10:00,-1.2021154110732422,False
2021-11-14 05:20:00,-0.9201601920645279,False
2021-11-14 05:30:00,-1.0005987795148545,False
2021-11-14 05:40:00,-1.1489185395103236,False
2021-11-14 05:50:00,-1.012700792380156,False
2021-11-14 06:00:00,-1.1753324165163845,False
2021-11-14 06:10:00,-0.9899967109520419,False
2021-11-14 06:20:00,-0.9142890694621287,False
2021-11-14 06:30:00,-0.9237729176129884,False
2021-11-14 06:40:00,-0.8961510915022323,False
2021-11-14 06:50:00,-0.7938191884800863,False
2021-11-14 07:00:00,-1.0984780555685283,False
2021-11-14 07:10:00,-0.9141160880523488,False
2021-11-14 07:20:00,-1.1725789776243458,False
2021-11-14 07:30:00,-0.9713085127954936,False
2021-11-14 07:40:00,-1.0627165691655271,False
2021-11-14 07:50:00,-0.9791694683194785,False
2021-11-14 08:00:00,-1.0048437309895515,False
2021-11-14 08:10:00,-0.9778174785885347,False
2021-11-14 08:20:00,-1.0373587297506646,False
2021-11-14 08:30:00,-0.9264330955154131,False
2021-11-14 08:40:00,-0.8523455684337355,False
2021-11-14 08:50:00,-1.040217912102682,False
2021-11-14 09:00:00,-1.0048617772445794,False
2021-11-14 09:10:00,-0.8981415550625589,False
2021-11-14 09:20:00,-0.9129000706157675,False
2021-11-14 09:30:00,-0.9706301336663812,False
2021-11-14 09:40:00,-1.0408929192835294,False
2021-11-14 09:50:00,-0.9418803011543934,False
2021-11-14 10:00:00,-1.1421807030050395,False
2021-11-14 10:10:00,-1.1155325609586437,False
2021-11-14 10:20:00,-1.1495437387699816,False
2021-11-14 10:30:00,-1.0948917111825078,False
2021-11-14 10:40:00,-1.10850800139906,False
2021-11-14 10:50:00,-0.8299041808052103,False
2021-11-14 11:00:00,-1.1902809368072604,False
2021-11-14 11:10:00,-0.9292718497834132,False
2021-11-14 11:20:00,-0.8553468580409159,False
2021-11-14 11:30:00,-1.15568440173816,False
2021-11-14 11:40:00,-1.0345217516141285,False
2021-11-14 11:50:00,-0.8043513304851712,False
2021-11-14 12:00:00,-0.8596353974340991,False
2021-11-14 12:10:00,-1.2219434313758355,False
2021-11-14 12:20:00,,False
2021-11-14 12:30:00,-1.1810390961676964,False
2021-11-14 12:40:00,-0.9083419229916645,False
2021-11-14 12:50:00,-0.9342191353196468,False
2021-11-14 13:00:00,-1.0068026609980778,False
2021-11-14 13:10:00,-0.943542694766636,False
2021-11-14 13:20:00,-0.9853239891708808,False
2021-11-14 13:30:00,-0.8732856413966594,False
2021-11-14 13:40:00,,False
2021-11-14 13:50:00,-0.933432667887591,False
2021-11-14 14:00:00,-0.8952117756455223,False
2021-11-14 14:10:00,-0.9296363410865542,False
2021-11-14 14:20:00,-1.074106369657983,False
2021-11-14 14:30:00,-1.137346257904833,False
2021-11-14 14:40:00,-0.9084965251422044,False
2021-11-14 14:50:00,-0.9051284182062325,False
2021-11-14 15:00:00,-1.136018099777853,False
2021-11-14 15:10:00,-1.1055852656430778,False
2021-11-14 15:20:00,-1.0628293144017376,False
2021-11-14 15:30:00,-0.9389448106453603,False
2021-11-14 15:40:00,-1.281683260568844,False
2021-11-14 15:50:00,,False
2021-11-14 16:00:00,-0.8721129870266044,False
2021-11-14 16:10:00,,False
2021-11-14 16:20:00,-1.006375287595298,False
2021-11-14 16:30:00,-0.8334826735659039,False
2021-11-14 16:40:00,-1.0127605715397197,False
2021-11-14 16:50:00,-0.921882531260209,False
2021-11-14 17:00:00,-1.133013399642355,False
2021-11-14 17:10:00,-0.9543518278915404,False
2021-11-14 17:20:00,-1.1841636524391184,False
2021-11-14 17:30:00,,False
2021-11-14 17:40:00,-0.8900206045585156,False
2021-11-14 17:50:00,-1.0369313552618813,False
2021-11-14 18:00:00,-0.9121242325536424,False
2021-11-14 18:10:00,-0.9305108729874283,False
2021-11-14 18:20:00,-1.010941907520881,False
2021-11-14 18:30:00,-0.9350158991787201,False
2021-11-14 18:40:00,-0.9735661113026441,False
2021-11-14 18:50:00,-1.071630387201941,False
2021-11-14 19:00:00,-0.8809054620936486,False
2021-11-14 19:10:00,-1.0773519257145012,False
2021-11-14 19:20:00,-1.1863122849451977,False
2021-11-14 19:30:00,-1.0338465107685828,False
2021-11-14 19:40:00,-1.0399779897128723,False
2021-11-14 19:50:00,-1.0462476648532695,False
2021-11-14 20:00:00,-0.9880600196939845,False
2021-11-14 20:10:00,-1.007554516481083,False
2021-11-14 20:20:00,-0.8341660566728073,False
2021-11-14 20:30:00,-1.0126605033533558,False
2021-11-14 20:40:00,-1.1576086188799322,False
2021-11-14 20:50:00,-0.8020087889232052,False
2021-11-14 21:00:00,-0.9324967741243545,False
2021-11-14 21:10:00,-1.174642539686856,False
2021-11-14 21:20:00,-1.00710611768312,False
2021-11-14 21:30:00,-0.6530644146936009,False
2021-11-14 21:40:00,-1.0188863905779983,False
2021-11-14 21:50:00,-0.90500258226599,False
2021-11-14 22:00:00,-1.1179259767329157,False
2021-11-14 22:10:00,-1.106719197017424,False
2021-11-14 22:20:00,-0.8289450997294522,False
2021-11-14 22:30:00,-0.8951616065831414,False
2021-11-14 22:40:00,-1.192579370865252,False
2021-11-14 22:50:00,-1.0577339568324398,False
2021-11-14 23:00:00,-1.0069439940967992,False
2021-11-14 23:10:00,,False
2021-11-14 23:20:00,-0.9311861031712114,False
2021-11-14 23:30:00,-1.0447599790148077,False
2021-11-14 23:40:00,-1.1912331779302014,False
2021-11-14 23:50:00,-0.9529322258614707,False
2021-11-15 00:00:00,-0.9469326243123238,False
2021-11-15 00:10:00,-1.0505296254027752,False
2021-11-15 00:20:00,-0.8946939668377517,False
2021-11-15 00:30:00,-0.9919372742969826,False
2021-11-15 00:40:00,-1.05761862000344,False
2021-11-15 00:50:00,,False
2021-11-15 01:00:00,-1.1705549018980568,False
2021-11-15 01:10:00,-0.9074936266715655,False
2021-11-15 01:20:00,-0.965381017396608,False
2021-11-15 01:30:00,-0.9447170293061584,False
2021-11-15 01:40:00,-0.9046263587801451,False
2021-11-15 01:50:00,-0.9390393719326533,False
2021-11-15 02:00:00,-0.8460862513342494,False
2021-11-15 02:10:00,-0.8116235434692681,False
2021-11-15 02:20:00,-0.9813640032827999,False
2021-11-15 02:30:00,,False
2021-11-15 02:40:00,-1.0626357953982934,False
2021-11-15 02:50:00,-1.0960374876727252,False
2021-11-15 03:00:00,,False
2021-11-15 03:10:00,-0.9592686984217351,False
2021-11-15 03:20:00,-0.868467496650705,False
2021-11-15 03:30:00,-0.8174528606928435,False
2021-11-15 03:40:00,-0.8805608927875318,False
2021-11-15 03:50:00,-0.9588860501307772,False
2021-11-15 04:00:00,-1.0066770206378548,False
2021-11-15 04:10:00,-0.9866915921956012,False
2021-11-15 04:20:00,-1.0613271660298569,False
2021-11-15 04:30:00,-0.9641716271794577,False
2021-11-15 04:40:00,-1.1311364775000763,False
2021-11-15 04:50:00,-0.9663307871398443,False
2021-11-15 05:00:00,-0.9051736401753543,False
2021-11-15 05:10:00,,False
2021-11-15 05:20:00,-1.3137662390043312,False
2021-11-15 05:30:00,-1.026271357830657,False
2021-11-15 05:40:00,-1.0189282235076826,False
2021-11-15 05:50:00,-0.9837419877496564,False
2021-11-15 06:00:00,-1.039477945920348,False
2021-11-15 06:10:00,-0.8965232002307303,False
2021-11-15 06:20:00,-0.9263267671785621,False
2021-11-15 06:30:00,-1.106169673954313,False
2021-11-15 06:40:00,-1.0269280492798694,False
2021-11-15 06:50:00,-0.8301772199144082,False
2021-11-15 07:00:00,-1.166240555395917,False
2021-11-15 07:10:00,-1.025331531100088,False
2021-11-15 07:20:00,-1.1068791042960118,False
2021-11-15 07:30:00,-1.1254454760947037,False
2021-11-15 07:40:00,-0.937549059111808,False
2021-11-15 07:50:00,-1.231085051907428,False
2021-11-15 08:00:00,-1.0248456518639057,False
2021-11-15 08:10:00,-0.9987924210491274,False
2021-11-15 08:20:00,-1.0785366234953624,False
2021-11-15 08:30:00,-1.003337900210014,False
2021-11-15 08:40:00,-1.0648516690829726,False
2021-11-15 08:50:00,-0.9299668430026193,False
2021-11-15 09:00:00,-0.9428364050372792,False
2021-11-15 09:10:00,-1.0656236306483353,False
2021-11-15 09:20:00,-0.8546078041374128,False
2021-11-15 09:30:00,-1.006633795076607,False
2021-11-15 09:40:00,-1.0992654160523077,False
2021-11-15 09:50:00,,False
2021-11-15 10:00:00,-0.7696980514667506,False
2021-11-15 10:10:00,-1.0060200716846852,False
2021-11-15 10:20:00,-0.8699659063413631,False
2021-11-15 10:30:00,-0.8738944299478768,False
2021-11-15 10:40:00,-0.9962218624136168,False
2021-11-15 10:50:00,-0.8689451496316203,False
2021-11-15 11:00:00,-0.8927630192670617,False
2021-11-15 11:10:00,-0.8881384726107432,False
2021-11-15 11:20:00,-1.0861542211318704,False
2021-11-15 11:30:00,-1.1154309370247224,False
2021-11-15 11:40:00,-1.007400236627068,False
2021-11-15 11:50:00,-0.970374095644081,False
2021-11-15 12:00:00,-1.0240658803139104,False
2021-11-15 12:10:00,-0.8988237731404506,False
2021-11-15 12:20:00,-1.017881950576936,False
2021-11-15 12:30:00,-1.0167474801677296,False
2021-11-15 12:40:00,-0.9283018478235323,False
2021-11-15 12:50:00,-1.1224640858668105,False
2021-11-15 13:00:00,-1.1007238089375346,False
2021-11-15 13:10:00,-0.8910165249753325,False
2021-11-15 13:20:00,-1.1197697559642945,False
2021-11-15 13:30:00,-1.0136760306666632,False
2021-11-15 13:40:00,-1.0595231851417692,False
2021-11-15 13:50:00,-0.9509598088390694,False
2021-11-15 14:00:00,,False
2021-11-15 14:10:00,-1.051999010992889,False
2021-11-15 14:20:00,-1.0747332652889747,False
2021-11-15 14:30:00,-0.9628001907775114,False
2021-11-15 14:40:00,,False
2021-11-15 14:50:00,-0.819231090508646,False
2021-11-15 15:00:00,-0.9736282725373709,False
2021-11-15 15:10:00,,False
2021-11-15 15:20:00,-0.9623091718511791,False
2021-11-15 15:30:00,-1.012858794540634,False
2021-11-15 15:40:00,-1.0172203972275717,False
2021-11-15 15:50:00,-0.914396251483944,False
2021-11-15 16:00:00,-0.8195265090120403,False
2021-11-15 16:10:00,-0.9148250605080246,False
2021-11-15 16:20:00,-0.7665949413203956,False
2021-11-15 16:30:00,-1.1523518984146268,False
2021-11-15 16:40:00,-0.7459997181973405,False
2021-11-15 16:50:00,-1.033855820885184,False
2021-11-15 17:00:00,-0.8544483381523841,False
2021-11-15 17:10:00,-0.8820846164510746,False
2021-11-15 17:20:00,,False
2021-11-15 17:30:00,-1.0290933648512637,False
2021-11-15 17:40:00,-0.8177685828159303,False
2021-11-15 17:50:00,-0.9297467431316647,False
2021-11-15 18:00:00,-1.1299368864434745,False
2021-11-15 18:10:00,-1.000764986079991,False
2021-11-15 18:20:00,-0.9361298232943492,False
2021-11-15 18:30:00,-0.9123733835399034,False
2021-11-15 18:40:00,-0.8794333383981361,False
2021-11-15 18:50:00,-0.9511527420033142,False
2021-11-15 19:00:00,-0.9204433522278171,False
2021-11-15 19:10:00,-1.1116284073718634,False
2021-11-15 19:20:00,-0.8373319396650756,False
2021-11-15 19:30:00,-1.024292838889971,False
2021-11-15 19:40:00,-0.9133859419469859,False
2021-11-15 19:50:00,,False
2021-11-15 20:00:00,-0.9449591928313115,False
2021-11-15 20:10:00,-1.0056769748000651,False
2021-11-15 20:20:00,-1.042333985088559,False
2021-11-15 20:30:00,-0.8536046575954623,False
2021-11-15 20:40:00,-0.9027786657708124,False
2021-11-15 20:50:00,-0.8736158914379617,False
2021-11-15 21:00:00,-0.9606972268081888,False
2021-11-15 21:10:00,-0.9716798011803258,False
2021-11-15 21:20:00,-1.0330914636728177,False
2021-11-15 21:30:00,-0.943985656085194,False
2021-11-15 21:40:00,-0.9362440891840799,False
2021-11-15 21:50:00,-1.0984491748204088,False
2021-11-15 22:00:00,-1.1661556631059535,False
2021-11-15 22:10:00,-0.9223419111758405,False
2021-11-15 22:20:00,-0.9600675226373709,False
2021-11-15 22:30:00,-1.0682300410529995,False
2021-11-15 22:40:00,-1.165762601518501,False
2021-11-15 22:50:00,-0.9750774504815376,False
2021-11-15 23:00:00,-1.082666115259632,False
2021-11-15 23:10:00,-1.0132049890508574,False
2021-11-15 23:20:00,-0.9214116111277408,False
2021-11-15 23:30:00,-0.9954133158644715,False
2021-11-15 23:40:00,-1.0777065537855133,False
2021-11-15 23:50:00,-1.0371833821214882,False
2021-11-16 00:00:00,-1.0113932232216283,False
2021-11-16 00:10:00,-1.2384237986601487,False
2021-11-16 00:20:00,-1.1485715210112264,False
2021-11-16 00:30:00,-1.012525923007955,False
2021-11-16 00:40:00,-1.0829523647361383,False
2021-11-16 00:50:00,-1.0297743366118908,False
2021-11-16 01:00:00,-0.9615968010935523,False
2021-11-16 01:10:00,-0.8740144694586445,False
2021-11-16 01:20:00,-0.9441976002840706,False
2021-11-16 01:30:00,-1.0410478165981594,False
2021-11-16 01:40:00,-1.130392417815258,False
2021-11-16 01:50:00,-0.8817311698926392,False
2021-11-16 02:00:00,-1.0091256039364032,False
2021-11-16 02:10:00,-1.0132267961758095,False
2021-11-16 02:20:00,-1.0157972135974385,False
2021-11-16 02:30:00,-0.8879754530194585,False
2021-11-16 02:40:00,,False
2021-11-16 02:50:00,-1.0110317991571742,False
2021-11-16 03:00:00,-0.9052299537599657,False
2021-11-16 03:10:00,-0.858205185546146,False
2021-11-16 03:20:00,-0.8928513759655037,False
2021-11-16 03:30:00,-1.0108117441034798,False
2021-11-16 03:40:00,-0.9363875444534792,False
2021-11-16 03:50:00,-1.0315467025127172,False
2021-11-16 04:00:00,-1.0890673887167304,False
2021-11-16 04:10:00,-0.8868264500389049,False
2021-11-16 04:20:00,-0.9421239317699506,False
2021-11-16 04:30:00,-1.045194620183781,False
2021-11-16 04:40:00,-0.935952847599873,False
2021-11-16 04:50:00,-0.9042374291364864,False
2021-11-16 05:00:00,-0.9794772933750746,False
2021-11-16 05:10:00,-1.1899861739264763,False
2021-11-16 05:20:00,-1.0251678562218012,False
2021-11-16 05:30:00,-1.1314135565779173,False
2021-11-16 05:40:00,-1.0955575295595787,False
2021-11-16 05:50:00,-0.9893958782682696,False
2021-11-16 06:00:00,-1.136243784769407,False
2021-11-16 06:10:00,-1.1428779793773856,False
2021-11-16 06:20:00,-0.8942828349896496,False
2021-11-16 06:30:00,-1.062441462105179,False
2021-11-16 06:40:00,-1.1512213422117776,False
2021-11-16 06:50:00,,False
2021-11-16 07:00:00,-0.9747735614210145,False
2021-11-16 07:10:00,-0.870945038633021,False
2021-11-16 07:20:00,-0.9796798869501608,False
2021-11-16 07:30:00,-0.9502923005014566,False
2021-11-16 07:40:00,-0.9750898117282792,False
2021-11-16 07:50:00,-1.2826535021035128,False
2021-11-16 08:00:00,-0.8440841634659038,False
2021-11-16 08:10:00,-1.0088101207750453,False
2021-11-16 08:20:00,-1.0173276665375133,False
2021-11-16 08:30:00,-0.7993502708616773,False
2021-11-16 08:40:00,-1.0388976209880543,False
2021-11-16 08:50:00,-1.1832419022354372,False
2021-11-16 09:00:00,-0.9391648239043641,False
2021-11-16 09:10:00,-1.0793109330476343,False
2021-11-16 09:20:00,-0.9745176450251741,False
2021-11-16 09:30:00,-1.0610527571207151,False
2021-11-16 09:40:00,,False
2021-11-16 09:50:00,-1.1436759207247524,False
2021-11-16 10:00:00,-0.9504102094060327,False
2021-11-16 10:10:00,-0.9955139428058314,False
2021-11-16 10:20:00,-0.930660674751464,False
2021-11-16 10:30:00,-0.8902986109111645,False
2021-11-16 10:40:00,-1.0771448807700776,False
2021-11-16 10:50:00,-0.9947837924705385,False
2021-11-16 11:00:00,-1.0048643519807932,False
2021-11-16 11:10:00,-0.9751746914428212,False
2021-11-16 11:20:00,-0.8816081935270136,False
2021-11-16 11:30:00,-0.9658728325538886,False
2021-11-16 11:40:00,-1.1449279008187632,False
2021-11-16 11:50:00,-1.185428118766549,False
2021-11-16 12:00:00,-1.200254900614596,False
2021-11-16 12:10:00,-0.8395070026815254,False
2021-11-16 12:20:00,-1.020315209430809,False
2021-11-16 12:30:00,-0.8742117113036904,False
2021-11-16 12:40:00,-0.9138522366864447,False
2021-11-16 12:50:00,-0.9660500040182127,False
2021-11-16 13:00:00,-0.8332289729162364,False
2021-11-16 13:10:00,-1.212114796517227,False
2021-11-16 13:20:00,-0.9633656024823184,False
2021-11-16 13:30:00,-1.0025258361854479,False
2021-11-16 13:40:00,-1.0838711672745003,False
2021-11-16 13:50:00,-1.1802077572819347,False
2021-11-16 14:00:00,-1.0508749315713468,False
2021-11-16 14:10:00,-0.9852238324539715,False
2021-11-16 14:20:00,-1.0189655598934508,False
2021-11-16 14:30:00,-0.9851422614358022,False
2021-11-16 14:40:00,-1.1189389730983526,False
2021-11-16 14:50:00,-1.0428691532390555,False
2021-11-16 15:00:00,-0.9668614729572838,False
2021-11-16 15:10:00,-0.9954119600923652,False
2021-11-16 15:20:00,-0.9572159761005856,False
2021-11-16 15:30:00,-1.0446518439463117,False
2021-11-16 15:40:00,-1.0133508228862222,False
2021-11-16 15:50:00,-1.1329505561586604,False
2021-11-16 16:00:00,-0.9437858410005838,False
2021-11-16 16:10:00,-0.8910522068159544,False
2021-11-16 16:20:00,-0.8820221668092797,False
2021-11-16 16:30:00,-0.7831034451303277,False
2021-11-16 16:40:00,-1.1119869571304344,False
2021-11-16 16:50:00,-0.9309931330109371,False
2021-11-16 17:00:00,-1.0847503180460922,False
2021-11-16 17:10:00,-0.9352022867930072,False
2021-11-16 17:20:00,-1.0375919924877586,False
2021-11-16 17:30:00,-1.031743971872055,False
2021-11-16 17:40:00,-0.9676991093141981,False
2021-11-16 17:50:00,-0.9207507451623298,False
2021-11-16 18:00:00,-1.0414396346813413,False
2021-11-16 18:10:00,-1.1196750692121817,False
2021-11-16 18:20:00,-0.9071933717692886,False
2021-11-16 18:30:00,-0.8804052124079449,False
2021-11-16 18:40:00,-1.0787915884584376,False
2021-11-16 18:50:00,-1.1045218669811032,False
2021-11-16 19:00:00,,False
2021-11-16 19:10:00,-0.7104069919267653,False
2021-11-16 19:20:00,-0.8957794501500951,False
2021-11-16 19:30:00,-1.0100734080248315,False
2021-11-16 19:40:00,-0.9860986109841982,False
2021-11-16 19:50:00,-0.9096870234051883,False
2021-11-16 20:00:00,-0.9885931833845654,False
2021-11-16 20:10:00,-0.9311693017018177,False
2021-11-16 20:20:00,-1.07715762655496,False
2021-11-16 20:30:00,-1.0290407937671955,False
2021-11-16 20:40:00,-0.9248519175995904,False
2021-11-16 20:50:00,-0.9249989456356089,False
2021-11-16 21:00:00,-0.9576212756601804,False
2021-11-16 21:10:00,-0.9314527528632015,False
2021-11-16 21:20:00,-1.002728777751824,False
2021-11-16 21:30:00,-1.1190455431769903,False
2021-11-16 21:40:00,-0.9955634009540076,False
2021-11-16 21:50:00,-0.8290177694210012,False
2021-11-16 22:00:00,-0.9488599785522734,False
2021-11-16 22:10:00,-1.1866047059732854,False
2021-11-16 22:20:00,-0.982068825580443,False
2021-11-16 22:30:00,-1.0344820294411692,False
2021-11-16 22:40:00,-0.7819730752581977,False
2021-11-16 22:50:00,-0.9285308066666613,False
2021-11-16 23:00:00,-0.9318199434870252,False
2021-11-16 23:10:00,-1.11751965447428,False
2021-11-16 23:20:00,-1.0382323729178624,False
2021-11-16 23:30:00,-0.8149611456174224,False
2021-11-16 23:40:00,-1.0795529807003348,False
2021-11-16 23:50:00,-0.9578335997996258,False
2021-11-17 00:00:00,-1.0079220463437948,False
2021-11-17 00:10:00,-0.9590335942814048,False
2021-11-17 00:20:00,-0.9491629728023083,False
2021-11-17 00:30:00,-0.89477976710922,False
2021-11-17 00:40:00,,False
2021-11-17 00:50:00,-0.9749140530439135,False
2021-11-17 01:00:00,-0.9641298248662477,False
2021-11-17 01:10:00,-1.0457235701345704,False
2021-11-17 01:20:00,-0.9823721075816204,False
2021-11-17 01:30:00,-1.0915590785156446,False
2021-11-17 01:40:00,-0.820080799483419,False
2021-11-17 01:50:00,-1.0078695863927172,False
2021-11-17 02:00:00,-1.114496755363192,False
2021-11-17 02:10:00,-0.9345591566561715,False
2021-11-17 02:20:00,-0.8126316093885488,False
2021-11-17 02:30:00,-1.055437621785925,False
2021-11-17 02:40:00,-1.1416254577860114,False
2021-11-17 02:50:00,-0.7682255148712434,False
2021-11-17 03:00:00,-0.8610914942403824,False
2021-11-17 03:10:00,-1.0691774779143042,False
2021-11-17 03:20:00,-1.1311360680220428,False
2021-11-17 03:30:00,-0.9461260323300563,False
2021-11-17 03:40:00,-1.1584090290623819,False
2021-11-17 03:50:00,-1.0139421435618279,False
2021-11-17 04:00:00,-0.8022407140990684,False
2021-11-17 04:10:00,-1.0982485137993399,False
2021-11-17 04:20:00,-0.8668159500762493,False
2021-11-17 04:30:00,,False
2021-11-17 04:40:00,-1.010587642143824,False
2021-11-17 04:50:00,-1.1745917910427823,False
2021-11-17 05:00:00,-1.042129239457518,False
2021-11-17 05:10:00,-1.0874652346212135,False
2021-11-17 05:20:00,-0.9557363327315628,False
2021-11-17 05:30:00,,False
2021-11-17 05:40:00,-1.3166146916841652,False
2021-11-17 05:50:00,-0.9876067336925857,False
2021-11-17 06:00:00,-1.0086143474210603,False
2021-11-17 06:10:00,-1.104911186277345,False
2021-11-17 06:20:00,,False
2021-11-17 06:30:00,-0.8777094204016564,False
2021-11-17 06:40:00,-0.9049175799732955,False
2021-11-17 06:50:00,-0.9524515853706017,False
2021-11-17 07:00:00,-1.0476839216263432,False
2021-11-17 07:10:00,-0.9722074447755352,False
2021-11-17 07:20:00,-1.1180800746978439,False
2021-11-17 07:30:00,-1.061865695431294,False
2021-11-17 07:40:00,-1.0869649671900603,False
2021-11-17 07:50:00,-0.9024245731482143,False
2021-11-17 08:00:00,-0.929057444624194,False
2021-11-17 08:10:00,-1.096090658536418,False
2021-11-17 08:20:00,,False
2021-11-17 08:30:00,-0.9040359734814187,False
2021-11-17 08:40:00,-1.0852097937318765,False
2021-11-17 08:50:00,-1.058354613499996,False
2021-11-17 09:00:00,-1.0561536584422204,False
2021-11-17 09:10:00,-0.947859095733445,False
2021-11-17 09:20:00,-1.017804052391948,False
2021-11-17 09:30:00,-0.8578858445029153,False
2021-11-17 09:40:00,-0.9915869965656982,False
2021-11-17 09:50:00,-1.138793606476148,False
2021-11-17 10:00:00,-0.736341324213257,False
2021-11-17 10:10:00,-1.0600958864750911,False
2021-11-17 10:20:00,-1.061806495789539,False
2021-11-17 10:30:00,-1.013900337945983,False
2021-11-17 10:40:00,-1.0726930533722114,False
2021-11-17 10:50:00,-0.8231116666974647,False
2021-11-17 11:00:00,-0.8347221443618186,False
2021-11-17 11:10:00,-1.077642885063896,False
2021-11-17 11:20:00,-1.3136997901697645,False
2021-11-17 11:30:00,-0.9867784591621398,False
2021-11-17 11:40:00,-0.9949252403158912,False
2021-11-17 11:50:00,-1.054910811812321,False
2021-11-17 12:00:00,-1.049888760877925,False
2021-11-17 12:10:00,-1.0870877992596129,False
2021-11-17 12:20:00,-0.9172349010511227,False
2021-11-17 12:30:00,-0.8984566240804641,False
2021-11-17 12:40:00,-0.9029002356441709,False
2021-11-17 12:50:00,,False
2021-11-17 13:00:00,-0.7857014505191795,False
2021-11-17 13:10:00,-0.8319246667572268,False
2021-11-17 13:20:00,-0.922232584251347,False
2021-11-17 13:30:00,-1.1290287061739777,False
2021-11-17 13:40:00,-1.032589300096906,False
2021-11-17 13:50:00,-1.1258597241206771,False
2021-11-17 14:00:00,-1.0993776365125705,False
2021-11-17 14:10:00,-0.9092749134510807,False
2021-11-17 14:20:00,-1.1651949166372533,False
2021-11-17 14:30:00,-0.9348368097877575,False
2021-11-17 14:40:00,-1.071486481518858,False
2021-11-17 14:50:00,-0.9378935123262964,False
2021-11-17 15:00:00,-1.1007358148980007,False
2021-11-17 15:10:00,-1.0323168252209323,False
2021-11-17 15:20:00,-0.8949644924468961,False
2021-11-17 15:30:00,-1.0754328768384047,False
2021-11-17 15:40:00,-1.0836991608036366,False
2021-11-17 15:50:00,-0.7366206796443913,False
2021-11-17 16:00:00,-1.1321585887955707,False
2021-11-17 16:10:00,-0.9977995361182496,False
2021-11-17 16:20:00,-1.0558675425543056,False
2021-11-17 16:30:00,,False
2021-11-17 16:40:00,-1.0075166183904938,False
2021-11-17 16:50:00,-0.8793835954745833,False
2021-11-17 17:00:00,-1.0663093140524205,False
2021-11-17 17:10:00,-0.9049368068487915,False
2021-11-17 17:20:00,-0.9454675062797114,False
2021-11-17 17:30:00,-0.9685255450856659,False
2021-11-17 17:40:00,-0.8093632768239445,False
2021-11-17 17:50:00,-0.8597024258422603,False
2021-11-17 18:00:00,-1.0024686593782584,False
2021-11-17 18:10:00,-1.023609237464858,False
2021-11-17 18:20:00,-0.7764896091393171,False
2021-11-17 18:30:00,-1.1287342374286635,False
2021-11-17 18:40:00,-0.9871053461513797,False
2021-11-17 18:50:00,-1.0740861014320315,False
2021-11-17 19:00:00,-0.9054758559878777,False
2021-11-17 19:10:00,-0.7946581308518245,False
2021-11-17 19:20:00,-0.8931967390944745,False
2021-11-17 19:30:00,-1.1587653166624916,False
2021-11-17 19:40:00,-0.8750700549384487,False
2021-11-17 19:50:00,-1.029349508109062,False
2021-11-17 20:00:00,-0.8974661074618788,False
2021-11-17 20:10:00,-0.8704878708892498,False
2021-11-17 20:20:00,-0.9631777180800344,False
2021-11-17 20:30:00,-1.0981093028143496,False
2021-11-17 20:40:00,-1.0288701897409034,False
2021-11-17 20:50:00,,False
2021-11-17 21:00:00,-1.2366636029570526,False
2021-11-17 21:10:00,-0.9325171306664044,False
2021-11-17 21:20:00,-1.0441703555445911,False
2021-11-17 21:30:00,-1.2109803126346101,False
2021-11-17 21:40:00,-0.8184387901921111,False
2021-11-17 21:50:00,-0.9835865648059139,False
2021-11-17 22:00:00,-1.12095559525285,False
2021-11-17 22:10:00,-1.0760523343445276,False
2021-11-17 22:20:00,-0.9526668948631144,False
2021-11-17 22:30:00,-1.0136507272443558,False
2021-11-17 22:40:00,-0.9615343675752859,False
2021-11-17 22:50:00,-1.129318723469024,False
2021-11-17 23:00:00,-0.9763162660302803,False
2021-11-17 23:10:00,-1.0429354921330125,False
2021-11-17 23:20:00,-1.0856917177670722,False
2021-11-17 23:30:00,-1.1836224422110166,False
2021-11-17 23:40:00,-1.0008469231478636,False
2021-11-17 23:50:00,-0.9756529601832326,False
2021-11-18 00:00:00,-1.0100094930960961,False
2021-11-18 00:10:00,-0.9676007322518998,False
2021-11-18 00:20:00,-1.0032119063260032,False
2021-11-18 00:30:00,-0.9349975501009953,False
2021-11-18 00:40:00,-0.8569941748690464,False
2021-11-18 00:50:00,-0.7739094244829781,False
2021-11-18 01:00:00,-0.9239349553702116,False
2021-11-18 01:10:00,-1.005451424778065,False
2021-11-18 01:20:00,-1.0547510731620333,False
2021-11-18 01:30:00,-1.009095354991282,False
2021-11-18 01:40:00,-1.0111451756758723,False
2021-11-18 01:50:00,-0.9464837395751797,False
2021-11-18 02:00:00,-0.8708847162602816,False
2021-11-18 02:10:00,-0.8172464937130071,False
2021-11-18 02:20:00,-0.8734897319687226,False
2021-11-18 02:30:00,-1.0196227303964402,False
2021-11-18 02:40:00,-1.0400050627639974,False
2021-11-18 02:50:00,-0.9238023799012459,False
2021-11-18 03:00:00,-0.9238521039404964,False
2021-11-18 03:10:00,-0.7943477296721217,False
2021-11-18 03:20:00,-0.9916109560412157,False
2021-11-18 03:30:00,-1.008538101755598,False
2021-11-18 03:40:00,-1.0172556268982063,False
2021-11-18 03:50:00,-1.0655631196734208,False
2021-11-18 04:00:00,-1.0514092704260287,False
2021-11-18 04:10:00,-0.9307363199963272,False
2021-11-18 04:20:00,-1.1349755450278705,False
2021-11-18 04:30:00,-0.8894423063214298,False
2021-11-18 04:40:00,-1.070612228681657,False
2021-11-18 04:50:00,-1.0690498757438907,False
2021-11-18 05:00:00,,False
2021-11-18 05:10:00,-1.0368111718344764,False
2021-11-18 05:20:00,-0.8615647161133796,False
2021-11-18 05:30:00,,False
2021-11-18 05:40:00,-1.21292203578457,False
2021-11-18 05:50:00,-1.0482610607327416,False
2021-11-18 06:00:00,-0.9728033373874402,False
2021-11-18 06:10:00,-1.0351351081905789,False
2021-11-18 06:20:00,-0.9593706746697362,False
2021-11-18 06:30:00,,False
2021-11-18 06:40:00,-0.8599115994759949,False
2021-11-18 06:50:00,-0.9549875845435281,False
2021-11-18 07:00:00,-1.0389779935030214,False
2021-11-18 07:10:00,,False
2021-11-18 07:20:00,-0.9046353990670268,False
2021-11-18 07:30:00,-0.9700885862431406,False
2021-11-18 07:40:00,-1.1151143418445841,False
2021-11-18 07:50:00,-1.0229321706798622,False
2021-11-18 08:00:00,-1.090370852303125,False
2021-11-18 08:10:00,-0.9499414793623429,False
2021-11-18 08:20:00,-0.9992069820893514,False
2021-11-18 08:30:00,-0.8224094913829417,False
2021-11-18 08:40:00,-1.0915293995321973,False
2021-11-18 08:50:00,-1.0475068993818233,False
2021-11-18 09:00:00,-0.8823590772837373,False
2021-11-18 09:10:00,-0.9899480837228449,False
2021-11-18 09:20:00,-0.9791706843947734,False
2021-11-18 09:30:00,-1.1271308608044772,False
2021-11-18 09:40:00,-0.9344724986388464,False
2021-11-18 09:50:00,-1.0327140382585025,False
2021-11-18 10:00:00,-1.0525251924188397,False
2021-11-18 10:10:00,-0.920640100851638,False
2021-11-18 10:20:00,-0.9020165409638976,False
2021-11-18 10:30:00,-0.930626132770174,False
2021-11-18 10:40:00,-1.0626077377686398,False
2021-11-18 10:50:00,-0.9640861130181738,False
2021-11-18 11:00:00,,False
2021-11-18 11:10:00,-1.014995637112674,False
2021-11-18 11:20:00,-0.9763279513331942,False
2021-11-18 11:30:00,-1.0857259743993213,False
2021-11-18 11:40:00,,False
2021-11-18 11:50:00,-1.0676673363401121,False
2021-11-18 12:00:00,-1.1322382216456004,False
2021-11-18 12:10:00,-0.8313790738922615,False
2021-11-18 12:20:00,-0.9383752221453517,False
2021-11-18 12:30:00,-1.3446324125781515,False
2021-11-18 12:40:00,-1.0985384114261116,False
2021-11-18 12:50:00,-0.9459363245805736,False
2021-11-18 13:00:00,-0.9914416263665524,False
2021-11-18 13:10:00,-0.9631807155307076,False
2021-11-18 13:20:00,-1.0113805581403583,False
2021-11-18 13:30:00,-1.0048341846486393,False
2021-11-18 13:40:00,-1.1303048880029118,False
2021-11-18 13:50:00,-1.0370506433595557,False
2021-11-18 14:00:00,-0.8846920605307196,False
2021-11-18 14:10:00,-0.9554877526646558,False
2021-11-18 14:20:00,,False
2021-11-18 14:30:00,-1.057226728513184,False
2021-11-18 14:40:00,,False
2021-11-18 14:50:00,-1.101333811747976,False
2021-11-18 15:00:00,-0.9015558124988833,False
2021-11-18 15:10:00,-1.0155688064325754,False
2021-11-18 15:20:00,-0.9121163371119708,False
2021-11-18 15:30:00,-0.9596843494016528,False
2021-11-18 15:40:00,-0.7974320428299936,False
2021-11-18 15:50:00,-1.1473625277841804,False
2021-11-18 16:00:00,-1.0247024330163486,False
2021-11-18 16:10:00,-1.0019718668369453,False
2021-11-18 16:20:00,-1.0758040202800394,False
2021-11-18 16:30:00,-1.0192467349388044,False
2021-11-18 16:40:00,-0.8709410694026858,False
2021-11-18 16:50:00,-0.9807546335103408,False
2021-11-18 17:00:00,-0.7625325501586812,False
2021-11-18 17:10:00,-0.9892731512417432,False
2021-11-18 17:20:00,-1.1513889989358324,False
2021-11-18 17:30:00,-0.9391895691650183,False
2021-11-18 17:40:00,-1.0489556466035912,False
2021-11-18 17:50:00,-0.9442626819372384,False
2021-11-18 18:00:00,-0.939057480408768,False
2021-11-18 18:10:00,-0.8017390041112024,False
2021-11-18 18:20:00,-1.0139311551775505,False
2021-11-18 18:30:00,-0.9119289453382073,False
2021-11-18 18:40:00,-0.9834768458737367,False
2021-11-18 18:50:00,-0.9746208772287384,False
2021-11-18 19:00:00,-0.9738658248690919,False
2021-11-18 19:10:00,-1.0751256847312374,False
2021-11-18 19:20:00,-0.9416877923627983,False
2021-11-18 19:30:00,-1.1779703540043154,False
2021-11-18 19:40:00,-1.1059290686169923,False
2021-11-18 19:50:00,-0.9483941053291772,False
2021-11-18 20:00:00,-1.090655518810478,False
2021-11-18 20:10:00,-1.0258122968599837,False
2021-11-18 20:20:00,-1.0623952431977093,False
2021-11-18 20:30:00,-0.8825157885941386,False
2021-11-18 20:40:00,-0.9915130074431182,False
2021-11-18 20:50:00,-1.1435427571236276,False
2021-11-18 21:00:00,,False
2021-11-18 21:10:00,-1.0716816692760587,False
2021-11-18 21:20:00,-1.0298836470502504,False
2021-11-18 21:30:00,-1.0637392141461737,False
2021-11-18 21:40:00,-0.961111661794759,False
2021-11-18 21:50:00,-1.1266958759889787,False
2021-11-18 22:00:00,-0.9153218298604768,False
2021-11-18 22:10:00,-1.0329656816964548,False
2021-11-18 22:20:00,-0.9866687313599014,False
2021-11-18 22:30:00,-0.8967607931675527,False
2021-11-18 22:40:00,-1.0881918640856822,False
2021-11-18 22:50:00,-1.0173853400672372,False
2021-11-18 23:00:00,-0.9940691758918371,False
2021-11-18 23:10:00,-0.9908803459442818,False
2021-11-18 23:20:00,-1.0142196308559093,False
2021-11-18 23:30:00,-1.0696481712031134,False
2021-11-18 23:40:00,-1.0255341463541603,False
2021-11-18 23:50:00,-1.018983002592846,False
2021-11-19 00:00:00,-0.9710626639899645,False
2021-11-19 00:10:00,-1.0340973405097542,False
2021-11-19 00:20:00,-1.1660596323354138,False
2021-11-19 00:30:00,-1.0888309844301183,False
2021-11-19 00:40:00,-1.023505519213507,False
2021-11-19 00:50:00,-0.9246467022573908,False
2021-11-19 01:00:00,,False
2021-11-19 01:10:00,-0.9354440247335511,False
2021-11-19 01:20:00,-1.0632635393745327,False
2021-11-19 01:30:00,-0.989070325630954,False
2021-11-19 01:40:00,-0.906674903157761,False
2021-11-19 01:50:00,-1.161286815090743,False
2021-11-19 02:00:00,,False
2021-11-19 02:10:00,-0.9892960261235347,False
2021-11-19 02:20:00,-1.0473459023212153,False
2021-11-19 02:30:00,-0.909303145717692,False
2021-11-19 02:40:00,-1.002864647769579,False
2021-11-19 02:50:00,-0.9908066551896226,False
2021-11-19 03:00:00,-1.1495225501205526,False
2021-11-19 03:10:00,-0.940281013126911,False
2021-11-19 03:20:00,-1.0289205241726376,False
2021-11-19 03:30:00,-1.0907029317689594,False
2021-11-19 03:40:00,-1.2579193336509262,False
2021-11-19 03:50:00,-0.8052356605803289,False
2021-11-19 04:00:00,-1.0172139094244939,False
2021-11-19 04:10:00,,False
2021-11-19 04:20:00,-1.0743566337179238,False
2021-11-19 04:30:00,-1.0756916022311551,False
2021-11-19 04:40:00,-1.1497284121072495,False
2021-11-19 04:50:00,-1.125159507277536,False
2021-11-19 05:00:00,-0.8920461721227119,False
2021-11-19 05:10:00,-1.0552212231442675,False
2021-11-19 05:20:00,-1.074112516325863,False
2021-11-19 05:30:00,-0.9202067892802366,False
2021-11-19 05:40:00,-1.1011171903828287,False
2021-11-19 05:50:00,-0.9111359070635239,False
2021-11-19 06:00:00,-1.0772953109282053,False
2021-11-19 06:10:00,-0.9574050591546199,False
2021-11-19 06:20:00,-0.9269859135546031,False
2021-11-19 06:30:00,-1.0508787008679978,False
2021-11-19 06:40:00,-0.962646153387146,False
2021-11-19 06:50:00,-0.9344776225780527,False
2021-11-19 07:00:00,-0.8973128127379988,False
2021-11-19 07:10:00,-1.0421203252401963,False
2021-11-19 07:20:00,-0.9523254201996098,False
2021-11-19 07:30:00,-0.8450731526381852,False
2021-11-19 07:40:00,-0.8480300671289269,False
2021-11-19 07:50:00,-1.02053213754153,False
2021-11-19 08:00:00,-0.8758312834228559,False
2021-11-19 08:10:00,-0.9924946382520207,False
2021-11-19 08:20:00,-0.9497263685986866,False
2021-11-19 08:30:00,-0.8726167623848845,False
2021-11-19 08:40:00,-0.9404858828487008,False
2021-11-19 08:50:00,-0.9826452653790132,False
2021-11-19 09:00:00,-1.2405117518630622,False
2021-11-19 09:10:00,-0.8910068415377401,False
2021-11-19 09:20:00,-0.859984195167822,False
2021-11-19 09:30:00,-0.8661599564579173,False
2021-11-19 09:40:00,-1.0123937943491355,False
2021-11-19 09:50:00,-1.0604229358959718,False
2021-11-19 10:00:00,-1.0987021941648791,False
2021-11-19 10:10:00,-1.178355289382869,False
2021-11-19 10:20:00,-1.0028143817741764,False
2021-11-19 10:30:00,-0.774732020350386,False
2021-11-19 10:40:00,-0.9787339739189769,False
2021-11-19 10:50:00,-1.0051898051297727,False
2021-11-19 11:00:00,-1.083012312659075,False
2021-11-19 11:10:00,-0.9879142217505746,False
2021-11-19 11:20:00,-1.049809665374677,False
2021-11-19 11:30:00,-0.8488165097205063,False
2021-11-19 11:40:00,-1.0398489320491782,False
2021-11-19 11:50:00,-0.9076936302179637,False
2021-11-19 12:00:00,-0.8447818775963685,False
2021-11-19 12:10:00,-0.8689600972671757,False
2021-11-19 12:20:00,-0.8215334383268692,False
2021-11-19 12:30:00,-0.9301771319914643,False
2021-11-19 12:40:00,-1.0211797644401963,False
2021-11-19 12:50:00,-1.0972122742009305,False
2021-11-19 13:00:00,-1.0188779505745305,False
2021-11-19 13:10:00,-1.2975822474360155,False
2021-11-19 13:20:00,-0.911653077674664,False
2021-11-19 13:30:00,-1.0875589017636207,False
2021-11-19 13:40:00,-0.961164778593707,False
2021-11-19 13:50:00,-0.896147151051562,False
2021-11-19 14:00:00,,False
2021-11-19 14:10:00,-1.0323410246777855,False
2021-11-19 14:20:00,-0.8833315242780224,False
2021-11-19 14:30:00,-0.8731501129613112,False
2021-11-19 14:40:00,-0.9988168768808682,False
2021-11-19 14:50:00,-0.9527469317969578,False
2021-11-19 15:00:00,-1.0572863458477486,False
2021-11-19 15:10:00,-1.33198604461764,False
2021-11-19 15:20:00,-1.0946355972155335,False
2021-11-19 15:30:00,-1.1496956048694136,False
2021-11-19 15:40:00,-0.9804840196316443,False
2021-11-19 15:50:00,-0.9915670353119391,False
2021-11-19 16:00:00,-1.0757479972479342,False
2021-11-19 16:10:00,-0.921063547432009,False
2021-11-19 16:20:00,-1.0265462165858945,False
2021-11-19 16:30:00,-1.0631902426280462,False
2021-11-19 16:40:00,-0.8821249265701611,False
2021-11-19 16:50:00,-0.9737908405333086,False
2021-11-19 17:00:00,-1.0637648552230778,False
2021-11-19 17:10:00,-1.0956414430954386,False
2021-11-19 17:20:00,-1.0092673446937086,False
2021-11-19 17:30:00,-0.8105908588931372,False
2021-11-19 17:40:00,-0.8635582585810744,False
2021-11-19 17:50:00,-0.8811419644524527,False
2021-11-19 18:00:00,-0.9758599146709864,False
2021-11-19 18:10:00,,False
2021-11-19 18:20:00,-0.9690623089403076,False
2021-11-19 18:30:00,-0.9619737626492608,False
2021-11-19 18:40:00,-1.0326065107402709,False
2021-11-19 18:50:00,-1.0396693393543586,False
2021-11-19 19:00:00,-1.0296446579117424,False
2021-11-19 19:10:00,-1.0029523617052762,False
2021-11-19 19:20:00,-1.1634005422895948,False
2021-11-19 19:30:00,-1.0866634244103663,False
2021-11-19 19:40:00,-1.0490103207054826,False
2021-11-19 19:50:00,-1.0433462095100334,False
2021-11-19 20:00:00,-1.0943463959715225,False
2021-11-19 20:10:00,-0.9541962196716623,False
2021-11-19 20:20:00,-0.9419037223881938,False
2021-11-19 20:30:00,-0.8679942201098116,False
2021-11-19 20:40:00,-1.180073436733036,False
2021-11-19 20:50:00,-1.0475667825359891,False
2021-11-19 21:00:00,-0.7897288642476183,False
2021-11-19 21:10:00,-1.0408644258144153,False
2021-11-19 21:20:00,-1.0722556511635806,False
2021-11-19 21:30:00,-0.9942541346074006,False
2021-11-19 21:40:00,-1.0300424103516492,False
2021-11-19 21:50:00,-0.9589548003158059,False
2021-11-19 22:00:00,-0.929885342118403,False
2021-11-19 22:10:00,-1.0071055064526786,False
2021-11-19 22:20:00,-1.0025758236498636,False
2021-11-19 22:30:00,-0.9841753200354514,False
2021-11-19 22:40:00,-0.9852504953295529,False
2021-11-19 22:50:00,-1.0372659845835852,False
2021-11-19 23:00:00,-0.9111651276978682,False
2021-11-19 23:10:00,-0.8587756539845302,False
2021-11-19 23:20:00,-0.8629789599896435,False
2021-11-19 23:30:00,-0.8755796912056627,False
2021-11-19 23:40:00,-0.9858512300616118,False
2021-11-19 23:50:00,-0.8578397118568184,False
2021-11-20 00:00:00,-0.9377580424871842,False
2021-11-20 00:10:00,-1.0407774341671285,False
2021-11-20 00:20:00,-0.8530448744804562,False
2021-11-20 00:30:00,-0.9821993406901002,False
2021-11-20 00:40:00,-0.9761372428157541,False
2021-11-20 00:50:00,-0.8563515318123655,False
2021-11-20 01:00:00,-0.9898079942315449,False
2021-11-20 01:10:00,-1.0055054708288036,False
2021-11-20 01:20:00,-0.9474033036017007,False
2021-11-20 01:30:00,-0.9701696810527168,False
2021-11-20 01:40:00,-0.9158475469047966,False
2021-11-20 01:50:00,-1.0277781312916758,False
2021-11-20 02:00:00,-0.9351041232488531,False
2021-11-20 02:10:00,-1.1658812288424218,False
2021-11-20 02:20:00,-0.8931707922775108,False
2021-11-20 02:30:00,-0.809371738838545,False
2021-11-20 02:40:00,-0.9618279679767487,False
2021-11-20 02:50:00,-1.0278347608272465,False
2021-11-20 03:00:00,-0.9317031543644129,False
2021-11-20 03:10:00,-0.9523020850957118,False
2021-11-20 03:20:00,-1.0517330556767652,False
2021-11-20 03:30:00,-0.8562668628636096,False
2021-11-20 03:40:00,-1.0454329642858327,False
2021-11-20 03:50:00,-1.003393393029226,False
2021-11-20 04:00:00,-0.9077968151983009,False
2021-11-20 04:10:00,-1.1272599036661481,False
2021-11-20 04:20:00,-0.8951276035641632,False
2021-11-20 04:30:00,-1.1139802600068853,False
2021-11-20 04:40:00,-1.135285174677477,False
2021-11-20 04:50:00,,False
2021-11-20 05:00:00,-0.8690539067076473,False
2021-11-20 05:10:00,-1.0194473632831371,False
2021-11-20 05:20:00,-1.0228680701033608,False
2021-11-20 05:30:00,-0.9801361922086199,False
2021-11-20 05:40:00,-1.0779340589868998,False
2021-11-20 05:50:00,-1.0726007102437787,False
2021-11-20 06:00:00,-0.9953699516636358,False
2021-11-20 06:10:00,-0.9598696012718048,False
2021-11-20 06:20:00,-1.0090751906817186,False
2021-11-20 06:30:00,-1.0075698459000333,False
2021-11-20 06:40:00,-1.052707983843006,False
2021-11-20 06:50:00,-1.0998959751523931,False
2021-11-20 07:00:00,-0.8779604424867309,False
2021-11-20 07:10:00,-0.9792065913720379,False
2021-11-20 07:20:00,-1.0377607512351001,False
2021-11-20 07:30:00,-1.1481087264130856,False
2021-11-20 07:40:00,-1.0069711204821288,False
2021-11-20 07:50:00,-1.0528037189899646,False
2021-11-20 08:00:00,-0.9319905214517067,False
2021-11-20 08:10:00,-0.8778591519900842,False
2021-11-20 08:20:00,-1.0560907417201746,False
2021-11-20 08:30:00,-1.0873549725578688,False
2021-11-20 08:40:00,-1.0499170272592153,False
2021-11-20 08:50:00,-0.8900262308108867,False
2021-11-20 09:00:00,-0.9393858189586589,False
2021-11-20 09:10:00,-0.9020670245951317,False
2021-11-20 09:20:00,-0.9226589696185734,False
2021-11-20 09:30:00,-0.9942088898433737,False
2021-11-20 09:40:00,-1.2078023289617026,False
2021-11-20 09:50:00,-0.9718073548280386,False
2021-11-20 10:00:00,-1.180863859668194,False
2021-11-20 10:10:00,,False
2021-11-20 10:20:00,-1.0357130368218064,False
2021-11-20 10:30:00,-1.031966764090556,False
2021-11-20 10:40:00,,False
2021-11-20 10:50:00,-0.9140933598239699,False
2021-11-20 11:00:00,-0.9524301993539251,False
2021-11-20 11:10:00,-1.0825810385507348,False
2021-11-20 11:20:00,-0.9990515740606468,False
2021-11-20 11:30:00,-1.0696795594894952,False
2021-11-20 11:40:00,-0.9028081246325941,False
2021-11-20 11:50:00,-0.9494305103811977,False
2021-11-20 12:00:00,-1.155544826872167,False
2021-11-20 12:10:00,-0.8753488307593571,False
2021-11-20 12:20:00,,False
2021-11-20 12:30:00,-1.1978632907998759,False
2021-11-20 12:40:00,-0.962572026131306,False
2021-11-20 12:50:00,-0.9262561934169109,False
2021-11-20 13:00:00,-0.9273561167342788,False
2021-11-20 13:10:00,-1.1104897648486585,False
2021-11-20 13:20:00,-1.1549358482164351,False
2021-11-20 13:30:00,,False
2021-11-20 13:40:00,-0.9803758602942673,False
2021-11-20 13:50:00,-0.9871822239803622,False
2021-11-20 14:00:00,-1.1438471027827348,False
2021-11-20 14:10:00,-0.9408997787894262,False
2021-11-20 14:20:00,-1.1232945041212417,False
2021-11-20 14:30:00,-0.934165153873307,False
2021-11-20 14:40:00,-0.9940583779993623,False
2021-11-20 14:50:00,-1.0178047378826627,False
2021-11-20 15:00:00,-0.9025452456625935,False
2021-11-20 15:10:00,-0.7917982052552005,False
2021-11-20 15:20:00,-0.8113157202685441,False
2021-11-20 15:30:00,-1.0025958137490438,False
2021-11-20 15:40:00,-1.0563467325555136,False
2021-11-20 15:50:00,-0.9740728873420742,False
2021-11-20 16:00:00,-0.7991965653559867,False
2021-11-20 16:10:00,-0.8459722954989877,False
2021-11-20 16:20:00,-0.8427613861827217,False
2021-11-20 16:30:00,-1.0502634156193777,False
2021-11-20 16:40:00,-1.0624336358828819,False
2021-11-20 16:50:00,-0.9912716312299872,False
2021-11-20 17:00:00,-0.8423557759516548,False
2021-11-20 17:10:00,-0.9931671500012254,False
2021-11-20 17:20:00,-0.9470970164354573,False
2021-11-20 17:30:00,-0.837600611351102,False
2021-11-20 17:40:00,-1.1944903568947285,False
2021-11-20 17:50:00,-1.1079733944327623,False
2021-11-20 18:00:00,-0.9739236055946333,False
2021-11-20 18:10:00,-0.9983919205227991,False
2021-11-20 18:20:00,-1.1017897389974376,False
2021-11-20 18:30:00,-0.9816874737831127,False
2021-11-20 18:40:00,-1.016566625806529,False
2021-11-20 18:50:00,-1.1236714842372406,False
2021-11-20 19:00:00,-0.9148288125100917,False
2021-11-20 19:10:00,-0.9397392573356564,False
2021-11-20 19:20:00,-0.7319334081445665,False
2021-11-20 19:30:00,-1.0278085036540412,False
2021-11-20 19:40:00,-0.9231729332299994,False
2021-11-20 19:50:00,-0.946311171152099,False
2021-11-20 20:00:00,-1.0208319319898917,False
2021-11-20 20:10:00,-0.9293364110093383,False
2021-11-20 20:20:00,-1.0186322073377203,False
2021-11-20 20:30:00,-1.0451227668883991,False
2021-11-20 20:40:00,-0.957794202798752,False
2021-11-20 20:50:00,-0.9267051298671944,False
2021-11-20 21:00:00,-0.9083323359496638,False
2021-11-20 21:10:00,-1.070740401900115,False
2021-11-20 21:20:00,-1.0720394634643469,False
2021-11-20 21:30:00,,False
2021-11-20 21:40:00,-1.0802455872882284,False
2021-11-20 21:50:00,,False
2021-11-20 22:00:00,-1.0025847185090877,False
2021-11-20 22:10:00,,False
2021-11-20 22:20:00,-0.9890787388329506,False
2021-11-20 22:30:00,-0.9014080544415497,False
2021-11-20 22:40:00,-1.1239333527545525,False
2021-11-20 22:50:00,-1.0026331654833396,False
2021-11-20 23:00:00,-0.9813757428872094,False
2021-11-20 23:10:00,-0.7435039086960495,False
2021-11-20 23:20:00,-1.0921985937280292,False
2021-11-20 23:30:00,-1.1052871121254875,False
2021-11-20 23:40:00,-0.982279771660515,False
2021-11-20 23:50:00,-1.2063773130038575,False
2021-11-21 00:00:00,-0.9325094620636379,False
2021-11-21 00:10:00,-1.0495595091730403,False
2021-11-21 00:20:00,-1.1773091460550462,False
2021-11-21 00:30:00,-0.972715377626739,False
2021-11-21 00:40:00,-0.8536281461485414,False
2021-11-21 00:50:00,-1.1009891799809883,False
2021-11-21 01:00:00,-0.9892075574946192,False
2021-11-21 01:10:00,-1.0458265539562759,False
2021-11-21 01:20:00,-0.8911146112524944,False
2021-11-21 01:30:00,-1.1405531276026837,False
2021-11-21 01:40:00,-1.071965750937231,False
2021-11-21 01:50:00,-1.0577300404193526,False
2021-11-21 02:00:00,-0.8118671481612817,False
2021-11-21 02:10:00,-1.1830571445364584,False
2021-11-21 02:20:00,-1.0424481462081885,False
2021-11-21 02:30:00,-1.131320322602233,False
2021-11-21 02:40:00,-0.8739301897291135,False
2021-11-21 02:50:00,-0.960684341961887,False
2021-11-21 03:00:00,-0.9651244965642737,False
2021-11-21 03:10:00,-0.8736592895353886,False
2021-11-21 03:20:00,-0.7043465502945983,False
2021-11-21 03:30:00,-1.1205126324274357,False
2021-11-21 03:40:00,-0.885514831366609,False
2021-11-21 03:50:00,-0.6739560304346313,False
2021-11-21 04:00:00,-1.0113717769854371,False
2021-11-21 04:10:00,-1.080944107998541,False
2021-11-21 04:20:00,-1.0913209401048314,False
2021-11-21 04:30:00,-1.159917828498214,False
2021-11-21 04:40:00,-1.040617697065232,False
2021-11-21 04:50:00,-1.024762974471509,False
2021-11-21 05:00:00,-0.8967554102979044,False
2021-11-21 05:10:00,-0.9924924270107834,False
2021-11-21 05:20:00,-0.8301444187411232,False
2021-11-21 05:30:00,-1.2468790033381798,False
2021-11-21 05:40:00,-0.9064765146157872,False
2021-11-21 05:50:00,-1.2162157952099202,False
2021-11-21 06:00:00,-0.9844100077327924,False
2021-11-21 06:10:00,-1.0017160435823314,False
2021-11-21 06:20:00,-0.925205352449193,False
2021-11-21 06:30:00,-0.8209943771826727,False
2021-11-21 06:40:00,-1.0230172887806637,False
2021-11-21 06:50:00,-1.1088556302152657,False
2021-11-21 07:00:00,-0.9078319768739702,False
2021-11-21 07:10:00,-1.022540500383498,False
2021-11-21 07:20:00,-1.1379386577959625,False
2021-11-21 07:30:00,-1.0160662734859705,False
2021-11-21 07:40:00,-1.0128379980867066,False
2021-11-21 07:50:00,-0.9934193704215151,False
2021-11-21 08:00:00,-1.0844209597851835,False
2021-11-21 08:10:00,,False
2021-11-21 08:20:00,-1.0416366570737647,False
2021-11-21 08:30:00,-1.1065823046058014,False
2021-11-21 08:40:00,-1.0002474194852649,False
2021-11-21 08:50:00,-0.9644262102075564,False
2021-11-21 09:00:00,-1.024563360044333,False
2021-11-21 09:10:00,-1.0930660618179642,False
2021-11-21 09:20:00,-1.0336309447411631,False
2021-11-21 09:30:00,-1.0711593767627436,False
2021-11-21 09:40:00,-1.0456796824445842,False
2021-11-21 09:50:00,-0.9542868159514704,False
2021-11-21 10:00:00,-0.9255056673577544,False
2021-11-21 10:10:00,,False
2021-11-21 10:20:00,-0.9344807698775225,False
2021-11-21 10:30:00,-1.1042204988352482,False
2021-11-21 10:40:00,-1.1078651161874302,False
2021-11-21 10:50:00,-0.9444557488413571,False
2021-11-21 11:00:00,-0.9239023725750979,False
2021-11-21 11:10:00,-0.9067307340684884,False
2021-11-21 11:20:00,-1.1010747055800842,False
2021-11-21 11:30:00,-0.9627329129484026,False
2021-11-21 11:40:00,,False
2021-11-21 11:50:00,-1.0131379838912702,False
2021-11-21 12:00:00,-1.1782033679310389,False
2021-11-21 12:10:00,-1.043480393475591,False
2021-11-21 12:20:00,,False
2021-11-21 12:30:00,-1.0191323965642054,False
2021-11-21 12:40:00,-1.0026414760573323,False
2021-11-21 12:50:00,,False
2021-11-21 13:00:00,-0.8768553557535652,False
2021-11-21 13:10:00,-1.0283867975323948,False
2021-11-21 13:20:00,-0.8349040055587351,False
2021-11-21 13:30:00,-0.9912384011393793,False
2021-11-21 13:40:00,,False
2021-11-21 13:50:00,-0.9898097364743312,False
2021-11-21 14:00:00,,False
2021-11-21 14:10:00,-0.8346205397470872,False
2021-11-21 14:20:00,-0.9469165070325363,False
2021-11-21 14:30:00,-0.9476045296923686,False
2021-11-21 14:40:00,-1.1384009545602536,False
2021-11-21 14:50:00,-1.0776627285382512,False
2021-11-21 15:00:00,-1.178451017189426,False
2021-11-21 15:10:00,-1.0636687740983817,False
2021-11-21 15:20:00,-1.0391992045384326,False
2021-11-21 15:30:00,-0.9988780736668883,False
2021-11-21 15:40:00,-0.9966879048245662,False
2021-11-21 15:50:00,-0.9366860191101507,False
2021-11-21 16:00:00,-0.9457451891974329,False
2021-11-21 16:10:00,-1.0063071634004395,False
2021-11-21 16:20:00,-0.8858418638286174,False
2021-11-21 16:30:00,-0.979650510596489,False
2021-11-21 16:40:00,-0.9213492830451668,False
2021-11-21 16:50:00,-0.8155773397238537,False
2021-11-21 17:00:00,-0.8649375552503463,False
2021-11-21 17:10:00,-0.9401619274334109,False
2021-11-21 17:20:00,,False
2021-11-21 17:30:00,-1.0389516453730405,False
2021-11-21 17:40:00,-0.8360146329842921,False
2021-11-21 17:50:00,-0.8738064406708151,False
2021-11-21 18:00:00,-1.0512199335333559,False
2021-11-21 18:10:00,,False
2021-11-21 18:20:00,-1.1336513518980862,False
2021-11-21 18:30:00,-1.0378311685284536,False
2021-11-21 18:40:00,-1.0549500941288639,False
2021-11-21 18:50:00,-0.8717906922392971,False
2021-11-21 19:00:00,-0.9717588563656561,False
2021-11-21 19:10:00,-0.9334237577992573,False
2021-11-21 19:20:00,-1.1400408530853698,False
2021-11-21 19:30:00,-0.9505159272371593,False
2021-11-21 19:40:00,-1.0149576401375748,False
2021-11-21 19:50:00,-0.8262645532775911,False
2021-11-21 20:00:00,-0.953482223680042,False
2021-11-21 20:10:00,-1.2771360873251736,False
2021-11-21 20:20:00,-1.076038038861384,False
2021-11-21 20:30:00,-0.9602095447996584,False
2021-11-21 20:40:00,-0.8286314317385853,False
2021-11-21 20:50:00,-1.0362520183135828,False
2021-11-21 21:00:00,-0.9144593685150585,False
2021-11-21 21:10:00,-1.0830940988326412,False
2021-11-21 21:20:00,,False
2021-11-21 21:30:00,-0.8418810052188278,False
2021-11-21 21:40:00,-1.0462226140366102,False
2021-11-21 21:50:00,-0.9007815989814864,False
2021-11-21 22:00:00,-1.1178166008658326,False
2021-11-21 22:10:00,-0.8376119252441947,False
2021-11-21 22:20:00,-1.0427386130550467,False
2021-11-21 22:30:00,-0.9309850874787161,False
2021-11-21 22:40:00,-0.9565001174554355,False
2021-11-21 22:50:00,-1.1049613204053788,False
2021-11-21 23:00:00,-1.0098254364300971,False
2021-11-21 23:10:00,-1.0671623555703684,False
2021-11-21 23:20:00,-0.8818354967476301,False
2021-11-21 23:30:00,-1.012688868657887,False
2021-11-21 23:40:00,-1.0001082720383887,False
2021-11-21 23:50:00,,False
2021-11-22 00:00:00,-0.8790402676676166,False
2021-11-22 00:10:00,-0.9661638412106577,False
2021-11-22 00:20:00,-0.857374119070567,False
2021-11-22 00:30:00,-0.8488548091266702,False
2021-11-22 00:40:00,-0.8800432963252558,False
2021-11-22 00:50:00,-1.0444247335183399,False
2021-11-22 01:00:00,-1.0797291613723925,False
2021-11-22 01:10:00,-0.934595620052897,False
2021-11-22 01:20:00,,False
2021-11-22 01:30:00,-1.033597479352286,False
2021-11-22 01:40:00,-1.0674989961747618,False
2021-11-22 01:50:00,-0.8009806687849963,False
2021-11-22 02:00:00,-0.9068929159442045,False
2021-11-22 02:10:00,-1.0698394601223982,False
2021-11-22 02:20:00,-0.8291218806747582,False
2021-11-22 02:30:00,-0.964135846723647,False
2021-11-22 02:40:00,-1.1086001923146338,False
2021-11-22 02:50:00,-1.0879496448499215,False
2021-11-22 03:00:00,-1.0129805797488136,False
2021-11-22 03:10:00,-0.8822572248009061,False
2021-11-22 03:20:00,-1.062875949148425,False
2021-11-22 03:30:00,-0.8555003713603859,False
2021-11-22 03:40:00,-1.0599507767507765,False
2021-11-22 03:50:00,-0.7852462611277351,False
2021-11-22 04:00:00,-1.1061458115601954,False
2021-11-22 04:10:00,-0.9102935092980213,False
2021-11-22 04:20:00,-1.0209690085075125,False
2021-11-22 04:30:00,-1.037595322507714,False
2021-11-22 04:40:00,-1.240224720271427,False
2021-11-22 04:50:00,-1.0901723410352626,False
2021-11-22 05:00:00,-0.9999280887082818,False
2021-11-22 05:10:00,-1.104859107950936,False
2021-11-22 05:20:00,-0.9050915845225725,False
2021-11-22 05:30:00,-1.0310301068935028,False
2021-11-22 05:40:00,-0.8132003432250604,False
2021-11-22 05:50:00,-0.9537356486346884,False
2021-11-22 06:00:00,-0.8604839509920943,False
2021-11-22 06:10:00,-1.0197301039933868,False
2021-11-22 06:20:00,-0.9475067610912391,False
2021-11-22 06:30:00,-1.0604235228014458,False
2021-11-22 06:40:00,-1.075204015629308,False
2021-11-22 06:50:00,-1.0516018022951736,False
2021-11-22 07:00:00,-1.0039356662507568,False
2021-11-22 07:10:00,-0.9136311224365163,False
2021-11-22 07:20:00,-1.026553085276314,False
2021-11-22 07:30:00,-1.0984750191750365,False
2021-11-22 07:40:00,-1.074962686926877,False
2021-11-22 07:50:00,-1.086313864552808,False
2021-11-22 08:00:00,-0.8489667246314587,False
2021-11-22 08:10:00,-1.0530389088924166,False
2021-11-22 08:20:00,-0.9796037005311559,False
2021-11-22 08:30:00,-1.096663411260999,False
2021-11-22 08:40:00,-1.119443503013873,False
2021-11-22 08:50:00,-1.1411313298273769,False
2021-11-22 09:00:00,-1.0295107564094783,False
2021-11-22 09:10:00,-1.188366832169424,False
2021-11-22 09:20:00,-1.0818831060233451,False
2021-11-22 09:30:00,-1.1103092871727624,False
2021-11-22 09:40:00,-1.0181413229757887,False
2021-11-22 09:50:00,-0.9109369390374931,False
2021-11-22 10:00:00,-1.118622465539849,False
2021-11-22 10:10:00,-1.1336623358284939,False
2021-11-22 10:20:00,-1.0357443405963351,False
2021-11-22 10:30:00,-1.121068257714277,False
2021-11-22 10:40:00,-0.944934009216805,False
2021-11-22 10:50:00,-0.9801853589532153,False
2021-11-22 11:00:00,-1.040394787824467,False
2021-11-22 11:10:00,-1.0379118510249927,False
2021-11-22 11:20:00,-1.0263146668077265,False
2021-11-22 11:30:00,-1.0313010653416717,False
2021-11-22 11:40:00,-1.0834465547846859,False
2021-11-22 11:50:00,-1.2036830120146111,False
2021-11-22 12:00:00,-1.0460391951534616,False
2021-11-22 12:10:00,-0.9419658680005002,False
2021-11-22 12:20:00,-0.9917959905761224,False
2021-11-22 12:30:00,-1.009420479128574,False
2021-11-22 12:40:00,-1.2328533518615405,False
2021-11-22 12:50:00,-1.0625758413218551,False
2021-11-22 13:00:00,-0.9187289023839469,False
2021-11-22 13:10:00,,False
2021-11-22 13:20:00,,False
2021-11-22 13:30:00,-1.0152629247867573,False
2021-11-22 13:40:00,-1.0374259523202405,False
2021-11-22 13:50:00,-0.9977374447016351,False
2021-11-22 14:00:00,-1.0964246912702715,False
2021-11-22 14:10:00,-1.0545826425490525,False
2021-11-22 14:20:00,-1.0791466354556212,False
2021-11-22 14:30:00,-1.081688742247826,False
2021-11-22 14:40:00,-0.762702183943714,False
2021-11-22 14:50:00,-0.988604087167717,False
2021-11-22 15:00:00,-0.8007833741299576,False
2021-11-22 15:10:00,-0.9932177554396393,False
2021-11-22 15:20:00,-1.1188245521161635,False
2021-11-22 15:30:00,-0.963155639963138,False
2021-11-22 15:40:00,-0.9729281159906598,False
2021-11-22 15:50:00,-1.0275897325316996,False
2021-11-22 16:00:00,-0.992862553180442,False
2021-11-22 16:10:00,-1.0450027302437053,False
2021-11-22 16:20:00,-0.9875174904046032,False
2021-11-22 16:30:00,-0.8570088075425292,False
2021-11-22 16:40:00,-1.0512355236438573,False
2021-11-22 16:50:00,-0.9326729727799179,False
2021-11-22 17:00:00,-0.9162782859943083,False
2021-11-22 17:10:00,-1.0316816894211998,False
2021-11-22 17:20:00,-1.017181422474392,False
2021-11-22 17:30:00,-0.9674681787489734,False
2021-11-22 17:40:00,-1.0876956232835164,False
2021-11-22 17:50:00,-1.1243061510049186,False
2021-11-22 18:00:00,-1.0217412296573212,False
2021-11-22 18:10:00,-0.9287907730770654,False
2021-11-22 18:20:00,-0.8495477658218606,False
2021-11-22 18:30:00,-0.8139248802501572,False
2021-11-22 18:40:00,-0.9807441020857692,False
2021-11-22 18:50:00,-1.062238703150956,False
2021-11-22 19:00:00,-0.8582438818780008,False
2021-11-22 19:10:00,-0.9076980106060806,False
2021-11-22 19:20:00,-1.0219874798414672,False
2021-11-22 19:30:00,-0.8657271550234367,False
2021-11-22 19:40:00,-0.9829039676092738,False
2021-11-22 19:50:00,-1.0811524667319314,False
2021-11-22 20:00:00,-0.9885156402599726,False
2021-11-22 20:10:00,-0.9970154590344009,False
2021-11-22 20:20:00,-1.1864218517750569,False
2021-11-22 20:30:00,-1.0767937666777083,False
2021-11-22 20:40:00,-0.9861168759809078,False
2021-11-22 20:50:00,-1.1472686638668093,False
2021-11-22 21:00:00,,False
2021-11-22 21:10:00,-1.09391299117098,False
2021-11-22 21:20:00,,False
2021-11-22 21:30:00,-0.9415428624059791,False
2021-11-22 21:40:00,-0.9770753267066641,False
2021-11-22 21:50:00,-0.887340181251103,False
2021-11-22 22:00:00,-1.006657009624588,False
2021-11-22 22:10:00,-0.9367406540010456,False
2021-11-22 22:20:00,-0.9260846471447154,False
2021-11-22 22:30:00,-0.976115030710562,False
2021-11-22 22:40:00,-1.0494971922819467,False
2021-11-22 22:50:00,-1.029737376751778,False
2021-11-22 23:00:00,-0.980054280962407,False
2021-11-22 23:10:00,-0.9111001386148737,False
2021-11-22 23:20:00,-0.9828656869179939,False
2021-11-22 23:30:00,-1.0023073232098698,False
2021-11-22 23:40:00,-0.9972547295389017,False
2021-11-22 23:50:00,-1.0472933438519745,False
2021-11-23 00:00:00,-1.0744953600513316,False
2021-11-23 00:10:00,-0.9355248752583222,False
2021-11-23 00:20:00,-1.00580802589705,False
2021-11-23 00:30:00,-0.8810623217747302,False
2021-11-23 00:40:00,-0.9476979556183297,False
2021-11-23 00:50:00,-0.9625277074049294,False
2021-11-23 01:00:00,-1.0445523559157919,False
2021-11-23 01:10:00,-1.0163151024276231,False
2021-11-23 01:20:00,-0.9722447722245167,False
2021-11-23 01:30:00,-1.024260343422871,False
2021-11-23 01:40:00,-0.8507508033556112,False
2021-11-23 01:50:00,-0.8502724190003328,False
2021-11-23 02:00:00,-1.0396852513332997,False
2021-11-23 02:10:00,-1.1346090938398725,False
2021-11-23 02:20:00,-0.9796441959480552,False
2021-11-23 02:30:00,-1.020015383117861,False
2021-11-23 02:40:00,-1.179563420608554,False
2021-11-23 02:50:00,-1.0086157213896683,False
2021-11-23 03:00:00,-0.9591343010758174,False
2021-11-23 03:10:00,-1.0422419564890584,False
2021-11-23 03:20:00,-0.9069410911555086,False
2021-11-23 03:30:00,-1.027712492168565,False
2021-11-23 03:40:00,-1.0083117632137863,False
2021-11-23 03:50:00,-0.9983417084900911,False
2021-11-23 04:00:00,-1.09792706766776,False
2021-11-23 04:10:00,-1.0531011143751239,False
2021-11-23 04:20:00,-0.8758270564386954,False
2021-11-23 04:30:00,-0.9462830591364835,False
2021-11-23 04:40:00,-1.0327543548548013,False
2021-11-23 04:50:00,-1.07363354894149,False
2021-11-23 05:00:00,-0.819566662002773,False
2021-11-23 05:10:00,-0.8709019606835192,False
2021-11-23 05:20:00,-1.0825476370735303,False
2021-11-23 05:30:00,-0.9011669541976262,False
2021-11-23 05:40:00,-1.2716871065862116,False
2021-11-23 05:50:00,-1.0750675254803506,False
2021-11-23 06:00:00,-0.7955560833806558,False
2021-11-23 06:10:00,-0.891650403905517,False
2021-11-23 06:20:00,-1.0138381280857627,False
2021-11-23 06:30:00,-0.972308450982607,False
2021-11-23 06:40:00,-0.9341127242322972,False
2021-11-23 06:50:00,,False
2021-11-23 07:00:00,-0.844190165499593,False
2021-11-23 07:10:00,-1.21811695408565,False
2021-11-23 07:20:00,-1.1540955359693124,False
2021-11-23 07:30:00,-0.8522419137464,False
2021-11-23 07:40:00,-1.0793618312085775,False
2021-11-23 07:50:00,-1.029229868880017,False
2021-11-23 08:00:00,-0.8569683244243116,False
2021-11-23 08:10:00,-1.0691279334772124,False
2021-11-23 08:20:00,-1.0665305498458357,False
2021-11-23 08:30:00,-0.8889937839657484,False
2021-11-23 08:40:00,-0.9633682050226696,False
2021-11-23 08:50:00,-1.0124481426779177,False
2021-11-23 09:00:00,-1.0895655249287337,False
2021-11-23 09:10:00,-0.8740773973126046,False
2021-11-23 09:20:00,-1.0868382353713464,False
2021-11-23 09:30:00,-0.8060184602252478,False
2021-11-23 09:40:00,-0.9637445933927881,False
2021-11-23 09:50:00,-1.1397580009706842,False
2021-11-23 10:00:00,-0.9111074146062913,False
2021-11-23 10:10:00,-1.0489402047710688,False
2021-11-23 10:20:00,-0.8604463000227469,False
2021-11-23 10:30:00,-0.9943601194611359,False
2021-11-23 10:40:00,-0.9028785213920306,False
2021-11-23 10:50:00,-1.2511823653263896,False
2021-11-23 11:00:00,-0.9811578006828149,False
2021-11-23 11:10:00,-0.9682744067482311,False
2021-11-23 11:20:00,-0.8915943324387117,False
2021-11-23 11:30:00,-0.8201911447716776,False
2021-11-23 11:40:00,-1.0090147576552346,False
2021-11-23 11:50:00,-1.0823376000833211,False
2021-11-23 12:00:00,-0.8759863224016389,False
2021-11-23 12:10:00,-0.8342669781736543,False
2021-11-23 12:20:00,-0.9647947054543453,False
2021-11-23 12:30:00,-0.8957690490894128,False
2021-11-23 12:40:00,-0.9882139235016743,False
2021-11-23 12:50:00,-0.9606844826381808,False
2021-11-23 13:00:00,-1.0927052514823425,False
2021-11-23 13:10:00,-0.7937993727561208,False
2021-11-23 13:20:00,,False
2021-11-23 13:30:00,-0.9886189870968283,False
2021-11-23 13:40:00,-1.03699872024478,False
2021-11-23 13:50:00,-1.1360045602412756,False
2021-11-23 14:00:00,-0.8609356615777722,False
2021-11-23 14:10:00,-0.9786354220695838,False
2021-11-23 14:20:00,-0.9302096441644433,False
2021-11-23 14:30:00,-0.9644442873702163,False
2021-11-23 14:40:00,,False
2021-11-23 14:50:00,-1.1029005607396376,False
2021-11-23 15:00:00,-0.8552694490559201,False
2021-11-23 15:10:00,-1.0295627090934325,False
2021-11-23 15:20:00,-0.8463866062169312,False
2021-11-23 15:30:00,-0.9347997653192623,False
2021-11-23 15:40:00,-1.0350346477470351,False
2021-11-23 15:50:00,-0.9787633821092316,False
2021-11-23 16:00:00,-0.9519773646393307,False
2021-11-23 16:10:00,-1.0654190778547814,False
2021-11-23 16:20:00,-0.9400828397118266,False
2021-11-23 16:30:00,-1.054517391760587,False
2021-11-23 16:40:00,-0.8330059007250956,False
2021-11-23 16:50:00,-0.9786162469376234,False
2021-11-23 17:00:00,-1.0306474080049133,False
2021-11-23 17:10:00,-1.0564066136457082,False
2021-11-23 17:20:00,-1.0713499512116902,False
2021-11-23 17:30:00,-1.046079066789642,False
2021-11-23 17:40:00,-1.0502865103208785,False
2021-11-23 17:50:00,-0.8786476393814644,False
2021-11-23 18:00:00,-0.843666424418131,False
2021-11-23 18:10:00,-1.1458083569831312,False
2021-11-23 18:20:00,-0.9164950597818209,False
2021-11-23 18:30:00,-0.9825906620839016,False
2021-11-23 18:40:00,-1.0497272143260272,False
2021-11-23 18:50:00,-1.0667822039283728,False
2021-11-23 19:00:00,-0.9273513308001834,False
2021-11-23 19:10:00,-0.978150948665568,False
2021-11-23 19:20:00,-0.9907034989037795,False
2021-11-23 19:30:00,-0.9484223724719723,False
2021-11-23 19:40:00,-1.239953353441067,False
2021-11-23 19:50:00,-1.1779091137039768,False
2021-11-23 20:00:00,-1.041708460785489,False
2021-11-23 20:10:00,-0.9064445058401474,False
2021-11-23 20:20:00,-1.143981010321434,False
2021-11-23 20:30:00,-0.9375936414723506,False
2021-11-23 20:40:00,-0.9216086049809863,False
2021-11-23 20:50:00,-1.004825209812034,False
2021-11-23 21:00:00,-1.0059297918691639,False
2021-11-23 21:10:00,-0.8067902570390854,False
2021-11-23 21:20:00,-0.9904438177981739,False
2021-11-23 21:30:00,-0.9337665901375342,False
2021-11-23 21:40:00,-0.8835838983696409,False
2021-11-23 21:50:00,-0.9205916513040409,False
2021-11-23 22:00:00,-1.1315833025211142,False
2021-11-23 22:10:00,-1.0161089319088887,False
2021-11-23 22:20:00,-1.0512387105254064,False
2021-11-23 22:30:00,-1.0237507536695563,False
2021-11-23 22:40:00,-0.9666559573129098,False
2021-11-23 22:50:00,-1.2497043639350347,False
2021-11-23 23:00:00,-1.1602004325781345,False
2021-11-23 23:10:00,-0.9712284324807847,False
2021-11-23 23:20:00,-0.9628735956328695,False
2021-11-23 23:30:00,-0.9974618840251013,False
2021-11-23 23:40:00,-1.0362317410791213,False
2021-11-23 23:50:00,-0.9964909184405905,False
2021-11-24 00:00:00,-1.0117157159823835,False
2021-11-24 00:10:00,-1.048846975898544,False
2021-11-24 00:20:00,-0.8630422596400795,False
2021-11-24 00:30:00,-0.9971418672598731,False
2021-11-24 00:40:00,-0.7677231713638117,False
2021-11-24 00:50:00,-1.0035242726807143,False
2021-11-24 01:00:00,-1.0329071541624932,False
2021-11-24 01:10:00,-0.9564732746802795,False
2021-11-24 01:20:00,-0.9676110163453626,False
2021-11-24 01:30:00,-1.068559772615435,False
2021-11-24 01:40:00,-1.0811607965346095,False
2021-11-24 01:50:00,-0.9979484196544866,False
2021-11-24 02:00:00,-1.0592496101264148,False
2021-11-24 02:10:00,-0.9930051272042939,False
2021-11-24 02:20:00,-0.9229691032913117,False
2021-11-24 02:30:00,-1.0077413630999361,False
2021-11-24 02:40:00,-1.002760808325296,False
2021-11-24 02:50:00,-1.3263344807229607,False
2021-11-24 03:00:00,-1.12673193285351,False
2021-11-24 03:10:00,-0.9470508689270066,False
2021-11-24 03:20:00,-1.029514416006504,False
2021-11-24 03:30:00,-0.9433265835714747,False
2021-11-24 03:40:00,-1.055498173150559,False
2021-11-24 03:50:00,-1.0031671233017132,False
2021-11-24 04:00:00,-1.0575664768918207,False
2021-11-24 04:10:00,-1.0849979079779113,False
2021-11-24 04:20:00,-1.0476511197196112,False
2021-11-24 04:30:00,-0.7761406384937793,False
2021-11-24 04:40:00,-1.1315074896131996,False
2021-11-24 04:50:00,-1.0159169001319157,False
2021-11-24 05:00:00,-1.2182899485150211,False
2021-11-24 05:10:00,-0.9046748691184521,False
2021-11-24 05:20:00,-0.7726347708099459,False
2021-11-24 05:30:00,-1.1498641572018067,False
2021-11-24 05:40:00,-1.1359422638745569,False
2021-11-24 05:50:00,-1.1297394343916174,False
2021-11-24 06:00:00,-0.9584360626765968,False
2021-11-24 06:10:00,-1.0341616844972594,False
2021-11-24 06:20:00,-0.9075767371480042,False
2021-11-24 06:30:00,-1.1259539880873484,False
2021-11-24 06:40:00,-0.9968963437560108,False
2021-11-24 06:50:00,-0.9602017505162256,False
2021-11-24 07:00:00,-0.9148767100519342,False
2021-11-24 07:10:00,-1.01818254361329,False
2021-11-24 07:20:00,-0.9975552261015715,False
2021-11-24 07:30:00,-1.0142270404448734,False
2021-11-24 07:40:00,-1.0999935988124634,False
2021-11-24 07:50:00,-1.0336381022990755,False
2021-11-24 08:00:00,-1.1121015479602485,False
2021-11-24 08:10:00,,False
2021-11-24 08:20:00,-0.9598799570813862,False
2021-11-24 08:30:00,-1.045274561056352,False
2021-11-24 08:40:00,-1.0499628744429423,False
2021-11-24 08:50:00,-1.0271724086886393,False
2021-11-24 09:00:00,-0.907099439278519,False
2021-11-24 09:10:00,-0.9626058931777216,False
2021-11-24 09:20:00,-1.0787289149422867,False
2021-11-24 09:30:00,-1.0450492680980907,False
2021-11-24 09:40:00,-1.078397042886061,False
2021-11-24 09:50:00,-1.1530909848781776,False
2021-11-24 10:00:00,-1.062895372908396,False
2021-11-24 10:10:00,-0.9970194141446768,False
2021-11-24 10:20:00,-1.1427875451135276,False
2021-11-24 10:30:00,-0.9968242393972068,False
2021-11-24 10:40:00,-1.1697174736772284,False
2021-11-24 10:50:00,-0.8391946333527597,False
2021-11-24 11:00:00,-1.0920290942714286,False
2021-11-24 11:10:00,-1.0465347933953082,False
2021-11-24 11:20:00,-1.0849210550511832,False
2021-11-24 11:30:00,-1.0108660329994745,False
2021-11-24 11:40:00,-0.9278415900549497,False
2021-11-24 11:50:00,-1.1211001061369412,False
2021-11-24 12:00:00,-0.9577078703271736,False
2021-11-24 12:10:00,,False
2021-11-24 12:20:00,-0.8599298587944803,False
2021-11-24 12:30:00,-1.1006246620129363,False
2021-11-24 12:40:00,-1.1718492038548967,False
2021-11-24 12:50:00,-1.013317147245563,False
2021-11-24 13:00:00,-0.8592710643255463,False
2021-11-24 13:10:00,-1.0135044595345681,False
2021-11-24 13:20:00,-1.06335667841085,False
2021-11-24 13:30:00,-0.9893755724274255,False
2021-11-24 13:40:00,-0.9895628938181267,False
2021-11-24 13:50:00,-1.1034456584541885,False
2021-11-24 14:00:00,-1.1287350426947431,False
2021-11-24 14:10:00,-0.7667245772082631,False
2021-11-24 14:20:00,-0.932962163958493,False
2021-11-24 14:30:00,-0.9094034203619408,False
2021-11-24 14:40:00,-1.1801726050698866,False
2021-11-24 14:50:00,-1.210885944637541,False
2021-11-24 15:00:00,-0.9581850364405387,False
2021-11-24 15:10:00,-0.9322994900371858,False
2021-11-24 15:20:00,-1.1187077870924622,False
2021-11-24 15:30:00,-1.0124203355948884,False
2021-11-24 15:40:00,-0.9572519910039093,False
2021-11-24 15:50:00,-0.9418032549354061,False
2021-11-24 16:00:00,-1.0113985918297543,False
2021-11-24 16:10:00,-1.0021016657741835,False
2021-11-24 16:20:00,-0.9622881414116462,False
2021-11-24 16:30:00,-0.9522096272904587,False
2021-11-24 16:40:00,-0.8786935435043204,False
2021-11-24 16:50:00,-1.0206085802413685,False
2021-11-24 17:00:00,-1.0711849342749402,False
2021-11-24 17:10:00,-0.982268571960173,False
2021-11-24 17:20:00,-0.9728894171644563,False
2021-11-24 17:30:00,-1.1424905609523468,False
2021-11-24 17:40:00,-0.9433096719309516,False
2021-11-24 17:50:00,-1.175537942721828,False
2021-11-24 18:00:00,-1.1106352638995949,False
2021-11-24 18:10:00,-1.0949466267070789,False
2021-11-24 18:20:00,-0.967463303237552,False
2021-11-24 18:30:00,-0.8472276977998336,False
2021-11-24 18:40:00,-0.987951633513724,False
2021-11-24 18:50:00,-0.9865537868421682,False
2021-11-24 19:00:00,-0.9635476685179465,False
2021-11-24 19:10:00,,False
2021-11-24 19:20:00,,False
2021-11-24 19:30:00,-0.9034297989722995,False
2021-11-24 19:40:00,-1.0577355766565824,False
2021-11-24 19:50:00,-1.0065542914441812,False
2021-11-24 20:00:00,-0.9931950346976006,False
2021-11-24 20:10:00,-1.072397845302223,False
2021-11-24 20:20:00,-0.7609742560920357,False
2021-11-24 20:30:00,-1.122187003451007,False
2021-11-24 20:40:00,-1.046761223651835,False
2021-11-24 20:50:00,-1.0748784911870197,False
2021-11-24 21:00:00,-1.035326388359211,False
2021-11-24 21:10:00,-1.1190815738981494,False
2021-11-24 21:20:00,-0.929135741302479,False
2021-11-24 21:30:00,-0.9202365311655804,False
2021-11-24 21:40:00,-0.9715287131057949,False
2021-11-24 21:50:00,-0.9851571040080938,False
2021-11-24 22:00:00,-1.0362231002867754,False
2021-11-24 22:10:00,-0.8310863432152844,False
2021-11-24 22:20:00,,False
2021-11-24 22:30:00,-0.9897848147587541,False
2021-11-24 22:40:00,-1.0993417529632121,False
2021-11-24 22:50:00,-1.0753207111150624,False
2021-11-24 23:00:00,-0.8956178970775659,False
2021-11-24 23:10:00,-1.0381726952689867,False
2021-11-24 23:20:00,-1.1036500108559484,False
2021-11-24 23:30:00,,False
2021-11-24 23:40:00,-0.8643830836385973,False
2021-11-24 23:50:00,-0.9724214841227585,False
2021-11-25 00:00:00,-1.0297261890519942,False
2021-11-25 00:10:00,-1.0826177614456787,False
2021-11-25 00:20:00,-0.9413660856530991,False
2021-11-25 00:30:00,-1.1845176288706858,False
2021-11-25 00:40:00,-1.1433664553824556,False
2021-11-25 00:50:00,-1.0506489527716143,False
2021-11-25 01:00:00,-1.0702719783389123,False
2021-11-25 01:10:00,-1.0547315579891479,False
2021-11-25 01:20:00,-0.8953957105652338,False
2021-11-25 01:30:00,-0.9698079817983652,False
2021-11-25 01:40:00,-1.0741154783502576,False
2021-11-25 01:50:00,-1.049008398231133,False
2021-11-25 02:00:00,-0.944530495109817,False
2021-11-25 02:10:00,-1.1580558280269133,False
2021-11-25 02:20:00,-1.0700248184819485,False
2021-11-25 02:30:00,-1.054101904342471,False
2021-11-25 02:40:00,-1.012866938754843,False
2021-11-25 02:50:00,-0.8801332614282844,False
2021-11-25 03:00:00,-1.027782989664876,False
2021-11-25 03:10:00,-0.990292765106829,False
2021-11-25 03:20:00,,False
2021-11-25 03:30:00,-0.8630613922577898,False
2021-11-25 03:40:00,-1.2009485745142592,False
2021-11-25 03:50:00,-0.9060785502297092,False
2021-11-25 04:00:00,-1.00854483487661,False
2021-11-25 04:10:00,-0.8924675848034799,False
2021-11-25 04:20:00,-1.1273261887716066,False
2021-11-25 04:30:00,-0.8745906069481103,False
2021-11-25 04:40:00,-1.0431234391188193,False
2021-11-25 04:50:00,-1.0209864791136183,False
2021-11-25 05:00:00,-0.8655443721107449,False
2021-11-25 05:10:00,-1.0113207380278904,False
2021-11-25 05:20:00,-0.968468851903073,False
2021-11-25 05:30:00,-1.0425615385737568,False
2021-11-25 05:40:00,-1.2065011142600226,False
2021-11-25 05:50:00,-1.0170646026019152,False
2021-11-25 06:00:00,-0.9018647409116474,False
2021-11-25 06:10:00,-1.0024715022536252,False
2021-11-25 06:20:00,-0.9186979510351004,False
2021-11-25 06:30:00,-0.942185760516107,False
2021-11-25 06:40:00,-0.956581656114945,False
2021-11-25 06:50:00,-0.799828183413235,False
2021-11-25 07:00:00,-1.0056186039942885,False
2021-11-25 07:10:00,-0.9934430812566065,False
2021-11-25 07:20:00,-1.1822662272081246,False
2021-11-25 07:30:00,-1.1423088073039072,False
2021-11-25 07:40:00,-0.947384438142597,False
2021-11-25 07:50:00,-0.9261155464660943,False
2021-11-25 08:00:00,-0.9083047722892195,False
2021-11-25 08:10:00,-1.1156565408961474,False
2021-11-25 08:20:00,-0.8339337178480285,False
2021-11-25 08:30:00,-1.0343869413987399,False
2021-11-25 08:40:00,-1.0243045773726045,False
2021-11-25 08:50:00,-1.1025962611220095,False
2021-11-25 09:00:00,-0.8787918219754522,False
2021-11-25 09:10:00,-1.1432780823610615,False
2021-11-25 09:20:00,-1.0488582071115058,False
2021-11-25 09:30:00,-0.9242653688842564,False
2021-11-25 09:40:00,-1.145818843271834,False
2021-11-25 09:50:00,-0.7457852185710363,False
2021-11-25 10:00:00,-1.1606864974937894,False
2021-11-25 10:10:00,-1.0731155320716559,False
2021-11-25 10:20:00,-0.9483051159136413,False
2021-11-25 10:30:00,-1.1140273483596441,False
2021-11-25 10:40:00,-0.9611475960217054,False
2021-11-25 10:50:00,-0.9742070798016701,False
2021-11-25 11:00:00,-0.8930016017439215,False
2021-11-25 11:10:00,-0.9391728724669975,False
2021-11-25 11:20:00,-1.0531099402457955,False
2021-11-25 11:30:00,-0.922997881360875,False
2021-11-25 11:40:00,-0.8386535560797823,False
2021-11-25 11:50:00,-0.9723991679377144,False
2021-11-25 12:00:00,-1.0189851597820907,False
2021-11-25 12:10:00,,False
2021-11-25 12:20:00,-0.7600551116509803,False
2021-11-25 12:30:00,-0.9180236802025348,False
2021-11-25 12:40:00,-0.9614831973761763,False
2021-11-25 12:50:00,-0.9609167152541452,False
2021-11-25 13:00:00,-0.9238941184350403,False
2021-11-25 13:10:00,-1.0093425563066842,False
2021-11-25 13:20:00,-0.9983884117373953,False
2021-11-25 13:30:00,-1.1804384117810525,False
2021-11-25 13:40:00,-1.0452050131282478,False
2021-11-25 13:50:00,-1.0977675006880252,False
2021-11-25 14:00:00,-1.0544115432948102,False
2021-11-25 14:10:00,-1.0933330086791138,False
2021-11-25 14:20:00,-1.0335346020194554,False
2021-11-25 14:30:00,-0.9491740552812941,False
2021-11-25 14:40:00,-0.9353735608617906,False
2021-11-25 14:50:00,-0.9656420145131492,False
2021-11-25 15:00:00,-1.0826195904342404,False
2021-11-25 15:10:00,-1.1162953173908612,False
2021-11-25 15:20:00,-1.0834271373847877,False
2021-11-25 15:30:00,-1.0755930021732998,False
2021-11-25 15:40:00,-0.9006943899477364,False
2021-11-25 15:50:00,-1.1642682816112084,False
2021-11-25 16:00:00,-0.9920300331479902,False
2021-11-25 16:10:00,-1.064422729949157,False
2021-11-25 16:20:00,-1.1072535914875001,False
2021-11-25 16:30:00,-1.0120868777971364,False
2021-11-25 16:40:00,-1.0054776557777456,False
2021-11-25 16:50:00,-0.9526471824709848,False
2021-11-25 17:00:00,-0.9253674239592292,False
2021-11-25 17:10:00,-1.0706580100077472,False
2021-11-25 17:20:00,-0.9177205255656796,False
2021-11-25 17:30:00,-0.8597192876336359,False
2021-11-25 17:40:00,-0.9370389599814867,False
2021-11-25 17:50:00,-0.9882690287712099,False
2021-11-25 18:00:00,-0.9509825443318416,False
2021-11-25 18:10:00,-0.8453553003024102,False
2021-11-25 18:20:00,-0.8168016006766383,False
2021-11-25 18:30:00,-1.0023596003895001,False
2021-11-25 18:40:00,-0.9949963220232725,False
2021-11-25 18:50:00,-1.067661966304977,False
2021-11-25 19:00:00,-1.013308181646473,False
2021-11-25 19:10:00,-0.8483834737011681,False
2021-11-25 19:20:00,-1.1561143861113,False
2021-11-25 19:30:00,-1.1643694028351508,False
2021-11-25 19:40:00,-0.8512940306792378,False
2021-11-25 19:50:00,-1.0785196676595368,False
2021-11-25 20:00:00,-0.8768656674418798,False
2021-11-25 20:10:00,-1.0278582625751225,False
2021-11-25 20:20:00,-1.0381610254102058,False
2021-11-25 20:30:00,-0.82964177909983,False
2021-11-25 20:40:00,-0.901584479167119,False
2021-11-25 20:50:00,-1.1290531511242556,False
2021-11-25 21:00:00,-0.9790955023863201,False
2021-11-25 21:10:00,-1.1535909409260736,False
2021-11-25 21:20:00,-0.9933397529495798,False
2021-11-25 21:30:00,-1.0322178587165785,False
2021-11-25 21:40:00,-0.8879762524881406,False
2021-11-25 21:50:00,-1.044905298038549,False
2021-11-25 22:00:00,-0.9473380882609309,False
2021-11-25 22:10:00,-1.1265489663891803,False
2021-11-25 22:20:00,-1.1008404200554667,False
2021-11-25 22:30:00,-0.9870615261871715,False
2021-11-25 22:40:00,-0.88068306882503,False
2021-11-25 22:50:00,-0.7657063323863192,False
2021-11-25 23:00:00,-0.9925481366435847,False
2021-11-25 23:10:00,-1.0476332908738257,False
2021-11-25 23:20:00,-0.9508105154914182,False
2021-11-25 23:30:00,-0.9867101149697766,False
2021-11-25 23:40:00,-0.9926618326012251,False
2021-11-25 23:50:00,-0.9083873877476555,False
2021-11-26 00:00:00,-0.9441108329516205,False
2021-11-26 00:10:00,-0.9999783446901069,False
2021-11-26 00:20:00,-0.8721417444858189,False
2021-11-26 00:30:00,-1.147594733138804,False
2021-11-26 00:40:00,-1.0882947328778854,False
2021-11-26 00:50:00,-0.9115614966750654,False
2021-11-26 01:00:00,-0.9905241565840195,False
2021-11-26 01:10:00,-0.9478365453001234,False
2021-11-26 01:20:00,-1.0197925550330997,False
2021-11-26 01:30:00,-0.9185062153306088,False
2021-11-26 01:40:00,-1.0576161972442648,False
2021-11-26 01:50:00,-0.9494491103999521,False
2021-11-26 02:00:00,-0.711038301461703,False
2021-11-26 02:10:00,-0.906479085704239,False
2021-11-26 02:20:00,-0.9466169818993295,False
2021-11-26 02:30:00,-1.0868979118533595,False
2021-11-26 02:40:00,-0.9081261430483303,False
2021-11-26 02:50:00,-1.0455836597760466,False
2021-11-26 03:00:00,-1.0314270023824668,False
2021-11-26 03:10:00,,False
2021-11-26 03:20:00,-1.010957377750031,False
2021-11-26 03:30:00,-1.003385902972769,False
2021-11-26 03:40:00,-0.9503253279548987,False
2021-11-26 03:50:00,-0.9564926001024731,False
2021-11-26 04:00:00,-0.9222005819029506,False
2021-11-26 04:10:00,-0.8601474935923984,False
2021-11-26 04:20:00,-0.9587513713181319,False
2021-11-26 04:30:00,-0.8558955756446279,False
2021-11-26 04:40:00,-1.0574954560389596,False
2021-11-26 04:50:00,-0.9954782541894303,False
2021-11-26 05:00:00,-0.9057787564489285,False
2021-11-26 05:10:00,-0.9685447630538088,False
2021-11-26 05:20:00,-0.9381184395334915,False
2021-11-26 05:30:00,-1.114778185741279,False
2021-11-26 05:40:00,,False
2021-11-26 05:50:00,-0.9484077184332882,False
2021-11-26 06:00:00,-0.9440499998194265,False
2021-11-26 06:10:00,-0.8937880019763038,False
2021-11-26 06:20:00,-0.9124290945767045,False
2021-11-26 06:30:00,-1.1255130236814124,False
2021-11-26 06:40:00,-1.0184841675961873,False
2021-11-26 06:50:00,-0.8360849738166211,False
2021-11-26 07:00:00,-1.0001946341072427,False
2021-11-26 07:10:00,-1.2260490031816664,False
2021-11-26 07:20:00,-0.8820798911261902,False
2021-11-26 07:30:00,-1.0686251065729184,False
2021-11-26 07:40:00,-0.9393246228658926,False
2021-11-26 07:50:00,-0.93247203641375,False
2021-11-26 08:00:00,-1.0103541959250353,False
2021-11-26 08:10:00,-1.0697604720944274,False
2021-11-26 08:20:00,-0.9226457143370752,False
2021-11-26 08:30:00,-0.8248704103539445,False
2021-11-26 08:40:00,-1.0348121304565758,False
2021-11-26 08:50:00,-1.0850347646182694,False
2021-11-26 09:00:00,-0.9591718015884465,False
2021-11-26 09:10:00,-1.2140824759769968,False
2021-11-26 09:20:00,-0.9490744933324764,False
2021-11-26 09:30:00,,False
2021-11-26 09:40:00,-0.8944438227708715,False
2021-11-26 09:50:00,-1.0774766653334393,False
2021-11-26 10:00:00,-0.8979480639963384,False
2021-11-26 10:10:00,-1.1770923681319037,False
2021-11-26 10:20:00,-1.0071608735911153,False
2021-11-26 10:30:00,-0.9744518779240355,False
2021-11-26 10:40:00,-0.952006737171281,False
2021-11-26 10:50:00,-1.0827194360584402,False
2021-11-26 11:00:00,-1.085257417073222,False
2021-11-26 11:10:00,-1.0032331231598652,False
2021-11-26 11:20:00,-0.8673879854044257,False
2021-11-26 11:30:00,-0.8739425343549037,False
2021-11-26 11:40:00,-1.0735728094613568,False
2021-11-26 11:50:00,-0.9831738384667611,False
2021-11-26 12:00:00,-1.1359113071336133,False
2021-11-26 12:10:00,-0.9929946643377785,False
2021-11-26 12:20:00,-1.1513020011799804,False
2021-11-26 12:30:00,-0.9255188512439553,False
2021-11-26 12:40:00,-0.9974907618694449,False
2021-11-26 12:50:00,-0.99485170224217,False
2021-11-26 13:00:00,-1.026142809655433,False
2021-11-26 13:10:00,-1.0622106445470503,False
2021-11-26 13:20:00,-0.9921536470931299,False
2021-11-26 13:30:00,-0.8510008793335095,False
2021-11-26 13:40:00,-1.0229209908439736,False
2021-11-26 13:50:00,-1.0946051206448668,False
2021-11-26 14:00:00,-0.9440506049629754,False
2021-11-26 14:10:00,,False
2021-11-26 14:20:00,-1.071617556133535,False
2021-11-26 14:30:00,-1.0821479366562539,False
2021-11-26 14:40:00,-0.845817245756918,False
2021-11-26 14:50:00,-0.9629790779753314,False
2021-11-26 15:00:00,-0.8555474810859698,False
2021-11-26 15:10:00,-1.1429806725461682,False
2021-11-26 15:20:00,-1.1948927292379568,False
2021-11-26 15:30:00,-1.1162440517112877,False
2021-11-26 15:40:00,-0.9380577331394776,False
2021-11-26 15:50:00,-0.834017541320677,False
2021-11-26 16:00:00,-0.9944380930507826,False
2021-11-26 16:10:00,-0.9807839718166765,False
2021-11-26 16:20:00,-0.9346916381746673,False
2021-11-26 16:30:00,-1.0781609761956867,False
2021-11-26 16:40:00,-1.2648575506697375,False
2021-11-26 16:50:00,-1.1609385253246636,False
2021-11-26 17:00:00,-0.966672317223819,False
2021-11-26 17:10:00,-0.9851617879491597,False
2021-11-26 17:20:00,-1.0442700950162125,False
2021-11-26 17:30:00,-1.0402012594282954,False
2021-11-26 17:40:00,,False
2021-11-26 17:50:00,-0.9494784077871893,False
2021-11-26 18:00:00,-1.0545543315134351,False
2021-11-26 18:10:00,-0.9258257293175932,False
2021-11-26 18:20:00,-0.9810955562277386,False
2021-11-26 18:30:00,-1.1606064332531756,False
2021-11-26 18:40:00,-1.0851198749195203,False
2021-11-26 18:50:00,-0.9808034541634133,False
2021-11-26 19:00:00,-1.0545837460150993,False
2021-11-26 19:10:00,-1.0135521377071501,False
2021-11-26 19:20:00,-0.993537725891974,False
2021-11-26 19:30:00,-0.9055150700137334,False
2021-11-26 19:40:00,-0.96881616389299,False
2021-11-26 19:50:00,-1.0471313744550934,False
2021-11-26 20:00:00,-1.0388761883848863,False
2021-11-26 20:10:00,-0.9612911965140943,False
2021-11-26 20:20:00,-0.8523926031200179,False
2021-11-26 20:30:00,-0.8225164636477318,False
2021-11-26 20:40:00,-0.826264180388895,False
2021-11-26 20:50:00,-0.9429649609377052,False
2021-11-26 21:00:00,-0.9366277427395006,False
2021-11-26 21:10:00,-1.0598771618901317,False
2021-11-26 21:20:00,-1.0728122109833886,False
2021-11-26 21:30:00,-1.0384869367554284,False
2021-11-26 21:40:00,-1.0757480931598247,False
2021-11-26 21:50:00,-1.0640980112711624,False
2021-11-26 22:00:00,-0.9923102557325617,False
2021-11-26 22:10:00,-0.963408267988238,False
2021-11-26 22:20:00,-1.1408345847853811,False
2021-11-26 22:30:00,-1.0302978361676611,False
2021-11-26 22:40:00,-1.0296960888795004,False
2021-11-26 22:50:00,-1.0717142671545765,False
2021-11-26 23:00:00,-1.0292067506012914,False
2021-11-26 23:10:00,-0.8405561689517091,False
2021-11-26 23:20:00,,False
2021-11-26 23:30:00,-0.9293585138303184,False
2021-11-26 23:40:00,-0.9205235307373391,False
2021-11-26 23:50:00,-0.9578794238567835,False
2021-11-27 00:00:00,-0.924527872672668,False
2021-11-27 00:10:00,-0.9739291881768726,False
2021-11-27 00:20:00,-1.023978414755667,False
2021-11-27 00:30:00,-1.1732201005755434,False
2021-11-27 00:40:00,-0.9845156181923236,False
2021-11-27 00:50:00,-1.0219376283359694,False
2021-11-27 01:00:00,-0.913570437804232,False
2021-11-27 01:10:00,-0.9824338315999666,False
2021-11-27 01:20:00,-1.1197323241393646,False
2021-11-27 01:30:00,-1.0118810170537436,False
2021-11-27 01:40:00,-1.1708035317752135,False
2021-11-27 01:50:00,-0.9528796464405684,False
2021-11-27 02:00:00,-1.2084591643556926,False
2021-11-27 02:10:00,-1.0049773368668788,False
2021-11-27 02:20:00,-1.0973287294783067,False
2021-11-27 02:30:00,-0.8678880272653364,False
2021-11-27 02:40:00,-0.8898443488083861,False
2021-11-27 02:50:00,-0.901714330483432,False
2021-11-27 03:00:00,-1.0068608388816487,False
2021-11-27 03:10:00,-0.7602977778659632,False
2021-11-27 03:20:00,-0.9113101829018535,False
2021-11-27 03:30:00,-0.9977315273915707,False
2021-11-27 03:40:00,-1.0036495308151097,False
2021-11-27 03:50:00,-0.9723757210544108,False
2021-11-27 04:00:00,-0.986889477346048,False
2021-11-27 04:10:00,-0.9961277597866581,False
2021-11-27 04:20:00,-1.0678348900866346,False
2021-11-27 04:30:00,-1.0390767296883696,False
2021-11-27 04:40:00,-0.9201916144369253,False
2021-11-27 04:50:00,,False
2021-11-27 05:00:00,-0.9618665271548305,False
2021-11-27 05:10:00,-1.1079890549935507,False
2021-11-27 05:20:00,-0.9493767672248341,False
2021-11-27 05:30:00,,False
2021-11-27 05:40:00,-1.0812314909079142,False
2021-11-27 05:50:00,-0.9233342438410356,False
2021-11-27 06:00:00,-0.9026900946872588,False
2021-11-27 06:10:00,-0.8403495889708222,False
2021-11-27 06:20:00,-0.9936602001902597,False
2021-11-27 06:30:00,-1.1031112382959807,False
2021-11-27 06:40:00,-0.9971711795954693,False
2021-11-27 06:50:00,-0.9461299370661731,False
2021-11-27 07:00:00,-0.9194635613040313,False
2021-11-27 07:10:00,-1.1816687995652775,False
2021-11-27 07:20:00,-0.9362639983264899,False
2021-11-27 07:30:00,-1.0506477169042177,False
2021-11-27 07:40:00,-1.051484394046044,False
2021-11-27 07:50:00,-1.1539722488268898,False
2021-11-27 08:00:00,-1.0250352713483446,False
2021-11-27 08:10:00,-0.9623581860981786,False
2021-11-27 08:20:00,-0.9879752516164152,False
2021-11-27 08:30:00,-1.0120187289668063,False
2021-11-27 08:40:00,,False
2021-11-27 08:50:00,-1.1061245012303749,False
2021-11-27 09:00:00,-0.9012725477106387,False
2021-11-27 09:10:00,-1.0174677104540157,False
2021-11-27 09:20:00,-0.8440037613308757,False
2021-11-27 09:30:00,-1.0565614163166874,False
2021-11-27 09:40:00,-1.03835197717229,False
2021-11-27 09:50:00,-1.0449968562323801,False
2021-11-27 10:00:00,-0.8561250388335073,False
2021-11-27 10:10:00,-1.090676431895067,False
2021-11-27 10:20:00,,False
2021-11-27 10:30:00,-1.1453402351839757,False
2021-11-27 10:40:00,-0.8620217496442937,False
2021-11-27 10:50:00,,False
2021-11-27 11:00:00,,False
2021-11-27 11:10:00,-1.0290728927381418,False
2021-11-27 11:20:00,-1.012937651147636,False
2021-11-27 11:30:00,-0.9413571695277787,False
2021-11-27 11:40:00,-1.026065912520235,False
2021-11-27 11:50:00,-1.0991876490807992,False
2021-11-27 12:00:00,-1.036380140511558,False
2021-11-27 12:10:00,-0.8808288594050877,False
2021-11-27 12:20:00,-0.9487727385073247,False
2021-11-27 12:30:00,-0.9340121695886734,False
2021-11-27 12:40:00,-0.9527144898841858,False
2021-11-27 12:50:00,-0.9157819899737475,False
2021-11-27 13:00:00,-0.971503079439191,False
2021-11-27 13:10:00,-0.8924573395189219,False
2021-11-27 13:20:00,-0.9031610940811414,False
2021-11-27 13:30:00,-1.0424380969982874,False
2021-11-27 13:40:00,-1.000286735967208,False
2021-11-27 13:50:00,-1.1597035022942017,False
2021-11-27 14:00:00,-1.2060096055354967,False
2021-11-27 14:10:00,-0.8780683516902944,False
2021-11-27 14:20:00,-0.949429404535146,False
2021-11-27 14:30:00,-1.0222907616512789,False
2021-11-27 14:40:00,-0.8197115096929876,False
2021-11-27 14:50:00,-0.9602406314463096,False
2021-11-27 15:00:00,-0.8886726705079241,False
2021-11-27 15:10:00,-1.2251648731395595,False
2021-11-27 15:20:00,-1.1023012985666651,False
2021-11-27 15:30:00,-1.052100291824449,False
2021-11-27 15:40:00,-1.0438077964479269,False
2021-11-27 15:50:00,-1.0508368649268176,False
2021-11-27 16:00:00,,False
2021-11-27 16:10:00,-1.0585327345343802,False
2021-11-27 16:20:00,-0.842620474671635,False
2021-11-27 16:30:00,-0.9064325846328929,False
2021-11-27 16:40:00,-0.8877515698767154,False
2021-11-27 16:50:00,-1.1584256917755762,False
2021-11-27 17:00:00,-0.8162304321404003,False
2021-11-27 17:10:00,-0.8545355927268117,False
2021-11-27 17:20:00,-1.0064658358246046,False
2021-11-27 17:30:00,-0.9398811525273487,False
2021-11-27 17:40:00,-0.9307564791298586,False
2021-11-27 17:50:00,-0.9626470467010076,False
2021-11-27 18:00:00,-1.0280817963207618,False
2021-11-27 18:10:00,-0.8931368435932207,False
2021-11-27 18:20:00,-1.0099057675446925,False
2021-11-27 18:30:00,-0.9964216136622057,False
2021-11-27 18:40:00,-0.9885105601257874,False
2021-11-27 18:50:00,-0.9430478599496473,False
2021-11-27 19:00:00,-0.9489940471570311,False
2021-11-27 19:10:00,-0.8896513772300876,False
2021-11-27 19:20:00,-1.0494820295571667,False
2021-11-27 19:30:00,-0.8923639541890234,False
2021-11-27 19:40:00,-1.1026578970286551,False
2021-11-27 19:50:00,-0.9315818717234872,False
2021-11-27 20:00:00,-0.9490895797853597,False
2021-11-27 20:10:00,-1.154602882681357,False
2021-11-27 20:20:00,-0.9761511806521024,False
2021-11-27 20:30:00,-1.1282926101011563,False
2021-11-27 20:40:00,,False
2021-11-27 20:50:00,-1.1262677126205836,False
2021-11-27 21:00:00,-1.155466714033809,False
2021-11-27 21:10:00,-0.9290033730474999,False
2021-11-27 21:20:00,-1.005464251046291,False
2021-11-27 21:30:00,-1.157163061317938,False
2021-11-27 21:40:00,-1.0070843895349868,False
2021-11-27 21:50:00,-1.0192517181178093,False
2021-11-27 22:00:00,-0.8723895219815897,False
2021-11-27 22:10:00,-0.9408732006344217,False
2021-11-27 22:20:00,-1.0130041447380933,False
2021-11-27 22:30:00,-1.0219160440557817,False
2021-11-27 22:40:00,-1.0128633086855792,False
2021-11-27 22:50:00,-0.9091684005859453,False
2021-11-27 23:00:00,-0.854707136639155,False
2021-11-27 23:10:00,-1.006944716382149,False
2021-11-27 23:20:00,-1.087580054706507,False
2021-11-27 23:30:00,-1.0758461904180092,False
2021-11-27 23:40:00,-1.0787577438951388,False
2021-11-27 23:50:00,-0.9746853283564343,False
2021-11-28 00:00:00,,False
2021-11-28 00:10:00,-0.985758610122092,False
2021-11-28 00:20:00,-0.8993639271262635,False
2021-11-28 00:30:00,-0.8673344112416934,False
2021-11-28 00:40:00,,False
2021-11-28 00:50:00,-1.0866954917180596,False
2021-11-28 01:00:00,-0.7330213934817786,False
2021-11-28 01:10:00,-1.103338007632946,False
2021-11-28 01:20:00,-0.9674889470257096,False
2021-11-28 01:30:00,-1.0267089003869505,False
2021-11-28 01:40:00,-1.01107990961731,False
2021-11-28 01:50:00,-1.0191453909866355,False
2021-11-28 02:00:00,-0.9760615273404418,False
2021-11-28 02:10:00,-0.8697474567032644,False
2021-11-28 02:20:00,-1.0913788434782579,False
2021-11-28 02:30:00,-0.9468276686639483,False
2021-11-28 02:40:00,-0.9949506680224508,False
2021-11-28 02:50:00,-0.8275419029046585,False
2021-11-28 03:00:00,-0.9892622332225719,False
2021-11-28 03:10:00,-0.9226004401083997,False
2021-11-28 03:20:00,-1.1067691724976163,False
2021-11-28 03:30:00,-1.165502093317783,False
2021-11-28 03:40:00,-0.87290398258555,False
2021-11-28 03:50:00,-0.9998489903208473,False
2021-11-28 04:00:00,-0.8388964703939406,False
2021-11-28 04:10:00,-1.0383454150782672,False
2021-11-28 04:20:00,-0.7781092196489638,False
2021-11-28 04:30:00,-0.8502085610685599,False
2021-11-28 04:40:00,-1.086462803804772,False
2021-11-28 04:50:00,-0.8883774343833778,False
2021-11-28 05:00:00,-1.024840361481607,False
2021-11-28 05:10:00,-0.7961524586098989,False
2021-11-28 05:20:00,,False
2021-11-28 05:30:00,-0.7651169157658324,False
2021-11-28 05:40:00,-1.0536912563175143,False
2021-11-28 05:50:00,-0.998138321688209,False
2021-11-28 06:00:00,-1.0712552428913622,False
2021-11-28 06:10:00,-0.8099627425919778,False
2021-11-28 06:20:00,-1.0729836305498988,False
2021-11-28 06:30:00,-0.8912477261752358,False
2021-11-28 06:40:00,-1.0189330909066445,False
2021-11-28 06:50:00,-1.0006892005073458,False
2021-11-28 07:00:00,-0.8928398603004131,False
2021-11-28 07:10:00,-0.7913847232755536,False
2021-11-28 07:20:00,-0.8544480030118349,False
2021-11-28 07:30:00,-0.842281969591139,False
2021-11-28 07:40:00,-1.0026747210892568,False
2021-11-28 07:50:00,-1.0372471842669053,False
2021-11-28 08:00:00,-1.102604089117242,False
2021-11-28 08:10:00,-1.0564378149364582,False
2021-11-28 08:20:00,-1.004998421800595,False
2021-11-28 08:30:00,-0.9991446628202907,False
2021-11-28 08:40:00,-1.0629408907988414,False
2021-11-28 08:50:00,-0.9198400136221928,False
2021-11-28 09:00:00,-0.9236963762652237,False
2021-11-28 09:10:00,-0.9493009718149155,False
2021-11-28 09:20:00,-0.896733640275834,False
2021-11-28 09:30:00,-0.8694528518790107,False
2021-11-28 09:40:00,-1.0695339712840517,False
2021-11-28 09:50:00,-1.0542614297079818,False
2021-11-28 10:00:00,-0.9220407159799833,False
2021-11-28 10:10:00,-1.1080030962151162,False
2021-11-28 10:20:00,-1.0512723895531906,False
2021-11-28 10:30:00,-1.0538648190046616,False
2021-11-28 10:40:00,-0.8681001761475443,False
2021-11-28 10:50:00,-1.0453779910079932,False
2021-11-28 11:00:00,-1.01937420743341,False
2021-11-28 11:10:00,-1.0520626022287307,False
2021-11-28 11:20:00,-1.1710589524742934,False
2021-11-28 11:30:00,-0.9342140385959901,False
2021-11-28 11:40:00,-0.9634039499747472,False
2021-11-28 11:50:00,-0.871973661312021,False
2021-11-28 12:00:00,-0.9539718040423065,False
2021-11-28 12:10:00,-0.9048537774454997,False
2021-11-28 12:20:00,-1.0884466088333786,False
2021-11-28 12:30:00,-1.2628596766050073,False
2021-11-28 12:40:00,-1.0140136262394055,False
2021-11-28 12:50:00,-0.9589449424525406,False
2021-11-28 13:00:00,-1.0125230621365924,False
2021-11-28 13:10:00,-0.843013154678188,False
2021-11-28 13:20:00,-0.9353161081257988,False
2021-11-28 13:30:00,,False
2021-11-28 13:40:00,-0.9863294399116597,False
2021-11-28 13:50:00,-1.1728233537973776,False
2021-11-28 14:00:00,-1.0251571167220093,False
2021-11-28 14:10:00,-0.9225080039500895,False
2021-11-28 14:20:00,-0.9850926433946757,False
2021-11-28 14:30:00,-0.8492357787930734,False
2021-11-28 14:40:00,-1.1179822579277274,False
2021-11-28 14:50:00,-1.0466019595793479,False
2021-11-28 15:00:00,,False
2021-11-28 15:10:00,-0.930088428306539,False
2021-11-28 15:20:00,-1.031628945935661,False
2021-11-28 15:30:00,-0.994520022177682,False
2021-11-28 15:40:00,-1.1107578511359966,False
2021-11-28 15:50:00,-1.0895553489845253,False
2021-11-28 16:00:00,,False
2021-11-28 16:10:00,-1.069903696663873,False
2021-11-28 16:20:00,-1.0051897312017242,False
2021-11-28 16:30:00,,False
2021-11-28 16:40:00,-1.0441064543283236,False
2021-11-28 16:50:00,,False
2021-11-28 17:00:00,-0.8752861111010475,False
2021-11-28 17:10:00,-0.9571064084172802,False
2021-11-28 17:20:00,-1.0871836752074768,False
2021-11-28 17:30:00,-0.9694084138362766,False
2021-11-28 17:40:00,-1.1484922786677962,False
2021-11-28 17:50:00,-0.8899185112802447,False
2021-11-28 18:00:00,-1.0157642457685199,False
2021-11-28 18:10:00,-0.9679752263955028,False
2021-11-28 18:20:00,-1.0412726865172488,False
2021-11-28 18:30:00,,False
2021-11-28 18:40:00,-1.0092255852033252,False
2021-11-28 18:50:00,-0.8035924548984517,False
2021-11-28 19:00:00,-1.0801239279867885,False
2021-11-28 19:10:00,-0.9642547497376978,False
2021-11-28 19:20:00,-1.1960961907638183,False
2021-11-28 19:30:00,-0.9908634818071556,False
2021-11-28 19:40:00,-0.8865982413677915,False
2021-11-28 19:50:00,-1.0618335798485112,False
2021-11-28 20:00:00,-1.0864738268773282,False
2021-11-28 20:10:00,-0.877777852971425,False
2021-11-28 20:20:00,-0.9359602698428068,False
2021-11-28 20:30:00,-0.8997334561193215,False
2021-11-28 20:40:00,-1.2396481111462254,False
2021-11-28 20:50:00,-1.1042160164081072,False
2021-11-28 21:00:00,-0.8717473564025257,False
2021-11-28 21:10:00,-1.048831198926851,False
2021-11-28 21:20:00,-1.0149795753094948,False
2021-11-28 21:30:00,-1.0287990902318391,False
2021-11-28 21:40:00,-1.0500507816974354,False
2021-11-28 21:50:00,-0.9696634764223699,False
2021-11-28 22:00:00,-0.9199692938267962,False
2021-11-28 22:10:00,-0.9610610069327818,False
2021-11-28 22:20:00,-1.1955704154414066,False
2021-11-28 22:30:00,-0.9507321734911736,False
2021-11-28 22:40:00,-1.0191611046053002,False
2021-11-28 22:50:00,-0.9755409900970073,False
2021-11-28 23:00:00,-0.9544922591156992,False
2021-11-28 23:10:00,-1.0243875387872698,False
2021-11-28 23:20:00,-0.9424072734607405,False
2021-11-28 23:30:00,-0.948798399689609,False
2021-11-28 23:40:00,-0.927451529357865,False
2021-11-28 23:50:00,-1.0743071563279374,False
2021-11-29 00:00:00,-1.0447234609019922,False
2021-11-29 00:10:00,-0.9270157886574282,False
2021-11-29 00:20:00,-0.9990507934310134,False
2021-11-29 00:30:00,-0.9488015235071289,False
2021-11-29 00:40:00,-0.9120433149999059,False
2021-11-29 00:50:00,-0.9198226713300237,False
2021-11-29 01:00:00,-1.0170750691928703,False
2021-11-29 01:10:00,-1.0574795364689737,False
2021-11-29 01:20:00,-1.0663586662479674,False
2021-11-29 01:30:00,-0.846571159179692,False
2021-11-29 01:40:00,-0.8151853002076757,False
2021-11-29 01:50:00,-0.9759647356450794,False
2021-11-29 02:00:00,-0.9750133227120172,False
2021-11-29 02:10:00,-1.0003196698073318,False
2021-11-29 02:20:00,-1.0815193259033689,False
2021-11-29 02:30:00,-1.1454045869065212,False
2021-11-29 02:40:00,-1.088463432673851,False
2021-11-29 02:50:00,-1.0499926672604034,False
2021-11-29 03:00:00,-1.054571212341929,False
2021-11-29 03:10:00,-0.9038823211272051,False
2021-11-29 03:20:00,-0.9242845765288457,False
2021-11-29 03:30:00,-1.0706681416107002,False
2021-11-29 03:40:00,-1.2113413261745687,False
2021-11-29 03:50:00,-1.148940951076992,False
2021-11-29 04:00:00,-0.8730699406204598,False
2021-11-29 04:10:00,-1.1408259099791405,False
2021-11-29 04:20:00,-0.9531510048681194,False
2021-11-29 04:30:00,-0.8780983148482465,False
2021-11-29 04:40:00,-1.0198932107374648,False
2021-11-29 04:50:00,-0.9380208760483688,False
2021-11-29 05:00:00,-1.016956012938068,False
2021-11-29 05:10:00,-0.9656613950743526,False
2021-11-29 05:20:00,-0.9769343079822895,False
2021-11-29 05:30:00,-0.9447733782272885,False
2021-11-29 05:40:00,-0.8854321258215213,False
2021-11-29 05:50:00,-1.116574244581634,False
2021-11-29 06:00:00,-1.0341547468814878,False
2021-11-29 06:10:00,-1.039982428879576,False
2021-11-29 06:20:00,-0.834540446758005,False
2021-11-29 06:30:00,-0.9435016451897643,False
2021-11-29 06:40:00,-0.9943873605423671,False
2021-11-29 06:50:00,-1.0365289978518062,False
2021-11-29 07:00:00,-0.8503286803234267,False
2021-11-29 07:10:00,-0.9891306077933114,False
2021-11-29 07:20:00,-0.8780517514649485,False
2021-11-29 07:30:00,-0.95594436594868,False
2021-11-29 07:40:00,-0.965269245226019,False
2021-11-29 07:50:00,-1.0527772998385005,False
2021-11-29 08:00:00,-1.0557267169396622,False
2021-11-29 08:10:00,-1.0440872563006198,False
2021-11-29 08:20:00,-1.0737830668090946,False
2021-11-29 08:30:00,-0.9600889217968385,False
2021-11-29 08:40:00,,False
2021-11-29 08:50:00,-1.0570007728456934,False
2021-11-29 09:00:00,-1.00376057353334,False
2021-11-29 09:10:00,-0.9108386652015037,False
2021-11-29 09:20:00,-0.7585092453592528,False
2021-11-29 09:30:00,-1.0732816857061827,False
2021-11-29 09:40:00,-0.8375358594707698,False
2021-11-29 09:50:00,-1.1418778322942684,False
2021-11-29 10:00:00,-0.9255575518952622,False
2021-11-29 10:10:00,-1.013759445898193,False
2021-11-29 10:20:00,-0.9819944414571139,False
2021-11-29 10:30:00,-0.9297299383649107,False
2021-11-29 10:40:00,-0.9652164634952711,False
2021-11-29 10:50:00,-0.9629148422727369,False
2021-11-29 11:00:00,-1.0337050819281104,False
2021-11-29 11:10:00,-0.9251280515228124,False
2021-11-29 11:20:00,-0.9956062912675363,False
2021-11-29 11:30:00,-1.0666814235087487,False
2021-11-29 11:40:00,-1.1489379754798208,False
2021-11-29 11:50:00,-0.8339365398157139,False
2021-11-29 12:00:00,-1.095003037435421,False
2021-11-29 12:10:00,,False
2021-11-29 12:20:00,-1.1231034259887689,False
2021-11-29 12:30:00,-1.0664277124707513,False
2021-11-29 12:40:00,-0.8375682808165089,False
2021-11-29 12:50:00,-0.9467476197320731,False
2021-11-29 13:00:00,-1.0943460570051964,False
2021-11-29 13:10:00,-0.9673133194626498,False
2021-11-29 13:20:00,-0.9884597713912544,False
2021-11-29 13:30:00,-0.9065777511611869,False
2021-11-29 13:40:00,-0.9844485073804325,False
2021-11-29 13:50:00,-0.8451192832696657,False
2021-11-29 14:00:00,,False
2021-11-29 14:10:00,-1.1060329437621859,False
2021-11-29 14:20:00,-1.0340200529418142,False
2021-11-29 14:30:00,-0.9427777772635543,False
2021-11-29 14:40:00,-0.8374039773110744,False
2021-11-29 14:50:00,-1.2109948460532087,False
2021-11-29 15:00:00,-1.0203870082466204,False
2021-11-29 15:10:00,-0.9485906462144206,False
2021-11-29 15:20:00,-0.8918809578660378,False
2021-11-29 15:30:00,-0.8924889863879936,False
2021-11-29 15:40:00,-0.970640540230737,False
2021-11-29 15:50:00,-0.9404576305760557,False
2021-11-29 16:00:00,-0.8854431511097134,False
2021-11-29 16:10:00,-1.0802346602365214,False
2021-11-29 16:20:00,-0.958579175577006,False
2021-11-29 16:30:00,-1.0821120732772245,False
2021-11-29 16:40:00,-0.8014230744207944,False
2021-11-29 16:50:00,-0.9024838962072594,False
2021-11-29 17:00:00,-0.9725771154139955,False
2021-11-29 17:10:00,-0.9442027006112362,False
2021-11-29 17:20:00,-1.0268894052446977,False
2021-11-29 17:30:00,-0.9879546382722387,False
2021-11-29 17:40:00,-0.8510838105166367,False
2021-11-29 17:50:00,-1.0959756379499568,False
2021-11-29 18:00:00,-0.9759794379334403,False
2021-11-29 18:10:00,-1.0059397528735021,False
2021-11-29 18:20:00,-0.898470169920986,False
2021-11-29 18:30:00,-0.9419070115366306,False
2021-11-29 18:40:00,-1.003532331572295,False
2021-11-29 18:50:00,-0.9689124580770381,False
2021-11-29 19:00:00,-0.973830365806184,False
2021-11-29 19:10:00,-0.9814642371036403,False
2021-11-29 19:20:00,-1.0282861430813335,False
2021-11-29 19:30:00,-1.0041573455622903,False
2021-11-29 19:40:00,-0.9681565947791698,False
2021-11-29 19:50:00,-1.0230726572463822,False
2021-11-29 20:00:00,-0.9046642254946851,False
2021-11-29 20:10:00,-0.949971587558047,False
2021-11-29 20:20:00,-1.0557748463519605,False
2021-11-29 20:30:00,-1.097118648297751,False
2021-11-29 20:40:00,,False
2021-11-29 20:50:00,-0.9189421078348672,False
2021-11-29 21:00:00,-0.9348652907869341,False
2021-11-29 21:10:00,-0.8747580137972264,False
2021-11-29 21:20:00,-1.0663647574680704,False
2021-11-29 21:30:00,-0.8069554697558388,False
2021-11-29 21:40:00,-0.881421863834175,False
2021-11-29 21:50:00,-0.8994877194447092,False
2021-11-29 22:00:00,-0.9472935468068135,False
2021-11-29 22:10:00,-0.9891375501662342,False
2021-11-29 22:20:00,-1.1283902246295703,False
2021-11-29 22:30:00,-0.9773530649192002,False
2021-11-29 22:40:00,-0.9923858217619836,False
2021-11-29 22:50:00,-1.1385747781544024,False
2021-11-29 23:00:00,-1.0684271096462123,False
2021-11-29 23:10:00,-0.9777653506191353,False
2021-11-29 23:20:00,-0.9965794123636998,False
2021-11-29 23:30:00,-0.8871804044065068,False
2021-11-29 23:40:00,-0.8223933152649543,False
2021-11-29 23:50:00,-0.9478375599061047,False
2021-11-30 00:00:00,-1.0495028773843098,False
2021-11-30 00:10:00,-1.054221218302142,False
2021-11-30 00:20:00,-1.034463942567275,False
2021-11-30 00:30:00,-0.8747572123862404,False
2021-11-30 00:40:00,-0.8059040740881098,False
2021-11-30 00:50:00,-0.9355786163148231,False
2021-11-30 01:00:00,-0.9816376792957756,False
2021-11-30 01:10:00,-1.250915896380152,False
2021-11-30 01:20:00,-1.009460856419026,False
2021-11-30 01:30:00,-0.9551037001680212,False
2021-11-30 01:40:00,-0.8857009638940107,False
2021-11-30 01:50:00,-0.8637067488017067,False
2021-11-30 02:00:00,-1.1698340852844094,False
2021-11-30 02:10:00,-1.0867773097894458,False
2021-11-30 02:20:00,-0.9132642262852964,False
2021-11-30 02:30:00,-1.044177736371066,False
2021-11-30 02:40:00,-0.9319178183939347,False
2021-11-30 02:50:00,-0.9800063924735102,False
2021-11-30 03:00:00,-0.8120100361383418,False
2021-11-30 03:10:00,-1.1885974267244628,False
2021-11-30 03:20:00,-0.9893424170702981,False
2021-11-30 03:30:00,-0.9368097207772602,False
2021-11-30 03:40:00,-0.9687164061194941,False
2021-11-30 03:50:00,-1.0690344644949203,False
2021-11-30 04:00:00,-0.9727591897460286,False
2021-11-30 04:10:00,-0.9164885367006407,False
2021-11-30 04:20:00,-1.117291524469057,False
2021-11-30 04:30:00,,False
2021-11-30 04:40:00,-0.9599677125795573,False
2021-11-30 04:50:00,-1.0355800375097213,False
2021-11-30 05:00:00,-1.1561544896218225,False
2021-11-30 05:10:00,-0.9830174753330636,False
2021-11-30 05:20:00,-0.8921590305622227,False
2021-11-30 05:30:00,-1.1584238570274898,False
2021-11-30 05:40:00,,False
2021-11-30 05:50:00,-1.062914564488548,False
2021-11-30 06:00:00,-0.9577557640477676,False
2021-11-30 06:10:00,,False
2021-11-30 06:20:00,-1.0263175860085891,False
2021-11-30 06:30:00,-0.988920382362765,False
2021-11-30 06:40:00,-0.9177704800585594,False
2021-11-30 06:50:00,-1.010364253159891,False
2021-11-30 07:00:00,-1.0243140128088024,False
2021-11-30 07:10:00,-1.1842104674088785,False
2021-11-30 07:20:00,-1.0463667010216338,False
2021-11-30 07:30:00,-0.9725053275887756,False
2021-11-30 07:40:00,-1.0242596946797407,False
2021-11-30 07:50:00,,False
2021-11-30 08:00:00,-1.077070336399722,False
2021-11-30 08:10:00,-0.95177099105862,False
2021-11-30 08:20:00,-1.0465572684465492,False
2021-11-30 08:30:00,-0.8848765794040253,False
2021-11-30 08:40:00,-0.9628373244790344,False
2021-11-30 08:50:00,-0.9939165082065209,False
2021-11-30 09:00:00,-0.8498057879769222,False
2021-11-30 09:10:00,-1.0077866950344059,False
2021-11-30 09:20:00,-1.0623112736978606,False
2021-11-30 09:30:00,-0.9588231283801585,False
2021-11-30 09:40:00,-0.9619751784128121,False
2021-11-30 09:50:00,-0.9017408849998702,False
2021-11-30 10:00:00,-0.9063383243942553,False
2021-11-30 10:10:00,-1.156920718508719,False
2021-11-30 10:20:00,-1.0612907005628776,False
2021-11-30 10:30:00,-0.8625931463605238,False
2021-11-30 10:40:00,-1.0351726457699972,False
2021-11-30 10:50:00,-1.1131172261401032,False
2021-11-30 11:00:00,-0.9919176908884371,False
2021-11-30 11:10:00,-0.9908551994659591,False
2021-11-30 11:20:00,,False
2021-11-30 11:30:00,-0.998416416782631,False
2021-11-30 11:40:00,-0.9225122538409114,False
2021-11-30 11:50:00,-0.8740818730048268,False
2021-11-30 12:00:00,-0.8934840198546417,False
2021-11-30 12:10:00,-1.1160494832245207,False
2021-11-30 12:20:00,-1.0161545826330918,False
2021-11-30 12:30:00,-0.9703232001277708,False
2021-11-30 12:40:00,-0.9655402151538689,False
2021-11-30 12:50:00,,False
2021-11-30 13:00:00,-1.1839286293590834,False
2021-11-30 13:10:00,-1.0026893520822087,False
2021-11-30 13:20:00,-1.1244871864346897,False
2021-11-30 13:30:00,-0.7654457341386417,False
2021-11-30 13:40:00,-0.8580034098862435,False
2021-11-30 13:50:00,-0.9820511808468897,False
2021-11-30 14:00:00,-1.0846806919383434,False
2021-11-30 14:10:00,-1.2146103241197455,False
2021-11-30 14:20:00,-0.8865778547202501,False
2021-11-30 14:30:00,-1.0595735405405646,False
2021-11-30 14:40:00,-0.9258893289460511,False
2021-11-30 14:50:00,-1.1046330175700423,False
2021-11-30 15:00:00,-0.976247735587061,False
2021-11-30 15:10:00,,False
2021-11-30 15:20:00,-1.3141974742400246,False
2021-11-30 15:30:00,-0.9825783325832778,False
2021-11-30 15:40:00,,False
2021-11-30 15:50:00,,False
2021-11-30 16:00:00,-1.009683507787561,False
2021-11-30 16:10:00,-0.9922648878850584,False
2021-11-30 16:20:00,-0.9079914365310676,False
2021-11-30 16:30:00,-1.1938097016993536,False
2021-11-30 16:40:00,-0.9100798513978094,False
2021-11-30 16:50:00,-0.9334949165899167,False
2021-11-30 17:00:00,-1.0597674140796498,False
2021-11-30 17:10:00,-1.015399004635341,False
2021-11-30 17:20:00,-0.8565558524788988,False
2021-11-30 17:30:00,-1.063881721417887,False
2021-11-30 17:40:00,-1.020928906969041,False
2021-11-30 17:50:00,-1.0325089556606806,False
2021-11-30 18:00:00,-1.0047198881552521,False
2021-11-30 18:10:00,-0.9488801481896725,False
2021-11-30 18:20:00,-0.9204321336589079,False
2021-11-30 18:30:00,-1.0367134571345429,False
2021-11-30 18:40:00,-1.0793945162898195,False
2021-11-30 18:50:00,-0.8884340744842815,False
2021-11-30 19:00:00,-0.9911611927757356,False
2021-11-30 19:10:00,-0.8100575544986955,False
2021-11-30 19:20:00,-1.003882113415652,False
2021-11-30 19:30:00,-0.8782049981529818,False
2021-11-30 19:40:00,-0.9300934567893004,False
2021-11-30 19:50:00,,False
2021-11-30 20:00:00,-1.0848955690686652,False
2021-11-30 20:10:00,-0.9420744459410505,False
2021-11-30 20:20:00,-1.043077303456402,False
2021-11-30 20:30:00,-1.0678507736446483,False
2021-11-30 20:40:00,-0.9802326450654133,False
2021-11-30 20:50:00,-0.9552576761352883,False
2021-11-30 21:00:00,,False
2021-11-30 21:10:00,-0.9929282822644467,False
2021-11-30 21:20:00,-1.1639272089419426,False
2021-11-30 21:30:00,-1.0925903333442013,False
2021-11-30 21:40:00,-0.9564599984583665,False
2021-11-30 21:50:00,-0.9951924374529547,False
2021-11-30 22:00:00,-1.0403929054704046,False
2021-11-30 22:10:00,-0.958221237410336,False
2021-11-30 22:20:00,-1.130446795497222,False
2021-11-30 22:30:00,-0.9859010774439143,False
2021-11-30 22:40:00,-1.0386845673771112,False
2021-11-30 22:50:00,-0.8900102791546237,False
2021-11-30 23:00:00,-0.8249025101123914,False
2021-11-30 23:10:00,-1.1556282229278072,False
2021-11-30 23:20:00,-1.0191067156068012,False
2021-11-30 23:30:00,-0.9515154224216159,False
2021-11-30 23:40:00,-1.066145474595183,False
2021-11-30 23:50:00,-0.9202902064155335,False
2021-12-01 00:00:00,-0.9913074513324116,False
2021-12-01 00:10:00,-0.9557175395667374,False
2021-12-01 00:20:00,-0.9196270137171674,False
2021-12-01 00:30:00,-0.9736188213128402,False
2021-12-01 00:40:00,-1.041159022073246,False
2021-12-01 00:50:00,-1.0273747249235319,False
2021-12-01 01:00:00,,False
2021-12-01 01:10:00,-1.0312489849842104,False
2021-12-01 01:20:00,-0.9459269902726022,False
2021-12-01 01:30:00,-0.9543693544960051,False
2021-12-01 01:40:00,-1.1252971353542762,False
2021-12-01 01:50:00,-0.8752936346407245,False
2021-12-01 02:00:00,-1.039007399750377,False
2021-12-01 02:10:00,-1.1959207721229297,False
2021-12-01 02:20:00,-0.9566832381808879,False
2021-12-01 02:30:00,-1.0119145217091121,False
2021-12-01 02:40:00,-1.0878587818430023,False
2021-12-01 02:50:00,-0.9953179461299716,False
2021-12-01 03:00:00,-0.9137296196216897,False
2021-12-01 03:10:00,-0.7849542961111319,False
2021-12-01 03:20:00,-1.038870525428169,False
2021-12-01 03:30:00,-0.9411492040019153,False
2021-12-01 03:40:00,-0.944068711035363,False
2021-12-01 03:50:00,-0.8825621467813267,False
2021-12-01 04:00:00,-1.0253226050494069,False
2021-12-01 04:10:00,-0.8805167696835569,False
2021-12-01 04:20:00,-1.0861182785446606,False
2021-12-01 04:30:00,-1.0129457045613859,False
2021-12-01 04:40:00,-0.9942175374664121,False
2021-12-01 04:50:00,-0.9796486071281949,False
2021-12-01 05:00:00,-0.9478589411760037,False
2021-12-01 05:10:00,-0.908898672413882,False
2021-12-01 05:20:00,-0.8990186079789297,False
2021-12-01 05:30:00,-1.1392219883519494,False
2021-12-01 05:40:00,-1.0539554597222627,False
2021-12-01 05:50:00,-1.0846768113929282,False
2021-12-01 06:00:00,-1.017374302923321,False
2021-12-01 06:10:00,-0.9909668246822494,False
2021-12-01 06:20:00,-0.9359534006170391,False
2021-12-01 06:30:00,-1.0479931551094124,False
2021-12-01 06:40:00,-0.9123398371810385,False
2021-12-01 06:50:00,-0.9343251731454163,False
2021-12-01 07:00:00,-1.086052954699914,False
2021-12-01 07:10:00,-0.8017470988183562,False
2021-12-01 07:20:00,-1.1790063862760256,False
2021-12-01 07:30:00,-1.0248790127852112,False
2021-12-01 07:40:00,-1.0965965322751332,False
2021-12-01 07:50:00,-1.0788158405782173,False
2021-12-01 08:00:00,-1.0389911123082236,False
2021-12-01 08:10:00,-1.1325590371146337,False
2021-12-01 08:20:00,-1.064297473687388,False
2021-12-01 08:30:00,-0.9384175556070831,False
2021-12-01 08:40:00,-1.0918506725850394,False
2021-12-01 08:50:00,-1.1049201450940511,False
2021-12-01 09:00:00,-0.7804232424147591,False
2021-12-01 09:10:00,-1.0222604379102445,False
2021-12-01 09:20:00,-0.965574480096439,False
2021-12-01 09:30:00,-0.7863579152131742,False
2021-12-01 09:40:00,-0.8981370641412784,False
2021-12-01 09:50:00,-0.9515114934558915,False
2021-12-01 10:00:00,-0.9569751800305715,False
2021-12-01 10:10:00,-1.0041756770846044,False
2021-12-01 10:20:00,,False
2021-12-01 10:30:00,-0.9855383295616574,False
2021-12-01 10:40:00,-1.0012186492056583,False
2021-12-01 10:50:00,-1.007840821772816,False
2021-12-01 11:00:00,-1.0701006315535404,False
2021-12-01 11:10:00,-1.170521853174272,False
2021-12-01 11:20:00,-1.0642652142563689,False
2021-12-01 11:30:00,-0.8777008516602866,False
2021-12-01 11:40:00,-1.1568831335699252,False
2021-12-01 11:50:00,-1.0138860782788526,False
2021-12-01 12:00:00,-0.7831743133179451,False
2021-12-01 12:10:00,-0.8346117822202368,False
2021-12-01 12:20:00,-0.966512140961639,False
2021-12-01 12:30:00,-1.06380517251613,False
2021-12-01 12:40:00,-0.8881802186164509,False
2021-12-01 12:50:00,-0.9748655421579241,False
2021-12-01 13:00:00,-0.7747186495229453,False
2021-12-01 13:10:00,-1.003730217112623,False
2021-12-01 13:20:00,-1.156689644300041,False
2021-12-01 13:30:00,-0.978299396081314,False
2021-12-01 13:40:00,-1.1267891343862253,False
2021-12-01 13:50:00,-1.0413894985373602,False
2021-12-01 14:00:00,-0.9835315388305476,False
2021-12-01 14:10:00,-1.0135620998508912,False
2021-12-01 14:20:00,-1.165056082517726,False
2021-12-01 14:30:00,-0.9912511144560672,False
2021-12-01 14:40:00,-1.0492611119531694,False
2021-12-01 14:50:00,-0.9339619008584661,False
2021-12-01 15:00:00,-1.0302410064200458,False
2021-12-01 15:10:00,-0.9625267648647619,False
2021-12-01 15:20:00,-0.9542401264501936,False
2021-12-01 15:30:00,-0.9836836893231229,False
2021-12-01 15:40:00,-1.028784561207376,False
2021-12-01 15:50:00,-1.1399125638825438,False
2021-12-01 16:00:00,-1.1948151985080746,False
2021-12-01 16:10:00,-1.0079145278566481,False
2021-12-01 16:20:00,-0.9059992188296054,False
2021-12-01 16:30:00,-1.2111557780220532,False
2021-12-01 16:40:00,,False
2021-12-01 16:50:00,,False
2021-12-01 17:00:00,-1.0361125934965099,False
2021-12-01 17:10:00,-1.019068190365675,False
2021-12-01 17:20:00,-0.9858608118257848,False
2021-12-01 17:30:00,-0.9589285689253404,False
2021-12-01 17:40:00,-0.9084551086265549,False
2021-12-01 17:50:00,-1.0223918709626338,False
2021-12-01 18:00:00,-1.0752286888525446,False
2021-12-01 18:10:00,-0.9952816527364052,False
2021-12-01 18:20:00,,False
2021-12-01 18:30:00,-0.8815191123439734,False
2021-12-01 18:40:00,,False
2021-12-01 18:50:00,-1.0771469481763527,False
2021-12-01 19:00:00,,False
2021-12-01 19:10:00,-0.9194154191936506,False
2021-12-01 19:20:00,-0.8112812421818201,False
2021-12-01 19:30:00,-1.0206159654583777,False
2021-12-01 19:40:00,-1.228939903994372,False
2021-12-01 19:50:00,-1.0680298630504867,False
2021-12-01 20:00:00,-0.9186922069714352,False
2021-12-01 20:10:00,-1.1226331418504953,False
2021-12-01 20:20:00,-0.9331265680107701,False
2021-12-01 20:30:00,,False
2021-12-01 20:40:00,-0.9473190893296224,False
2021-12-01 20:50:00,-1.0727903671799977,False
2021-12-01 21:00:00,-1.0599838497138294,False
2021-12-01 21:10:00,-0.8830816151696185,False
2021-12-01 21:20:00,-0.7846870735243108,False
2021-12-01 21:30:00,-1.0531301946751008,False
2021-12-01 21:40:00,-1.1030824762017435,False
2021-12-01 21:50:00,-0.7957769701883359,False
2021-12-01 22:00:00,-1.0750240758509522,False
2021-12-01 22:10:00,-0.8904202906849792,False
2021-12-01 22:20:00,,False
2021-12-01 22:30:00,-0.9771290666268605,False
2021-12-01 22:40:00,-1.0473031874220793,False
2021-12-01 22:50:00,-0.9637291829386521,False
2021-12-01 23:00:00,-0.9565254110868153,False
2021-12-01 23:10:00,-1.0452665385832975,False
2021-12-01 23:20:00,-1.2720459980316223,False
2021-12-01 23:30:00,-0.9342956278126526,False
2021-12-01 23:40:00,-1.091432342050142,False
2021-12-01 23:50:00,-0.9627783275399888,False
2021-12-02 00:00:00,-0.9470301646720352,False
2021-12-02 00:10:00,-1.0591819804337994,False
2021-12-02 00:20:00,-0.9922138881929253,False
2021-12-02 00:30:00,-1.0291531866908035,False
2021-12-02 00:40:00,-0.832494464770323,False
2021-12-02 00:50:00,-0.9842869683968345,False
2021-12-02 01:00:00,-1.0755765614348212,False
2021-12-02 01:10:00,-1.0624167215468927,False
2021-12-02 01:20:00,-0.9586444568245374,False
2021-12-02 01:30:00,-0.9533064413830714,False
2021-12-02 01:40:00,-1.109702630926727,False
2021-12-02 01:50:00,-0.9508255538010348,False
2021-12-02 02:00:00,-0.9208496040346197,False
2021-12-02 02:10:00,-0.9166577762557824,False
2021-12-02 02:20:00,-0.7430367243792122,False
2021-12-02 02:30:00,,False
2021-12-02 02:40:00,-0.855639212990373,False
2021-12-02 02:50:00,,False
2021-12-02 03:00:00,-1.1210108764966336,False
2021-12-02 03:10:00,-0.9147556930016854,False
2021-12-02 03:20:00,-1.009335379785534,False
2021-12-02 03:30:00,-0.8643237431594036,False
2021-12-02 03:40:00,-0.9417138702989587,False
2021-12-02 03:50:00,-0.9510740505563263,False
2021-12-02 04:00:00,,False
2021-12-02 04:10:00,-0.9858020385631603,False
2021-12-02 04:20:00,-0.8374700442740401,False
2021-12-02 04:30:00,-0.9775979360442795,False
2021-12-02 04:40:00,-1.0800073792514846,False
2021-12-02 04:50:00,-1.2207834217345461,False
2021-12-02 05:00:00,-0.9836546663852163,False
2021-12-02 05:10:00,-0.8765414595083165,False
2021-12-02 05:20:00,-0.9841306948259813,False
2021-12-02 05:30:00,-0.933271998760738,False
2021-12-02 05:40:00,-1.0167496296214953,False
2021-12-02 05:50:00,-1.0124659996549876,False
2021-12-02 06:00:00,-1.0155627481378415,False
2021-12-02 06:10:00,-0.9438453689939179,False
2021-12-02 06:20:00,-0.9764732481867066,False
2021-12-02 06:30:00,-0.8894417497042242,False
2021-12-02 06:40:00,-1.1571938674823632,False
2021-12-02 06:50:00,-1.01483712345457,False
2021-12-02 07:00:00,-1.0327872167627645,False
2021-12-02 07:10:00,-0.9901447038646984,False
2021-12-02 07:20:00,-1.0295964288293,False
2021-12-02 07:30:00,-1.0211468808088908,False
2021-12-02 07:40:00,-1.0832364176755975,False
2021-12-02 07:50:00,,False
2021-12-02 08:00:00,-1.0094810289837552,False
2021-12-02 08:10:00,-1.0434940441011686,False
2021-12-02 08:20:00,-0.9363514910929396,False
2021-12-02 08:30:00,-1.0063883258682573,False
2021-12-02 08:40:00,-0.9193492535071354,False
2021-12-02 08:50:00,-0.8149537558291955,False
2021-12-02 09:00:00,,False
2021-12-02 09:10:00,-1.0596055828114435,False
2021-12-02 09:20:00,-1.1571396142624284,False
2021-12-02 09:30:00,-0.9901210470094064,False
2021-12-02 09:40:00,-0.8678952951579845,False
2021-12-02 09:50:00,-1.0619001889820752,False
2021-12-02 10:00:00,-0.8236228880926223,False
2021-12-02 10:10:00,-0.8197116230482586,False
2021-12-02 10:20:00,-1.1576175842462864,False
2021-12-02 10:30:00,-0.9934464466160836,False
2021-12-02 10:40:00,-1.1171407996139806,False
2021-12-02 10:50:00,-0.9794590574639106,False
2021-12-02 11:00:00,-1.0888348427794063,False
2021-12-02 11:10:00,-1.1408539323832159,False
2021-12-02 11:20:00,-0.9144760603110241,False
2021-12-02 11:30:00,-1.145240322380349,False
2021-12-02 11:40:00,-1.124327863788458,False
2021-12-02 11:50:00,-0.9419310004104887,False
2021-12-02 12:00:00,-1.0223197563235893,False
2021-12-02 12:10:00,-1.0792294392813,False
2021-12-02 12:20:00,-0.8961306204535674,False
2021-12-02 12:30:00,-1.0675819826732886,False
2021-12-02 12:40:00,-1.0404190119488705,False
2021-12-02 12:50:00,-0.8887528129495486,False
2021-12-02 13:00:00,-1.0306192979170472,False
2021-12-02 13:10:00,-0.9719160217711271,False
2021-12-02 13:20:00,-0.9955170760055935,False
2021-12-02 13:30:00,-1.0194167876443905,False
2021-12-02 13:40:00,-1.018131856236422,False
2021-12-02 13:50:00,-0.9874807022182819,False
2021-12-02 14:00:00,-0.9613888575698927,False
2021-12-02 14:10:00,-1.077161665866451,False
2021-12-02 14:20:00,-0.9072746744775805,False
2021-12-02 14:30:00,-0.9868856944110309,False
2021-12-02 14:40:00,-0.8896597820573251,False
2021-12-02 14:50:00,-1.1202933645424262,False
2021-12-02 15:00:00,-1.09644899589909,False
2021-12-02 15:10:00,-1.0029929915006988,False
2021-12-02 15:20:00,-1.142872249831172,False
2021-12-02 15:30:00,-1.1267584490024176,False
2021-12-02 15:40:00,-0.8770342211155451,False
2021-12-02 15:50:00,-1.1519037825337477,False
2021-12-02 16:00:00,-1.108410724722153,False
2021-12-02 16:10:00,-1.0876403618802237,False
2021-12-02 16:20:00,-0.9324666459581442,False
2021-12-02 16:30:00,-0.8031496105482735,False
2021-12-02 16:40:00,-1.0177046362568787,False
2021-12-02 16:50:00,-1.1463577776582503,False
2021-12-02 17:00:00,-1.0082576655566606,False
2021-12-02 17:10:00,-1.1385302541824405,False
2021-12-02 17:20:00,-1.1289385884439105,False
2021-12-02 17:30:00,,False
2021-12-02 17:40:00,-1.0276104148507699,False
2021-12-02 17:50:00,-1.1763458037085812,False
2021-12-02 18:00:00,-1.0599208904403867,False
2021-12-02 18:10:00,-0.8305621278692403,False
2021-12-02 18:20:00,-0.8308609430100791,False
2021-12-02 18:30:00,-0.8873173884232748,False
2021-12-02 18:40:00,-1.1537999416417322,False
2021-12-02 18:50:00,-1.028103494639799,False
2021-12-02 19:00:00,-1.1267790885311433,False
2021-12-02 19:10:00,-1.046559463125121,False
2021-12-02 19:20:00,-0.8359934398244748,False
2021-12-02 19:30:00,-1.092563997817401,False
2021-12-02 19:40:00,-0.9268860192167802,False
2021-12-02 19:50:00,-0.8392072155742656,False
2021-12-02 20:00:00,-1.0873028893267949,False
2021-12-02 20:10:00,-0.7856851870559319,False
2021-12-02 20:20:00,-0.9905870228006494,False
2021-12-02 20:30:00,-1.139410133796436,False
2021-12-02 20:40:00,-1.0395655265075214,False
2021-12-02 20:50:00,,False
2021-12-02 21:00:00,,False
2021-12-02 21:10:00,-0.9351408869335744,False
2021-12-02 21:20:00,-0.980914173295435,False
2021-12-02 21:30:00,-1.1735028043700453,False
2021-12-02 21:40:00,-1.1416177840814132,False
2021-12-02 21:50:00,-0.9930442407785056,False
2021-12-02 22:00:00,-0.9928743869494083,False
2021-12-02 22:10:00,-1.0385284174400684,False
2021-12-02 22:20:00,-0.8895990120890755,False
2021-12-02 22:30:00,-0.8049355609685727,False
2021-12-02 22:40:00,-0.9651295664758499,False
2021-12-02 22:50:00,-0.8378050837987218,False
2021-12-02 23:00:00,-1.1093868115608996,False
2021-12-02 23:10:00,-0.9761351095373074,False
2021-12-02 23:20:00,-1.104617788300159,False
2021-12-02 23:30:00,-1.0716199701122768,False
2021-12-02 23:40:00,-1.120993833477757,False
2021-12-02 23:50:00,-1.0827341029556394,False
2021-12-03 00:00:00,-1.0257672174389805,False
2021-12-03 00:10:00,-0.955768799970635,False
2021-12-03 00:20:00,-1.0822542560530877,False
2021-12-03 00:30:00,-1.187200666154409,False
2021-12-03 00:40:00,-0.9669201287776307,False
2021-12-03 00:50:00,-0.9910705155648959,False
2021-12-03 01:00:00,-1.1682896813649624,False
2021-12-03 01:10:00,-0.9062126147141206,False
2021-12-03 01:20:00,-1.0752239954060705,False
2021-12-03 01:30:00,-0.9404388302831498,False
2021-12-03 01:40:00,-1.0572810787093136,False
2021-12-03 01:50:00,-1.1663078482125337,False
2021-12-03 02:00:00,-1.0149866949575665,False
2021-12-03 02:10:00,-0.998279721740623,False
2021-12-03 02:20:00,-0.9860543427849303,False
2021-12-03 02:30:00,-0.8649197438175124,False
2021-12-03 02:40:00,-0.9829454059457842,False
2021-12-03 02:50:00,-0.9835533768237026,False
2021-12-03 03:00:00,-0.925235610722108,False
2021-12-03 03:10:00,-1.0478660008429692,False
2021-12-03 03:20:00,-1.0596750349481592,False
2021-12-03 03:30:00,-1.0826144892245764,False
2021-12-03 03:40:00,-1.006031697521939,False
2021-12-03 03:50:00,-0.8925349570648342,False
2021-12-03 04:00:00,-0.8909220996923671,False
2021-12-03 04:10:00,-1.0045554636452245,False
2021-12-03 04:20:00,-0.9552355113209025,False
2021-12-03 04:30:00,-0.8684585142903485,False
2021-12-03 04:40:00,-0.9895600658369423,False
2021-12-03 04:50:00,-1.1187192389094778,False
2021-12-03 05:00:00,-0.8407677170539607,False
2021-12-03 05:10:00,-1.047295874778794,False
2021-12-03 05:20:00,-1.026927778358869,False
2021-12-03 05:30:00,-0.9283554540155932,False
2021-12-03 05:40:00,-1.0033143599102174,False
2021-12-03 05:50:00,-1.0034614816369658,False
2021-12-03 06:00:00,-1.1744153659150693,False
2021-12-03 06:10:00,-1.133918654288852,False
2021-12-03 06:20:00,-0.8948449847190565,False
2021-12-03 06:30:00,-0.8483474290273818,False
2021-12-03 06:40:00,-0.9757932053629133,False
2021-12-03 06:50:00,-0.9552796783654407,False
2021-12-03 07:00:00,-1.073025145407141,False
2021-12-03 07:10:00,-0.9827076135774403,False
2021-12-03 07:20:00,-0.9691872077736878,False
2021-12-03 07:30:00,-0.8643914798221044,False
2021-12-03 07:40:00,-1.0483750903653404,False
2021-12-03 07:50:00,-0.9549519914865252,False
2021-12-03 08:00:00,-1.0637782306846943,False
2021-12-03 08:10:00,-1.0433189554089646,False
2021-12-03 08:20:00,-1.019483517881063,False
2021-12-03 08:30:00,-1.0267700554532009,False
2021-12-03 08:40:00,-1.0263788669126777,False
2021-12-03 08:50:00,-1.1419945731037162,False
2021-12-03 09:00:00,-0.9965637031755202,False
2021-12-03 09:10:00,-1.077874147453307,False
2021-12-03 09:20:00,-1.07900278820441,False
2021-12-03 09:30:00,-0.8674030779232793,False
2021-12-03 09:40:00,-0.8494091888101679,False
2021-12-03 09:50:00,-1.1378120983949385,False
2021-12-03 10:00:00,-1.1241595291023632,False
2021-12-03 10:10:00,-1.0539504802611703,False
2021-12-03 10:20:00,-0.8419691843872843,False
2021-12-03 10:30:00,-1.1163159631950532,False
2021-12-03 10:40:00,-1.1895022912592697,False
2021-12-03 10:50:00,,False
2021-12-03 11:00:00,-0.9556314288738792,False
2021-12-03 11:10:00,-1.045142109648724,False
2021-12-03 11:20:00,-1.0597555190230727,False
2021-12-03 11:30:00,-1.0700027996196007,False
2021-12-03 11:40:00,-0.9736282535571447,False
2021-12-03 11:50:00,-1.0576942983885995,False
2021-12-03 12:00:00,-0.9503826742443688,False
2021-12-03 12:10:00,-1.1687352343543678,False
2021-12-03 12:20:00,-1.055952932398856,False
2021-12-03 12:30:00,-0.9157171455638317,False
2021-12-03 12:40:00,-1.0598033516963257,False
2021-12-03 12:50:00,-0.9702626175324757,False
2021-12-03 13:00:00,-1.0842115603410565,False
2021-12-03 13:10:00,-1.0390141920570684,False
2021-12-03 13:20:00,-1.121774696041422,False
2021-12-03 13:30:00,-1.176077751173778,False
2021-12-03 13:40:00,-0.8485451926386105,False
2021-12-03 13:50:00,-0.8717539598773638,False
2021-12-03 14:00:00,-1.1123958525116064,False
2021-12-03 14:10:00,-0.8988131806939456,False
2021-12-03 14:20:00,-0.8797837177572881,False
2021-12-03 14:30:00,-0.8477330183342695,False
2021-12-03 14:40:00,-0.939647311498506,False
2021-12-03 14:50:00,-1.0681186584134599,False
2021-12-03 15:00:00,-0.9281264107378076,False
2021-12-03 15:10:00,-0.9220033573635732,False
2021-12-03 15:20:00,-0.8785425252329638,False
2021-12-03 15:30:00,-0.9049874846870458,False
2021-12-03 15:40:00,-0.9995016712016618,False
2021-12-03 15:50:00,-0.9088462706845857,False
2021-12-03 16:00:00,-1.016883155509514,False
2021-12-03 16:10:00,-1.072050394707981,False
2021-12-03 16:20:00,-1.0769652904288107,False
2021-12-03 16:30:00,-1.0930766428442897,False
2021-12-03 16:40:00,-0.8635033971555178,False
2021-12-03 16:50:00,-0.9104537311578624,False
2021-12-03 17:00:00,-1.0427873262043947,False
2021-12-03 17:10:00,-0.9264641700346545,False
2021-12-03 17:20:00,-1.3006766908365646,False
2021-12-03 17:30:00,-1.2306171950052995,False
2021-12-03 17:40:00,-1.0342769689662827,False
2021-12-03 17:50:00,-1.0086477582674789,False
2021-12-03 18:00:00,-0.948458552856566,False
2021-12-03 18:10:00,-0.923829403781756,False
2021-12-03 18:20:00,-1.0392705103739581,False
2021-12-03 18:30:00,-0.8449830164601775,False
2021-12-03 18:40:00,-1.0728210156071352,False
2021-12-03 18:50:00,-1.1026226249473199,False
2021-12-03 19:00:00,-1.0620454281326728,False
2021-12-03 19:10:00,-0.9190400008471801,False
2021-12-03 19:20:00,-0.9873507233946381,False
2021-12-03 19:30:00,-1.0620301000405177,False
2021-12-03 19:40:00,-0.8948865137872369,False
2021-12-03 19:50:00,-0.9504325327710018,False
2021-12-03 20:00:00,-1.095069369038405,False
2021-12-03 20:10:00,-0.9480123378457058,False
2021-12-03 20:20:00,-1.0788111211393396,False
2021-12-03 20:30:00,-0.9516751340993453,False
2021-12-03 20:40:00,-0.904541927934251,False
2021-12-03 20:50:00,-1.1362003534943788,False
2021-12-03 21:00:00,-1.0402793899190588,False
2021-12-03 21:10:00,-0.8808804708032426,False
2021-12-03 21:20:00,-0.9544670151426999,False
2021-12-03 21:30:00,-0.9444519445538926,False
2021-12-03 21:40:00,-1.0105959389636545,False
2021-12-03 21:50:00,-0.9613040468008808,False
2021-12-03 22:00:00,-1.0417456132122394,False
2021-12-03 22:10:00,-1.020111048237307,False
2021-12-03 22:20:00,-0.7674349045769328,False
2021-12-03 22:30:00,-1.0986186967141716,False
2021-12-03 22:40:00,-0.930932305402497,False
2021-12-03 22:50:00,-0.8947202512351821,False
2021-12-03 23:00:00,-0.9296126926858048,False
2021-12-03 23:10:00,-1.09116784712519,False
2021-12-03 23:20:00,-0.9517986297802096,False
2021-12-03 23:30:00,-1.016560023441988,False
2021-12-03 23:40:00,-0.8442208430978826,False
2021-12-03 23:50:00,-1.0030962277635194,False
2021-12-04 00:00:00,-1.1188767575355063,False
2021-12-04 00:10:00,,False
2021-12-04 00:20:00,-0.9720191965986876,False
2021-12-04 00:30:00,-1.0217854566743954,False
2021-12-04 00:40:00,-1.1132947294348998,False
2021-12-04 00:50:00,,False
2021-12-04 01:00:00,-1.1320220725501768,False
2021-12-04 01:10:00,-0.9910450514052412,False
2021-12-04 01:20:00,-0.9132477636818219,False
2021-12-04 01:30:00,-0.9568547328169135,False
2021-12-04 01:40:00,-1.1503248753544677,False
2021-12-04 01:50:00,-1.092870645148456,False
2021-12-04 02:00:00,-0.9855899211313155,False
2021-12-04 02:10:00,-1.0069416476835984,False
2021-12-04 02:20:00,-0.9809263828632954,False
2021-12-04 02:30:00,-1.1667489035196783,False
2021-12-04 02:40:00,-0.9402158708917236,False
2021-12-04 02:50:00,-0.9541836217878668,False
2021-12-04 03:00:00,-0.8807506896322542,False
2021-12-04 03:10:00,-0.8639655279947079,False
2021-12-04 03:20:00,-0.939179808143779,False
2021-12-04 03:30:00,-0.9758731296271657,False
2021-12-04 03:40:00,-1.0080955311222843,False
2021-12-04 03:50:00,-1.0968785575246243,False
2021-12-04 04:00:00,-0.9337222621293677,False
2021-12-04 04:10:00,-0.9367362205588611,False
2021-12-04 04:20:00,-0.8676620679352011,False
2021-12-04 04:30:00,-1.1311262435544602,False
2021-12-04 04:40:00,-1.0344520719414,False
2021-12-04 04:50:00,-1.1923819770016058,False
2021-12-04 05:00:00,-1.0676234741994755,False
2021-12-04 05:10:00,-0.886766042949502,False
2021-12-04 05:20:00,-1.0678328810562172,False
2021-12-04 05:30:00,-0.9893924312026421,False
2021-12-04 05:40:00,-0.8582192787587071,False
2021-12-04 05:50:00,-1.0005169392600348,False
2021-12-04 06:00:00,-1.1559938553378775,False
2021-12-04 06:10:00,-1.0983308238540217,False
2021-12-04 06:20:00,-0.8447220881638875,False
2021-12-04 06:30:00,-1.035046944002259,False
2021-12-04 06:40:00,-1.0825465093388233,False
2021-12-04 06:50:00,-0.9286952885341357,False
2021-12-04 07:00:00,-1.0391833211755725,False
2021-12-04 07:10:00,-0.8543124639996731,False
2021-12-04 07:20:00,-0.9631077205721317,False
2021-12-04 07:30:00,-0.9011212700965724,False
2021-12-04 07:40:00,-0.9958956188851673,False
2021-12-04 07:50:00,-0.8294746866705713,False
2021-12-04 08:00:00,-0.8730282752210493,False
2021-12-04 08:10:00,-0.8514537994371774,False
2021-12-04 08:20:00,-0.923547371874877,False
2021-12-04 08:30:00,-0.9156316462351276,False
2021-12-04 08:40:00,-0.8771217153234054,False
2021-12-04 08:50:00,-1.0470644906349003,False
2021-12-04 09:00:00,-1.1999452788827862,False
2021-12-04 09:10:00,-1.0025732444393338,False
2021-12-04 09:20:00,-1.0576425955553335,False
2021-12-04 09:30:00,-0.960553977797292,False
2021-12-04 09:40:00,-0.9930391890225677,False
2021-12-04 09:50:00,-1.0437423834224777,False
2021-12-04 10:00:00,-1.0521943169053354,False
2021-12-04 10:10:00,-0.9568829919508808,False
2021-12-04 10:20:00,-0.773816225942654,False
2021-12-04 10:30:00,-1.0279406045408197,False
2021-12-04 10:40:00,-1.0363127505061076,False
2021-12-04 10:50:00,-0.7877778125404019,False
2021-12-04 11:00:00,-1.0157504673331177,False
2021-12-04 11:10:00,,False
2021-12-04 11:20:00,-1.0141333860221917,False
2021-12-04 11:30:00,-1.0197535194588208,False
2021-12-04 11:40:00,-0.9374431152754233,False
2021-12-04 11:50:00,-0.9806971144231833,False
2021-12-04 12:00:00,-0.8269752984787602,False
2021-12-04 12:10:00,-0.9737792451148314,False
2021-12-04 12:20:00,-1.1071657210014991,False
2021-12-04 12:30:00,-1.1637323100155454,False
2021-12-04 12:40:00,-0.9761500557688415,False
2021-12-04 12:50:00,-1.0302921192515753,False
2021-12-04 13:00:00,-1.0131120748741094,False
2021-12-04 13:10:00,-0.9876177852583616,False
2021-12-04 13:20:00,-1.0342867711531807,False
2021-12-04 13:30:00,-1.0280774014291976,False
2021-12-04 13:40:00,-0.9838652104176047,False
2021-12-04 13:50:00,-1.0103337945024626,False
2021-12-04 14:00:00,-0.9423348335052307,False
2021-12-04 14:10:00,-1.0429321013111157,False
2021-12-04 14:20:00,-0.9008611421492098,False
2021-12-04 14:30:00,-1.162277098181574,False
2021-12-04 14:40:00,-0.8792606392614278,False
2021-12-04 14:50:00,-0.9717219705151872,False
2021-12-04 15:00:00,-1.0049741119183289,False
2021-12-04 15:10:00,-1.221880737967156,False
2021-12-04 15:20:00,-0.9370130687068579,False
2021-12-04 15:30:00,-0.9733694574428493,False
2021-12-04 15:40:00,-0.9616786270791435,False
2021-12-04 15:50:00,-1.0341944535739134,False
2021-12-04 16:00:00,-0.8574955582328025,False
2021-12-04 16:10:00,-1.0371143382388626,False
2021-12-04 16:20:00,-0.9768154320747462,False
2021-12-04 16:30:00,,False
2021-12-04 16:40:00,-0.9709252114538207,False
2021-12-04 16:50:00,-0.9738857266830744,False
2021-12-04 17:00:00,-1.1063558829814517,False
2021-12-04 17:10:00,-0.8550870871994208,False
2021-12-04 17:20:00,-0.8642072448709717,False
2021-12-04 17:30:00,-1.1705894781064603,False
2021-12-04 17:40:00,-1.0290784604298817,False
2021-12-04 17:50:00,-1.0301660220492597,False
2021-12-04 18:00:00,-1.0308432570822603,False
2021-12-04 18:10:00,-1.0207315869268812,False
2021-12-04 18:20:00,-0.8969977270629474,False
2021-12-04 18:30:00,-0.9047027819397234,False
2021-12-04 18:40:00,-1.02102040624265,False
2021-12-04 18:50:00,-1.1231356968938186,False
2021-12-04 19:00:00,-1.0393308752768713,False
2021-12-04 19:10:00,-1.0017657288470863,False
2021-12-04 19:20:00,-1.0928693467449329,False
2021-12-04 19:30:00,-1.0436524499077038,False
2021-12-04 19:40:00,-0.8706931461424928,False
2021-12-04 19:50:00,-0.9435057612799395,False
2021-12-04 20:00:00,-0.9397532545388948,False
2021-12-04 20:10:00,-0.8831514173068119,False
2021-12-04 20:20:00,-0.963055510365336,False
2021-12-04 20:30:00,-1.0162230695818602,False
2021-12-04 20:40:00,-1.0440934140762785,False
2021-12-04 20:50:00,-0.9911147100932465,False
2021-12-04 21:00:00,-1.0229711655372937,False
2021-12-04 21:10:00,-1.086217142121545,False
2021-12-04 21:20:00,-0.8020503624608906,False
2021-12-04 21:30:00,-1.1475160205397061,False
2021-12-04 21:40:00,-1.0273047510282929,False
2021-12-04 21:50:00,-0.9248279503766778,False
2021-12-04 22:00:00,-0.8951581641622015,False
2021-12-04 22:10:00,-1.067496647573759,False
2021-12-04 22:20:00,-1.034364851899583,False
2021-12-04 22:30:00,-1.0405644895200394,False
2021-12-04 22:40:00,-0.9490845025904477,False
2021-12-04 22:50:00,-0.94575434224964,False
2021-12-04 23:00:00,-0.8747673564819202,False
2021-12-04 23:10:00,-0.9591851557859591,False
2021-12-04 23:20:00,-1.1413122303204244,False
2021-12-04 23:30:00,-1.024020729221681,False
2021-12-04 23:40:00,-0.816972315512311,False
2021-12-04 23:50:00,-0.9713376148504196,False
2021-12-05 00:00:00,-0.9709724690506208,False
2021-12-05 00:10:00,-1.0861958844563842,False
2021-12-05 00:20:00,-0.9812243582255245,False
2021-12-05 00:30:00,-0.9882133176018209,False
2021-12-05 00:40:00,-0.9842055978614519,False
2021-12-05 00:50:00,-1.057522142097108,False
2021-12-05 01:00:00,-1.0686303322863557,False
2021-12-05 01:10:00,-0.8755084353539265,False
2021-12-05 01:20:00,-0.9721415737372123,False
2021-12-05 01:30:00,-1.020798008746378,False
2021-12-05 01:40:00,-1.2551823672845919,False
2021-12-05 01:50:00,-1.1866629219601652,False
2021-12-05 02:00:00,-1.0180919182571118,False
2021-12-05 02:10:00,-0.9321547310800838,False
2021-12-05 02:20:00,-0.8768207080832369,False
2021-12-05 02:30:00,-0.9287723675852703,False
2021-12-05 02:40:00,-0.9231622177315963,False
2021-12-05 02:50:00,-0.9158653931665011,False
2021-12-05 03:00:00,-0.9756567147180262,False
2021-12-05 03:10:00,-1.0723794593325837,False
2021-12-05 03:20:00,-0.8652452476956216,False
2021-12-05 03:30:00,-1.1470561388551817,False
2021-12-05 03:40:00,-1.065463194444917,False
2021-12-05 03:50:00,,False
2021-12-05 04:00:00,-0.9640621187978705,False
2021-12-05 04:10:00,-0.9918905346407358,False
2021-12-05 04:20:00,-1.0128311590667043,False
2021-12-05 04:30:00,-1.0184326365520724,False
2021-12-05 04:40:00,-0.997518205520022,False
2021-12-05 04:50:00,-0.8845538167400342,False
2021-12-05 05:00:00,-0.9228613543419362,False
2021-12-05 05:10:00,-0.9650754027412047,False
2021-12-05 05:20:00,-0.9347687591638408,False
2021-12-05 05:30:00,-0.9569731240298122,False
2021-12-05 05:40:00,-0.9784782401820247,False
2021-12-05 05:50:00,-0.9452997988510347,False
2021-12-05 06:00:00,-1.1091745744133887,False
2021-12-05 06:10:00,-0.9932606886287395,False
2021-12-05 06:20:00,-1.0805846066404707,False
2021-12-05 06:30:00,-1.0851306967428969,False
2021-12-05 06:40:00,-0.8667042933252409,False
2021-12-05 06:50:00,-1.0747554075191992,False
2021-12-05 07:00:00,-1.0518920009792279,False
2021-12-05 07:10:00,-0.9164339674805854,False
2021-12-05 07:20:00,-0.9244198253270377,False
2021-12-05 07:30:00,-0.8670069400511371,False
2021-12-05 07:40:00,-0.8533343819761818,False
2021-12-05 07:50:00,-1.0048654684447094,False
2021-12-05 08:00:00,-1.0369097705580552,False
2021-12-05 08:10:00,-1.1046097055397233,False
2021-12-05 08:20:00,-0.8870048747123374,False
2021-12-05 08:30:00,-0.8311742130808486,False
2021-12-05 08:40:00,,False
2021-12-05 08:50:00,-0.978325960166391,False
2021-12-05 09:00:00,-1.1363280807980833,False
2021-12-05 09:10:00,-0.9338976548890329,False
2021-12-05 09:20:00,-1.0583566417749524,False
2021-12-05 09:30:00,-0.8634314150033213,False
2021-12-05 09:40:00,-0.9567519065452423,False
2021-12-05 09:50:00,-0.8926022104810591,False
2021-12-05 10:00:00,,False
2021-12-05 10:10:00,-1.138701410110424,False
2021-12-05 10:20:00,-0.9357581116149958,False
2021-12-05 10:30:00,-0.996756782100042,False
2021-12-05 10:40:00,-0.9843921029590993,False
2021-12-05 10:50:00,-1.0598457790193048,False
2021-12-05 11:00:00,-1.055497410079509,False
2021-12-05 11:10:00,-1.1182409653756296,False
2021-12-05 11:20:00,-1.1636388125887207,False
2021-12-05 11:30:00,-0.8768394688330965,False
2021-12-05 11:40:00,-0.9282239732095398,False
2021-12-05 11:50:00,-0.8606879778557966,False
2021-12-05 12:00:00,-1.1666705522828187,False
2021-12-05 12:10:00,-1.030326985837267,False
2021-12-05 12:20:00,-0.9459593169150454,False
2021-12-05 12:30:00,-0.8387378657202098,False
2021-12-05 12:40:00,-0.9918227681960595,False
2021-12-05 12:50:00,-1.0182951518955747,False
2021-12-05 13:00:00,-1.1072486904321257,False
2021-12-05 13:10:00,-1.0425905099519608,False
2021-12-05 13:20:00,-0.9256375819602891,False
2021-12-05 13:30:00,-1.0481268770667647,False
2021-12-05 13:40:00,-0.8319691420172922,False
2021-12-05 13:50:00,-1.0081656876780964,False
2021-12-05 14:00:00,-0.9954299628173109,False
2021-12-05 14:10:00,-1.115702512239684,False
2021-12-05 14:20:00,-0.9373517082625668,False
2021-12-05 14:30:00,-0.8397500283437382,False
2021-12-05 14:40:00,-1.0765187296695184,False
2021-12-05 14:50:00,-1.0315853608398426,False
2021-12-05 15:00:00,-1.071066924364577,False
2021-12-05 15:10:00,,False
2021-12-05 15:20:00,-1.0551248367077046,False
2021-12-05 15:30:00,-1.0351805831412715,False
2021-12-05 15:40:00,-1.00076245971688,False
2021-12-05 15:50:00,-1.0114447956100507,False
2021-12-05 16:00:00,-1.1366653667934303,False
2021-12-05 16:10:00,-1.1212925620511685,False
2021-12-05 16:20:00,-0.8659221471105049,False
2021-12-05 16:30:00,-1.0557961562688292,False
2021-12-05 16:40:00,-0.8170918330300007,False
2021-12-05 16:50:00,-1.0221780656668595,False
2021-12-05 17:00:00,-0.9803589588856779,False
2021-12-05 17:10:00,,False
2021-12-05 17:20:00,-0.8366042997177984,False
2021-12-05 17:30:00,-1.0722685719513216,False
2021-12-05 17:40:00,-1.1316046289350645,False
2021-12-05 17:50:00,-1.2355856521378805,False
2021-12-05 18:00:00,,False
2021-12-05 18:10:00,-1.0200488954761537,False
2021-12-05 18:20:00,,False
2021-12-05 18:30:00,,False
2021-12-05 18:40:00,-0.9865907447679325,False
2021-12-05 18:50:00,-0.9467176539992628,False
2021-12-05 19:00:00,-0.8609315376927515,False
2021-12-05 19:10:00,-0.7939776511158914,False
2021-12-05 19:20:00,-1.0834133538384219,False
2021-12-05 19:30:00,-0.9680072761010217,False
2021-12-05 19:40:00,-1.0024900341731526,False
2021-12-05 19:50:00,-1.0244288744785428,False
2021-12-05 20:00:00,-0.9754958493444083,False
2021-12-05 20:10:00,-1.1801624333834098,False
2021-12-05 20:20:00,-0.7915838281034548,False
2021-12-05 20:30:00,-0.9885295984528812,False
2021-12-05 20:40:00,-0.9630081888565064,False
2021-12-05 20:50:00,-0.8581842159354894,False
2021-12-05 21:00:00,-0.7772289838455606,False
2021-12-05 21:10:00,-0.9579374652269914,False
2021-12-05 21:20:00,-1.04555286033567,False
2021-12-05 21:30:00,-1.0683472045763376,False
2021-12-05 21:40:00,-1.1345054857664718,False
2021-12-05 21:50:00,-0.9158079626358308,False
2021-12-05 22:00:00,-0.9236924975613897,False
2021-12-05 22:10:00,-0.8801169435663997,False
2021-12-05 22:20:00,-1.0879737622362589,False
2021-12-05 22:30:00,-0.8901940354251274,False
2021-12-05 22:40:00,,False
2021-12-05 22:50:00,-1.0307310729935932,False
2021-12-05 23:00:00,-1.1139818377101933,False
2021-12-05 23:10:00,-1.1824192607877508,False
2021-12-05 23:20:00,-0.9092083377522348,False
2021-12-05 23:30:00,-0.9775751837565936,False
2021-12-05 23:40:00,-1.0871047032751826,False
2021-12-05 23:50:00,-0.9862750674578884,False
2021-12-06 00:00:00,,False
2021-12-06 00:10:00,-1.075234790133049,False
2021-12-06 00:20:00,-0.8780718974250836,False
2021-12-06 00:30:00,-1.0024343072463144,False
2021-12-06 00:40:00,-1.1081559017790013,False
2021-12-06 00:50:00,-0.9557389295107062,False
2021-12-06 01:00:00,-1.1587597672458947,False
2021-12-06 01:10:00,-1.0984921404724126,False
2021-12-06 01:20:00,-1.08198815458271,False
2021-12-06 01:30:00,-0.9714585817624041,False
2021-12-06 01:40:00,-1.0287360147881919,False
2021-12-06 01:50:00,-1.0073352601808425,False
2021-12-06 02:00:00,-0.8726527837448547,False
2021-12-06 02:10:00,-1.1986665543989286,False
2021-12-06 02:20:00,-1.1478862626948327,False
2021-12-06 02:30:00,-1.067293739842388,False
2021-12-06 02:40:00,-1.0592494174542835,False
2021-12-06 02:50:00,-1.0304494611738513,False
2021-12-06 03:00:00,-1.103114354466745,False
2021-12-06 03:10:00,-1.1498063410334982,False
2021-12-06 03:20:00,-1.1560983165864567,False
2021-12-06 03:30:00,-0.9322349069333495,False
2021-12-06 03:40:00,-1.0603673326403809,False
2021-12-06 03:50:00,-0.9635677183671523,False
2021-12-06 04:00:00,-1.03101689009964,False
2021-12-06 04:10:00,-0.9835068177389417,False
2021-12-06 04:20:00,,False
2021-12-06 04:30:00,-1.0936522015350774,False
2021-12-06 04:40:00,-0.9511571272457274,False
2021-12-06 04:50:00,-1.2716610586157144,False
2021-12-06 05:00:00,-1.018538112677894,False
2021-12-06 05:10:00,-0.8643859701983141,False
2021-12-06 05:20:00,-1.022976387557391,False
2021-12-06 05:30:00,-1.1170478588098673,False
2021-12-06 05:40:00,-0.9974517383581415,False
2021-12-06 05:50:00,-1.1281186487144805,False
2021-12-06 06:00:00,-0.9573863272194048,False
2021-12-06 06:10:00,-0.9538688867204856,False
2021-12-06 06:20:00,-1.0086980135163033,False
2021-12-06 06:30:00,-0.7393876026414956,False
2021-12-06 06:40:00,-1.0266620169328537,False
2021-12-06 06:50:00,-0.780708981378848,False
2021-12-06 07:00:00,-1.0653657670145162,False
2021-12-06 07:10:00,-1.118759471902859,False
2021-12-06 07:20:00,-0.8605141266472762,False
2021-12-06 07:30:00,-1.103426577168087,False
2021-12-06 07:40:00,-1.014062653199942,False
2021-12-06 07:50:00,-0.8851436447214369,False
2021-12-06 08:00:00,-1.075613863629335,False
2021-12-06 08:10:00,-0.9135355869157354,False
2021-12-06 08:20:00,-1.0243875908299007,False
2021-12-06 08:30:00,-1.0006224085363276,False
2021-12-06 08:40:00,-0.9848117045370135,False
2021-12-06 08:50:00,-0.9208874792940269,False
2021-12-06 09:00:00,-0.9995381329269997,False
2021-12-06 09:10:00,-0.8439345325816265,False
2021-12-06 09:20:00,-1.189026679571833,False
2021-12-06 09:30:00,-0.8156654659649738,False
2021-12-06 09:40:00,-1.0824716886264731,False
2021-12-06 09:50:00,-1.0525884334866338,False
2021-12-06 10:00:00,-0.9621865171211742,False
2021-12-06 10:10:00,-0.8838148017760941,False
2021-12-06 10:20:00,-1.062488816253017,False
2021-12-06 10:30:00,-0.9485439904334093,False
2021-12-06 10:40:00,-0.84551413051127,False
2021-12-06 10:50:00,-1.0039837223212644,False
2021-12-06 11:00:00,-0.9394848954594112,False
2021-12-06 11:10:00,-0.9389390118922177,False
2021-12-06 11:20:00,-0.9685716479038426,False
2021-12-06 11:30:00,-0.9953642572241655,False
2021-12-06 11:40:00,-0.9432274701512925,False
2021-12-06 11:50:00,-1.1806278169297977,False
2021-12-06 12:00:00,-1.0068620598291662,False
2021-12-06 12:10:00,-0.8175985862387678,False
2021-12-06 12:20:00,-1.0481833718505946,False
2021-12-06 12:30:00,-0.8740437785684804,False
2021-12-06 12:40:00,-1.0086207783318486,False
2021-12-06 12:50:00,-1.0030561757441478,False
2021-12-06 13:00:00,-0.8193861345349897,False
2021-12-06 13:10:00,-0.8970615299256169,False
2021-12-06 13:20:00,-0.9692486380122418,False
2021-12-06 13:30:00,-1.1136508626606507,False
2021-12-06 13:40:00,-1.0169512488958232,False
2021-12-06 13:50:00,-1.0298294286685956,False
2021-12-06 14:00:00,-1.0989003706304958,False
2021-12-06 14:10:00,-0.8745895527183417,False
2021-12-06 14:20:00,-1.2367857235066184,False
2021-12-06 14:30:00,-0.9618599608819255,False
2021-12-06 14:40:00,-0.9964100167112491,False
2021-12-06 14:50:00,-1.0310133507187167,False
2021-12-06 15:00:00,-1.0790802399353099,False
2021-12-06 15:10:00,-0.9809807051387813,False
2021-12-06 15:20:00,-0.9992951994136515,False
2021-12-06 15:30:00,-1.0486663220220345,False
2021-12-06 15:40:00,-1.051506922602148,False
2021-12-06 15:50:00,-0.999024020219727,False
2021-12-06 16:00:00,-0.9311945907636601,False
2021-12-06 16:10:00,-0.8481879557071477,False
2021-12-06 16:20:00,-0.9111252557847374,False
2021-12-06 16:30:00,-0.8956493110316748,False
2021-12-06 16:40:00,-1.0274737944131418,False
2021-12-06 16:50:00,-1.0194216173107598,False
2021-12-06 17:00:00,-1.0113665641134912,False
2021-12-06 17:10:00,-1.0330848770061412,False
2021-12-06 17:20:00,-0.7908723539673266,False
2021-12-06 17:30:00,-0.9526455153824704,False
2021-12-06 17:40:00,-1.2946613437135954,False
2021-12-06 17:50:00,-1.1084453232251512,False
2021-12-06 18:00:00,-0.9698238360451615,False
2021-12-06 18:10:00,-1.174733012093041,False
2021-12-06 18:20:00,-0.9238273343358364,False
2021-12-06 18:30:00,-0.8823777398238667,False
2021-12-06 18:40:00,-1.0921424669017044,False
2021-12-06 18:50:00,-0.9956532469531775,False
2021-12-06 19:00:00,-1.1344627756610792,False
2021-12-06 19:10:00,-1.0976404953417356,False
2021-12-06 19:20:00,-0.9583388871977281,False
2021-12-06 19:30:00,-0.9790831865244073,False
2021-12-06 19:40:00,-1.2819681113427082,False
2021-12-06 19:50:00,-0.9866628159127074,False
2021-12-06 20:00:00,-1.2188014206926596,False
2021-12-06 20:10:00,-0.8352421338164585,False
2021-12-06 20:20:00,-1.2072185540407792,False
2021-12-06 20:30:00,-1.089136038966719,False
2021-12-06 20:40:00,-0.9759195532557567,False
2021-12-06 20:50:00,-0.9419398800656577,False
2021-12-06 21:00:00,-1.1692981309994241,False
2021-12-06 21:10:00,-1.1263205067288238,False
2021-12-06 21:20:00,-1.1232459336363716,False
2021-12-06 21:30:00,-1.0766797121253353,False
2021-12-06 21:40:00,-1.0974835937935639,False
2021-12-06 21:50:00,-0.9956655166593513,False
2021-12-06 22:00:00,-1.1769212057019476,False
2021-12-06 22:10:00,-1.0224941009101038,False
2021-12-06 22:20:00,-1.0676573711861554,False
2021-12-06 22:30:00,,False
2021-12-06 22:40:00,-1.0854517897854274,False
2021-12-06 22:50:00,-1.0027865378812073,False
2021-12-06 23:00:00,-1.187010418376727,False
2021-12-06 23:10:00,-0.9294075118586619,False
2021-12-06 23:20:00,-1.1094598505454123,False
2021-12-06 23:30:00,-1.1401829959924346,False
2021-12-06 23:40:00,-0.8150999157395588,False
2021-12-06 23:50:00,-0.8245692122801054,False
2021-12-07 00:00:00,-0.9972108474575533,False
2021-12-07 00:10:00,-0.9943395967227249,False
2021-12-07 00:20:00,-1.0414066356695244,False
2021-12-07 00:30:00,-1.0476576272875666,False
2021-12-07 00:40:00,-0.9572424833518821,False
2021-12-07 00:50:00,-0.9652138054515786,False
2021-12-07 01:00:00,-1.181954263796165,False
2021-12-07 01:10:00,-0.9898701680615283,False
2021-12-07 01:20:00,,False
2021-12-07 01:30:00,-0.9080569045895001,False
2021-12-07 01:40:00,-1.0257261457889648,False
2021-12-07 01:50:00,-1.082747528812708,False
2021-12-07 02:00:00,-1.0038020136957304,False
2021-12-07 02:10:00,-1.0194571485345874,False
2021-12-07 02:20:00,-1.0362887394369231,False
2021-12-07 02:30:00,-0.94528107988851,False
2021-12-07 02:40:00,-0.8799810904531746,False
2021-12-07 02:50:00,-1.0175211802030306,False
2021-12-07 03:00:00,,False
2021-12-07 03:10:00,,False
2021-12-07 03:20:00,-0.9930262106497626,False
2021-12-07 03:30:00,-1.0808072716794062,False
2021-12-07 03:40:00,-0.9699406558604787,False
2021-12-07 03:50:00,-0.838052259971151,False
2021-12-07 04:00:00,-1.0152519566635634,False
2021-12-07 04:10:00,-0.9494182657638374,False
2021-12-07 04:20:00,-1.0022723545607586,False
2021-12-07 04:30:00,-1.0313036145035,False
2021-12-07 04:40:00,-1.0826347640431875,False
2021-12-07 04:50:00,-1.0389598235811865,False
2021-12-07 05:00:00,-1.0112984899597472,False
2021-12-07 05:10:00,-1.1442010800630773,False
2021-12-07 05:20:00,-1.142882395035714,False
2021-12-07 05:30:00,-0.9749367783159437,False
2021-12-07 05:40:00,-1.0924799995804884,False
2021-12-07 05:50:00,-1.0170372768688287,False
2021-12-07 06:00:00,-1.0363469697881245,False
2021-12-07 06:10:00,-1.1311288474783747,False
2021-12-07 06:20:00,-0.939979489634782,False
2021-12-07 06:30:00,-0.9289592283387259,False
2021-12-07 06:40:00,-1.18235538342279,False
2021-12-07 06:50:00,-0.9881786831046583,False
2021-12-07 07:00:00,,False
2021-12-07 07:10:00,-0.8192927735397555,False
2021-12-07 07:20:00,-0.7364014284323213,False
2021-12-07 07:30:00,-1.0201771781073299,False
2021-12-07 07:40:00,-0.9002450139903719,False
2021-12-07 07:50:00,-1.0625286578048687,False
2021-12-07 08:00:00,-0.9929471284734215,False
2021-12-07 08:10:00,-1.1216998327260708,False
2021-12-07 08:20:00,-0.6388135301561619,False
2021-12-07 08:30:00,-1.1243030398092957,False
2021-12-07 08:40:00,-0.8886219006615119,False
2021-12-07 08:50:00,-1.0526980100403422,False
2021-12-07 09:00:00,-0.9282392671916401,False
2021-12-07 09:10:00,-0.8560365918731614,False
2021-12-07 09:20:00,-0.9871817163779802,False
2021-12-07 09:30:00,-1.1286894573305164,False
2021-12-07 09:40:00,-1.010620298347722,False
2021-12-07 09:50:00,-0.8900512288222389,False
2021-12-07 10:00:00,,False
2021-12-07 10:10:00,-0.8268198010692063,False
2021-12-07 10:20:00,-0.9576606408942603,False
2021-12-07 10:30:00,-1.059219243295497,False
2021-12-07 10:40:00,-0.8739388041339206,False
2021-12-07 10:50:00,-1.0589389791860746,False
2021-12-07 11:00:00,-1.2061066768700592,False
2021-12-07 11:10:00,-1.0391337525505713,False
2021-12-07 11:20:00,-0.9775961815129341,False
2021-12-07 11:30:00,-0.9384334809710684,False
2021-12-07 11:40:00,-1.0105306223633288,False
2021-12-07 11:50:00,-0.9356651389224625,False
2021-12-07 12:00:00,-0.880900499276835,False
2021-12-07 12:10:00,-0.9982792907182333,False
2021-12-07 12:20:00,,False
2021-12-07 12:30:00,-1.0670536444602978,False
2021-12-07 12:40:00,-0.9069937146133565,False
2021-12-07 12:50:00,-0.9792990159748917,False
2021-12-07 13:00:00,-0.9778492846874596,False
2021-12-07 13:10:00,-0.8086802156947688,False
2021-12-07 13:20:00,-0.9845367791403289,False
2021-12-07 13:30:00,-0.972888269363396,False
2021-12-07 13:40:00,-0.927009529006177,False
2021-12-07 13:50:00,-0.9473734476167058,False
2021-12-07 14:00:00,-1.0503028202733928,False
2021-12-07 14:10:00,-0.8868765538836134,False
2021-12-07 14:20:00,-0.9516187737147153,False
2021-12-07 14:30:00,-1.0176751147424061,False
2021-12-07 14:40:00,-0.9785771729691831,False
2021-12-07 14:50:00,-1.0845504905743344,False
2021-12-07 15:00:00,-0.9327332011332347,False
2021-12-07 15:10:00,-0.9701624889415096,False
2021-12-07 15:20:00,-1.0217892642008641,False
2021-12-07 15:30:00,,False
2021-12-07 15:40:00,-1.0587545713922049,False
2021-12-07 15:50:00,-1.0726447343606431,False
2021-12-07 16:00:00,-0.9240057947423049,False
2021-12-07 16:10:00,-0.8556890889494471,False
2021-12-07 16:20:00,-0.9821942798591131,False
2021-12-07 16:30:00,-1.0201631956977657,False
2021-12-07 16:40:00,-1.0933469117389223,False
2021-12-07 16:50:00,-1.0010536005004096,False
2021-12-07 17:00:00,-0.8690784861714584,False
2021-12-07 17:10:00,-1.1296321778229506,False
2021-12-07 17:20:00,-1.1672512868352607,False
2021-12-07 17:30:00,-1.0666420752982577,False
2021-12-07 17:40:00,-1.0663594545759811,False
2021-12-07 17:50:00,-1.0742681032197834,False
2021-12-07 18:00:00,-0.8916800021883633,False
2021-12-07 18:10:00,-1.0190335944483446,False
2021-12-07 18:20:00,-0.993092298138676,False
2021-12-07 18:30:00,-1.0705925962407323,False
2021-12-07 18:40:00,-1.0451379545543218,False
2021-12-07 18:50:00,-1.1041295606535375,False
2021-12-07 19:00:00,-1.102188211864918,False
2021-12-07 19:10:00,-0.7880865040117382,False
2021-12-07 19:20:00,-1.0784488235604444,False
2021-12-07 19:30:00,-0.9294649561023595,False
2021-12-07 19:40:00,-0.9721348032853953,False
2021-12-07 19:50:00,-1.128750191595775,False
2021-12-07 20:00:00,-1.1028829518412762,False
2021-12-07 20:10:00,-1.173121562404857,False
2021-12-07 20:20:00,-0.981172331908687,False
2021-12-07 20:30:00,-0.9840728044483913,False
2021-12-07 20:40:00,-0.9912873474390066,False
2021-12-07 20:50:00,-1.0375329037378151,False
2021-12-07 21:00:00,-1.0815798180962142,False
2021-12-07 21:10:00,-1.020911209007642,False
2021-12-07 21:20:00,-0.8830176079170978,False
2021-12-07 21:30:00,-1.1990727036078561,False
2021-12-07 21:40:00,-0.8988229007500317,False
2021-12-07 21:50:00,,False
2021-12-07 22:00:00,-1.0373777917423652,False
2021-12-07 22:10:00,-0.9281219793729181,False
2021-12-07 22:20:00,-0.9871629413246059,False
2021-12-07 22:30:00,-1.0103764888254796,False
2021-12-07 22:40:00,-1.1354365800434678,False
2021-12-07 22:50:00,-1.0074199700647697,False
2021-12-07 23:00:00,-0.9272668103727316,False
2021-12-07 23:10:00,-0.8680209564056907,False
2021-12-07 23:20:00,-0.9591766719310251,False
2021-12-07 23:30:00,-1.0120781383802708,False
2021-12-07 23:40:00,-0.9571271183302354,False
2021-12-07 23:50:00,-0.9699438065682305,False
2021-12-08 00:00:00,-0.8684577942305706,False
2021-12-08 00:10:00,-0.9490544484065491,False
2021-12-08 00:20:00,-0.8512538108242421,False
2021-12-08 00:30:00,,False
2021-12-08 00:40:00,-1.0646621052392689,False
2021-12-08 00:50:00,-0.874668089628812,False
2021-12-08 01:00:00,-1.0118229986955247,False
2021-12-08 01:10:00,-1.0965338627528394,False
2021-12-08 01:20:00,-1.0115280751984843,False
2021-12-08 01:30:00,-1.0472305952795442,False
2021-12-08 01:40:00,-0.9076908812819634,False
2021-12-08 01:50:00,-1.0076949761469518,False
2021-12-08 02:00:00,-0.8763988746690426,False
2021-12-08 02:10:00,-1.1511322876074395,False
2021-12-08 02:20:00,-0.9276454939958039,False
2021-12-08 02:30:00,-1.0336711121018314,False
2021-12-08 02:40:00,-0.8985299234605388,False
2021-12-08 02:50:00,-0.8994964311443987,False
2021-12-08 03:00:00,-1.1733163518118865,False
2021-12-08 03:10:00,-1.1746159153692965,False
2021-12-08 03:20:00,-0.9294203683063933,False
2021-12-08 03:30:00,-1.1454152552883874,False
2021-12-08 03:40:00,-1.07172005358803,False
2021-12-08 03:50:00,-1.0047635147628755,False
2021-12-08 04:00:00,-1.015920678170857,False
2021-12-08 04:10:00,-0.9461049307520076,False
2021-12-08 04:20:00,-1.0550356737986162,False
2021-12-08 04:30:00,-1.0786920977983796,False
2021-12-08 04:40:00,-1.0342514441394888,False
2021-12-08 04:50:00,-1.0301782026266504,False
2021-12-08 05:00:00,,False
2021-12-08 05:10:00,-1.0627007541599616,False
2021-12-08 05:20:00,-1.1280388286772705,False
2021-12-08 05:30:00,-1.1840562342399088,False
2021-12-08 05:40:00,-1.0844044228869874,False
2021-12-08 05:50:00,-0.8818264872559156,False
2021-12-08 06:00:00,-0.8906166561234691,False
2021-12-08 06:10:00,-1.17808802002692,False
2021-12-08 06:20:00,-0.9982902579625456,False
2021-12-08 06:30:00,-1.084304036103367,False
2021-12-08 06:40:00,-1.0539203012639586,False
2021-12-08 06:50:00,-1.011328936920867,False
2021-12-08 07:00:00,-0.960471850015713,False
2021-12-08 07:10:00,-1.1500438324187687,False
2021-12-08 07:20:00,-1.0896055083162612,False
2021-12-08 07:30:00,-1.0696914660615906,False
2021-12-08 07:40:00,-1.2490638124063633,False
2021-12-08 07:50:00,-1.1629512964943802,False
2021-12-08 08:00:00,-0.964109540938453,False
2021-12-08 08:10:00,-1.0298207970194329,False
2021-12-08 08:20:00,-1.041953611415863,False
2021-12-08 08:30:00,-0.8950296551874231,False
2021-12-08 08:40:00,-1.171017168608338,False
2021-12-08 08:50:00,-0.9581528667374648,False
2021-12-08 09:00:00,-1.0142678923756114,False
2021-12-08 09:10:00,,False
2021-12-08 09:20:00,-0.8951419582553832,False
2021-12-08 09:30:00,-0.9883390878248111,False
2021-12-08 09:40:00,,False
2021-12-08 09:50:00,-1.0047319942794515,False
2021-12-08 10:00:00,-0.8253934867467563,False
2021-12-08 10:10:00,-0.8683326053288465,False
2021-12-08 10:20:00,-1.0141644854433847,False
2021-12-08 10:30:00,-1.002151845343859,False
2021-12-08 10:40:00,-1.0402806028056817,False
2021-12-08 10:50:00,-1.048802816144178,False
2021-12-08 11:00:00,-0.9002945706939885,False
2021-12-08 11:10:00,,False
2021-12-08 11:20:00,-1.1310189164414324,False
2021-12-08 11:30:00,-1.0330373245190794,False
2021-12-08 11:40:00,-1.0140975100147114,False
2021-12-08 11:50:00,-1.1384066791866625,False
2021-12-08 12:00:00,-0.8303081333016049,False
2021-12-08 12:10:00,-1.0866888881894645,False
2021-12-08 12:20:00,,False
2021-12-08 12:30:00,-1.0306501402857826,False
2021-12-08 12:40:00,-1.0084000591727325,False
2021-12-08 12:50:00,-0.8677777821548744,False
2021-12-08 13:00:00,,False
2021-12-08 13:10:00,-1.0480528558794724,False
2021-12-08 13:20:00,-1.0727184790685365,False
2021-12-08 13:30:00,-1.2762503962829586,False
2021-12-08 13:40:00,-0.949073182915208,False
2021-12-08 13:50:00,-0.9996906937107591,False
2021-12-08 14:00:00,-1.230954309947195,False
2021-12-08 14:10:00,-1.120756601599447,False
2021-12-08 14:20:00,-1.0423804261670406,False
2021-12-08 14:30:00,-1.024117351517149,False
2021-12-08 14:40:00,-0.9746517898498568,False
2021-12-08 14:50:00,-1.0652481280279096,False
2021-12-08 15:00:00,-0.8171927930940573,False
2021-12-08 15:10:00,-0.9644003007732995,False
2021-12-08 15:20:00,-0.9852780511959115,False
2021-12-08 15:30:00,-0.9091049449779672,False
2021-12-08 15:40:00,-1.0117022664943927,False
2021-12-08 15:50:00,-1.1056360940707806,False
2021-12-08 16:00:00,-1.2082839917473107,False
2021-12-08 16:10:00,-0.9680075222573147,False
2021-12-08 16:20:00,-0.9193174164811424,False
2021-12-08 16:30:00,-1.0963361265070017,False
2021-12-08 16:40:00,-1.0004708805887554,False
2021-12-08 16:50:00,-0.9831830670149041,False
2021-12-08 17:00:00,-0.9551037383417031,False
2021-12-08 17:10:00,,False
2021-12-08 17:20:00,-0.8432387540391582,False
2021-12-08 17:30:00,-1.0105130124483253,False
2021-12-08 17:40:00,-1.0161681980665536,False
2021-12-08 17:50:00,-1.0022992492158294,False
2021-12-08 18:00:00,-1.0739327333748132,False
2021-12-08 18:10:00,-0.9011028143571698,False
2021-12-08 18:20:00,-0.9934461657630955,False
2021-12-08 18:30:00,-0.8977403051705906,False
2021-12-08 18:40:00,-1.1183305757927853,False
2021-12-08 18:50:00,-1.0763727308229736,False
2021-12-08 19:00:00,-1.0531620149030168,False
2021-12-08 19:10:00,-1.184829181741058,False
2021-12-08 19:20:00,-0.8917446111663945,False
2021-12-08 19:30:00,-0.9819929960555541,False
2021-12-08 19:40:00,-0.8323684505943927,False
2021-12-08 19:50:00,-1.0506657990943595,False
2021-12-08 20:00:00,-1.1528613363473734,False
2021-12-08 20:10:00,-1.030072788921797,False
2021-12-08 20:20:00,-1.030366585558279,False
2021-12-08 20:30:00,-1.1779946600709807,False
2021-12-08 20:40:00,-1.1167226995290358,False
2021-12-08 20:50:00,-1.0424356795757086,False
2021-12-08 21:00:00,-0.9912309413230747,False
2021-12-08 21:10:00,-0.9055122856731137,False
2021-12-08 21:20:00,-1.0275865699547482,False
2021-12-08 21:30:00,-1.1842947478876402,False
2021-12-08 21:40:00,-1.0454843076750355,False
2021-12-08 21:50:00,-0.9941092276891947,False
2021-12-08 22:00:00,-1.188186711149912,False
2021-12-08 22:10:00,-0.9247919203434807,False
2021-12-08 22:20:00,-1.169159445074927,False
2021-12-08 22:30:00,-0.8209457079660324,False
2021-12-08 22:40:00,-0.9620033129097478,False
2021-12-08 22:50:00,-1.0101260265178855,False
2021-12-08 23:00:00,-1.0447019735695142,False
2021-12-08 23:10:00,,False
2021-12-08 23:20:00,-1.059949827483782,False
2021-12-08 23:30:00,-1.0827957846100635,False
2021-12-08 23:40:00,-0.9297684247253182,False
2021-12-08 23:50:00,-1.0716156582839214,False
2021-12-09 00:00:00,-1.0338142227347593,False
2021-12-09 00:10:00,-0.9960519607721501,False
2021-12-09 00:20:00,-1.0217024330329987,False
2021-12-09 00:30:00,-1.0257814390547164,False
2021-12-09 00:40:00,-1.0493188774426896,False
2021-12-09 00:50:00,-0.9475440241088727,False
2021-12-09 01:00:00,-0.9916816110049824,False
2021-12-09 01:10:00,-0.8311868854973381,False
2021-12-09 01:20:00,-0.9529540792430471,False
2021-12-09 01:30:00,-0.9888895650654512,False
2021-12-09 01:40:00,-1.0964493239734185,False
2021-12-09 01:50:00,-1.219510116548265,False
2021-12-09 02:00:00,-0.9196900474424301,False
2021-12-09 02:10:00,-1.087527123313856,False
2021-12-09 02:20:00,-0.84832988767392,False
2021-12-09 02:30:00,-1.0416567472955327,False
2021-12-09 02:40:00,-0.9570435513021555,False
2021-12-09 02:50:00,-0.9771617907297194,False
2021-12-09 03:00:00,-1.024605007537548,False
2021-12-09 03:10:00,-0.891990374373983,False
2021-12-09 03:20:00,-0.8566695631044307,False
2021-12-09 03:30:00,-1.154552274699492,False
2021-12-09 03:40:00,-0.995017292770745,False
2021-12-09 03:50:00,-1.0471591353910423,False
2021-12-09 04:00:00,-1.1676724200826376,False
2021-12-09 04:10:00,-0.9438634493767365,False
2021-12-09 04:20:00,-0.8468449594340639,False
2021-12-09 04:30:00,-0.871846020412284,False
2021-12-09 04:40:00,-0.8243512626284906,False
2021-12-09 04:50:00,-1.124445072425506,False
2021-12-09 05:00:00,-0.9180103894826735,False
2021-12-09 05:10:00,-1.129082972968741,False
2021-12-09 05:20:00,-1.1122960330791074,False
2021-12-09 05:30:00,-1.1212014586927377,False
2021-12-09 05:40:00,-1.0587905997680933,False
2021-12-09 05:50:00,-0.9817315142156267,False
2021-12-09 06:00:00,-1.0483275319010792,False
2021-12-09 06:10:00,-1.0931095889311726,False
2021-12-09 06:20:00,-1.1441266487227306,False
2021-12-09 06:30:00,-0.9500368503703651,False
2021-12-09 06:40:00,-1.0161669381883578,False
2021-12-09 06:50:00,-1.1051197406695012,False
2021-12-09 07:00:00,-0.8374053394296626,False
2021-12-09 07:10:00,-1.001488395634692,False
2021-12-09 07:20:00,-1.1112293365353936,False
2021-12-09 07:30:00,-0.9442048029416454,False
2021-12-09 07:40:00,-0.8265281747271294,False
2021-12-09 07:50:00,-1.1485126828806584,False
2021-12-09 08:00:00,-1.0417790853689233,False
2021-12-09 08:10:00,-1.0442745277727656,False
2021-12-09 08:20:00,-0.9273026059061757,False
2021-12-09 08:30:00,-1.0057631587505826,False
2021-12-09 08:40:00,-1.0444468445717643,False
2021-12-09 08:50:00,-0.9624110080111401,False
2021-12-09 09:00:00,-1.2449806974698263,False
2021-12-09 09:10:00,-0.9825845721905958,False
2021-12-09 09:20:00,-1.0751590720694857,False
2021-12-09 09:30:00,-0.9806006144862589,False
2021-12-09 09:40:00,-1.0060658263865105,False
2021-12-09 09:50:00,-1.0050907304191443,False
2021-12-09 10:00:00,-0.9862386013864575,False
2021-12-09 10:10:00,-1.1060370625888751,False
2021-12-09 10:20:00,-1.0191546416292738,False
2021-12-09 10:30:00,-0.8004979085419288,False
2021-12-09 10:40:00,-0.8746313772515348,False
2021-12-09 10:50:00,-1.109829002647766,False
2021-12-09 11:00:00,-0.8910596773081071,False
2021-12-09 11:10:00,,False
2021-12-09 11:20:00,-0.994707024476022,False
2021-12-09 11:30:00,-1.1063620247542438,False
2021-12-09 11:40:00,-1.0387648474981097,False
2021-12-09 11:50:00,-0.974872191780852,False
2021-12-09 12:00:00,-0.8485317168388978,False
2021-12-09 12:10:00,-0.8228780935425596,False
2021-12-09 12:20:00,-1.0570738968818836,False
2021-12-09 12:30:00,-0.8445051232568872,False
2021-12-09 12:40:00,-1.0488451981675522,False
2021-12-09 12:50:00,-1.144199373169448,False
2021-12-09 13:00:00,-1.1555033952894616,False
2021-12-09 13:10:00,-1.1116344157645945,False
2021-12-09 13:20:00,-1.0432524914910866,False
2021-12-09 13:30:00,-0.9657914398422602,False
2021-12-09 13:40:00,-0.909946073052835,False
2021-12-09 13:50:00,-0.9685780393384653,False
2021-12-09 14:00:00,-1.004687487499175,False
2021-12-09 14:10:00,-0.9271041721021994,False
2021-12-09 14:20:00,-0.9719210543646932,False
2021-12-09 14:30:00,-1.136853323293065,False
2021-12-09 14:40:00,-0.925984198095965,False
2021-12-09 14:50:00,-0.8752178916730612,False
2021-12-09 15:00:00,-0.9688740432777203,False
2021-12-09 15:10:00,-0.9940912477188399,False
2021-12-09 15:20:00,-1.1201965551150241,False
2021-12-09 15:30:00,-1.0593585253050135,False
2021-12-09 15:40:00,-0.9560671461124419,False
2021-12-09 15:50:00,-0.9480158132731088,False
2021-12-09 16:00:00,-1.2206774921270047,False
2021-12-09 16:10:00,-0.9899541434732021,False
2021-12-09 16:20:00,-0.9620134291379863,False
2021-12-09 16:30:00,-1.101302170296348,False
2021-12-09 16:40:00,-1.2265392861723508,False
2021-12-09 16:50:00,-0.7736331459093752,False
2021-12-09 17:00:00,-1.062870360460154,False
2021-12-09 17:10:00,-1.0336143285860109,False
2021-12-09 17:20:00,-1.0938804816082124,False
2021-12-09 17:30:00,-1.0575894062939029,False
2021-12-09 17:40:00,-1.0136139925650394,False
2021-12-09 17:50:00,-1.156967459541218,False
2021-12-09 18:00:00,-1.0787048874381249,False
2021-12-09 18:10:00,-1.261559030647895,False
2021-12-09 18:20:00,-0.9346771037006412,False
2021-12-09 18:30:00,-0.8717676646950094,False
2021-12-09 18:40:00,-0.8961578382958637,False
2021-12-09 18:50:00,-1.0182738389918955,False
2021-12-09 19:00:00,,False
2021-12-09 19:10:00,-1.0111940846619945,False
2021-12-09 19:20:00,-0.8891455017286976,False
2021-12-09 19:30:00,-1.0444943997455747,False
2021-12-09 19:40:00,-1.0409065405769706,False
2021-12-09 19:50:00,-0.9529009531687203,False
2021-12-09 20:00:00,-1.1108794257962287,False
2021-12-09 20:10:00,-0.9325565547185662,False
2021-12-09 20:20:00,-0.998699562729022,False
2021-12-09 20:30:00,-0.9203338350532506,False
2021-12-09 20:40:00,-1.1529935955167256,False
2021-12-09 20:50:00,-0.9524811384193549,False
2021-12-09 21:00:00,-1.0558040143203569,False
2021-12-09 21:10:00,-0.8749968114780187,False
2021-12-09 21:20:00,-0.8644279533758695,False
2021-12-09 21:30:00,-0.9753495172720226,False
2021-12-09 21:40:00,-1.0173146753544946,False
2021-12-09 21:50:00,,False
2021-12-09 22:00:00,-0.9315423927525354,False
2021-12-09 22:10:00,-0.9373240048914724,False
2021-12-09 22:20:00,-1.1179064498316191,False
2021-12-09 22:30:00,-0.9468155703126252,False
2021-12-09 22:40:00,-1.013218653933025,False
2021-12-09 22:50:00,-0.9962929789275676,False
2021-12-09 23:00:00,-0.8206463471164558,False
2021-12-09 23:10:00,-1.0175837438581923,False
2021-12-09 23:20:00,-1.1076385755133857,False
2021-12-09 23:30:00,-0.9247582902481909,False
2021-12-09 23:40:00,-1.113842397860736,False
2021-12-09 23:50:00,-1.0765474863526072,False
2021-12-10 00:00:00,-0.8752585461423461,False
2021-12-10 00:10:00,-0.7001323145622924,False
2021-12-10 00:20:00,-1.0517167881609244,False
2021-12-10 00:30:00,-0.761082892702139,False
2021-12-10 00:40:00,-0.9324255648604037,False
2021-12-10 00:50:00,-1.0341693123045606,False
2021-12-10 01:00:00,-1.0810439157673803,False
2021-12-10 01:10:00,-1.1294023385200316,False
2021-12-10 01:20:00,-0.9019070703125641,False
2021-12-10 01:30:00,-1.0027567738690963,False
2021-12-10 01:40:00,-0.9705434083606931,False
2021-12-10 01:50:00,-1.0509744108031356,False
2021-12-10 02:00:00,-0.9311903112346317,False
2021-12-10 02:10:00,-1.0740102582416473,False
2021-12-10 02:20:00,-0.9053646031944032,False
2021-12-10 02:30:00,-0.9140981656664205,False
2021-12-10 02:40:00,-0.8639596076418778,False
2021-12-10 02:50:00,-1.235328196650171,False
2021-12-10 03:00:00,-0.9072439717179348,False
2021-12-10 03:10:00,-0.9313007095129899,False
2021-12-10 03:20:00,-1.0394699764732782,False
2021-12-10 03:30:00,-1.0767092090331087,False
2021-12-10 03:40:00,-1.0747948522403545,False
2021-12-10 03:50:00,-0.9264960231998184,False
2021-12-10 04:00:00,-0.8826596409148506,False
2021-12-10 04:10:00,-0.9033182207852758,False
2021-12-10 04:20:00,-0.8137486538901166,False
2021-12-10 04:30:00,,False
2021-12-10 04:40:00,-1.015099951540917,False
2021-12-10 04:50:00,-1.1404148200602473,False
2021-12-10 05:00:00,,False
2021-12-10 05:10:00,-1.1634050728926444,False
2021-12-10 05:20:00,-0.9316981344246119,False
2021-12-10 05:30:00,-0.841394584844688,False
2021-12-10 05:40:00,-1.0204273572844926,False
2021-12-10 05:50:00,-0.9995561985485573,False
2021-12-10 06:00:00,-1.0173585544767956,False
2021-12-10 06:10:00,-0.9100271837258713,False
2021-12-10 06:20:00,-0.9914336520986153,False
2021-12-10 06:30:00,-0.9686452849490482,False
2021-12-10 06:40:00,-1.0433259632490675,False
2021-12-10 06:50:00,-0.9396233767590823,False
2021-12-10 07:00:00,-1.059431940188746,False
2021-12-10 07:10:00,-0.945733293935902,False
2021-12-10 07:20:00,-0.9162138855538441,False
2021-12-10 07:30:00,-1.0896670211013069,False
2021-12-10 07:40:00,-0.9675124749868873,False
2021-12-10 07:50:00,,False
2021-12-10 08:00:00,-1.0480344682585676,False
2021-12-10 08:10:00,-1.0050427807682292,False
2021-12-10 08:20:00,-1.0875790385295006,False
2021-12-10 08:30:00,-1.1779461156295952,False
2021-12-10 08:40:00,-1.0748616294549487,False
2021-12-10 08:50:00,-0.9982421855426695,False
2021-12-10 09:00:00,-1.2034233217532233,False
2021-12-10 09:10:00,-1.0267796390414154,False
2021-12-10 09:20:00,-1.1610835663770662,False
2021-12-10 09:30:00,-0.881762010963959,False
2021-12-10 09:40:00,-1.1691489536236919,False
2021-12-10 09:50:00,,False
2021-12-10 10:00:00,-0.9279234867425419,False
2021-12-10 10:10:00,-1.041831188623232,False
2021-12-10 10:20:00,-1.222900501118813,False
2021-12-10 10:30:00,-1.0076506085400216,False
2021-12-10 10:40:00,-1.014308055587093,False
2021-12-10 10:50:00,-0.7421844309893093,False
2021-12-10 11:00:00,-1.0617814257828284,False
2021-12-10 11:10:00,-1.1455544240291153,False
2021-12-10 11:20:00,-1.0806352745522592,False
2021-12-10 11:30:00,-0.8860240552348054,False
2021-12-10 11:40:00,-0.9164868792327958,False
2021-12-10 11:50:00,-0.9081182660393394,False
2021-12-10 12:00:00,-1.1480843156608977,False
2021-12-10 12:10:00,-0.9763791491336844,False
2021-12-10 12:20:00,-0.8920779829958694,False
2021-12-10 12:30:00,,False
2021-12-10 12:40:00,-1.0205127494771578,False
2021-12-10 12:50:00,-1.054656424998488,False
2021-12-10 13:00:00,-1.1547446601918274,False
2021-12-10 13:10:00,-0.9684464214795967,False
2021-12-10 13:20:00,-0.9814873220168925,False
2021-12-10 13:30:00,-0.9218166982946487,False
2021-12-10 13:40:00,-0.9324622261086515,False
2021-12-10 13:50:00,,False
2021-12-10 14:00:00,-0.9455029653908456,False
2021-12-10 14:10:00,-1.125479169712786,False
2021-12-10 14:20:00,-0.9726622118703705,False
2021-12-10 14:30:00,-0.9703721936956773,False
2021-12-10 14:40:00,-1.0413810802932695,False
2021-12-10 14:50:00,-0.829990796030724,False
2021-12-10 15:00:00,-0.9812239193168997,False
2021-12-10 15:10:00,-0.9121393938136486,False
2021-12-10 15:20:00,-0.9993307570321092,False
2021-12-10 15:30:00,,False
2021-12-10 15:40:00,-0.9307143082310939,False
2021-12-10 15:50:00,-0.8408027795175137,False
2021-12-10 16:00:00,-1.0706979334058808,False
2021-12-10 16:10:00,-0.9732936454062591,False
2021-12-10 16:20:00,-0.9721147228961258,False
2021-12-10 16:30:00,-1.0761074597796567,False
2021-12-10 16:40:00,-0.9339743343148789,False
2021-12-10 16:50:00,-0.8621016528767576,False
2021-12-10 17:00:00,-0.8971881612993047,False
2021-12-10 17:10:00,,False
2021-12-10 17:20:00,-0.9870004271094307,False
2021-12-10 17:30:00,-0.7434792537952926,False
2021-12-10 17:40:00,-0.8657029742157303,False
2021-12-10 17:50:00,-1.1092861070382836,False
2021-12-10 18:00:00,-0.8505322919151078,False
2021-12-10 18:10:00,-1.0415319658107252,False
2021-12-10 18:20:00,-1.0351559966813617,False
2021-12-10 18:30:00,-0.8653848310977603,False
2021-12-10 18:40:00,-0.9360517747440923,False
2021-12-10 18:50:00,-0.6911012201285633,False
2021-12-10 19:00:00,-0.9880040184076974,False
2021-12-10 19:10:00,-1.099356207493296,False
2021-12-10 19:20:00,-1.1501574247075423,False
2021-12-10 19:30:00,-0.9021464615180328,False
2021-12-10 19:40:00,-1.2526019113066162,False
2021-12-10 19:50:00,-0.9756672086827279,False
2021-12-10 20:00:00,-0.8629079705760929,False
2021-12-10 20:10:00,-0.9825540002601811,False
2021-12-10 20:20:00,-1.083466322189388,False
2021-12-10 20:30:00,-0.9882978509940303,False
2021-12-10 20:40:00,,False
2021-12-10 20:50:00,-0.8998580358600929,False
2021-12-10 21:00:00,-0.6888119428529096,False
2021-12-10 21:10:00,-0.8385271221136269,False
2021-12-10 21:20:00,-0.9521104952652392,False
2021-12-10 21:30:00,-1.1711743029585993,False
2021-12-10 21:40:00,-0.9723116884961999,False
2021-12-10 21:50:00,-0.8881727371310508,False
2021-12-10 22:00:00,,False
2021-12-10 22:10:00,-0.9963193380083049,False
2021-12-10 22:20:00,-0.8836084690412112,False
2021-12-10 22:30:00,-0.8216058180481832,False
2021-12-10 22:40:00,-0.9525312421303826,False
2021-12-10 22:50:00,-0.8536689050236974,False
2021-12-10 23:00:00,-0.8497836994768269,False
2021-12-10 23:10:00,-1.2088365544270148,False
2021-12-10 23:20:00,-0.944141129234035,False
2021-12-10 23:30:00,-0.916559862436862,False
2021-12-10 23:40:00,-1.1363724458937585,False
2021-12-10 23:50:00,-0.9086393273938305,False
2021-12-11 00:00:00,-1.1828774787944811,False
2021-12-11 00:10:00,-1.110842496945399,False
2021-12-11 00:20:00,-1.0064951415109156,False
2021-12-11 00:30:00,-0.9715446437097005,False
2021-12-11 00:40:00,-1.0809213173051053,False
2021-12-11 00:50:00,-1.1442474349300682,False
2021-12-11 01:00:00,-0.9002463772129979,False
2021-12-11 01:10:00,-1.0895761495240135,False
2021-12-11 01:20:00,-0.8910140287049068,False
2021-12-11 01:30:00,-0.8462481036644076,False
2021-12-11 01:40:00,,False
2021-12-11 01:50:00,-1.009571833189299,False
2021-12-11 02:00:00,-1.0024291101679312,False
2021-12-11 02:10:00,-1.0063674594432828,False
2021-12-11 02:20:00,-0.9733106589774482,False
2021-12-11 02:30:00,-1.0017195556782637,False
2021-12-11 02:40:00,-0.9672136513056006,False
2021-12-11 02:50:00,-0.9034769215492134,False
2021-12-11 03:00:00,-0.9067546019502966,False
2021-12-11 03:10:00,-1.0903399202152415,False
2021-12-11 03:20:00,-0.7735981934532967,False
2021-12-11 03:30:00,,False
2021-12-11 03:40:00,-1.1351075914866509,False
2021-12-11 03:50:00,-0.8353670654075024,False
2021-12-11 04:00:00,-1.0186774064792925,False
2021-12-11 04:10:00,-1.0528774589456675,False
2021-12-11 04:20:00,-0.9206592536313265,False
2021-12-11 04:30:00,-0.8905269385405199,False
2021-12-11 04:40:00,-0.8799872707007683,False
2021-12-11 04:50:00,-0.9398299416642808,False
2021-12-11 05:00:00,-1.0574424815274315,False
2021-12-11 05:10:00,-1.0439271689059955,False
2021-12-11 05:20:00,-0.7921712023782804,False
2021-12-11 05:30:00,-0.9645180197009546,False
2021-12-11 05:40:00,-1.101799518180096,False
2021-12-11 05:50:00,-1.0200659434231671,False
2021-12-11 06:00:00,-1.0228213915318582,False
2021-12-11 06:10:00,-0.9774339717967165,False
2021-12-11 06:20:00,-0.9324211997840013,False
2021-12-11 06:30:00,-1.179996267421687,False
2021-12-11 06:40:00,-1.1121913363298124,False
2021-12-11 06:50:00,-1.0736054289367412,False
2021-12-11 07:00:00,-0.9194212747512749,False
2021-12-11 07:10:00,-0.8806937706941182,False
2021-12-11 07:20:00,-1.0825456558641169,False
2021-12-11 07:30:00,-1.0323121807368079,False
2021-12-11 07:40:00,-1.0454857497230121,False
2021-12-11 07:50:00,-0.9139569859751191,False
2021-12-11 08:00:00,,False
2021-12-11 08:10:00,-0.954750891536957,False
2021-12-11 08:20:00,-1.1007218658976103,False
2021-12-11 08:30:00,-1.0176766902693686,False
2021-12-11 08:40:00,-1.0107638870187041,False
2021-12-11 08:50:00,,False
2021-12-11 09:00:00,-0.881876969530298,False
2021-12-11 09:10:00,-1.0519417494948136,False
2021-12-11 09:20:00,-0.8571739533876322,False
2021-12-11 09:30:00,-1.033644735947272,False
2021-12-11 09:40:00,-1.0645756886328732,False
2021-12-11 09:50:00,-0.9883299850871721,False
2021-12-11 10:00:00,-0.9468741252329201,False
2021-12-11 10:10:00,-0.9439399750188129,False
2021-12-11 10:20:00,-0.9283020695678097,False
2021-12-11 10:30:00,-1.1075787057491786,False
2021-12-11 10:40:00,-0.7790703579192144,False
2021-12-11 10:50:00,-1.0099853852289127,False
2021-12-11 11:00:00,-0.9543539433021554,False
2021-12-11 11:10:00,-1.0053114685997866,False
2021-12-11 11:20:00,-0.9101633585951887,False
2021-12-11 11:30:00,-1.0347203686579145,False
2021-12-11 11:40:00,-1.1158350499216612,False
2021-12-11 11:50:00,-1.1197220422111607,False
2021-12-11 12:00:00,-1.005449010534271,False
2021-12-11 12:10:00,-1.0241490790979197,False
2021-12-11 12:20:00,-1.0245831686612057,False
2021-12-11 12:30:00,-1.044607949849055,False
2021-12-11 12:40:00,,False
2021-12-11 12:50:00,-0.9889584278562775,False
2021-12-11 13:00:00,-0.9896849036196869,False
2021-12-11 13:10:00,-1.0377084378499386,False
2021-12-11 13:20:00,-1.1145658177029387,False
2021-12-11 13:30:00,-1.009646302241821,False
2021-12-11 13:40:00,-1.2471848555032907,False
2021-12-11 13:50:00,-0.8240410165452954,False
2021-12-11 14:00:00,-1.0946597547994967,False
2021-12-11 14:10:00,-0.9061334332225869,False
2021-12-11 14:20:00,-1.0711551239170218,False
2021-12-11 14:30:00,-0.8810813415742613,False
2021-12-11 14:40:00,-0.9041852291600341,False
2021-12-11 14:50:00,-0.8586771656373277,False
2021-12-11 15:00:00,-1.0284373594002,False
2021-12-11 15:10:00,-1.1265330403733513,False
2021-12-11 15:20:00,,False
2021-12-11 15:30:00,-0.9840889125315545,False
2021-12-11 15:40:00,-0.9933821805900692,False
2021-12-11 15:50:00,-1.0714193477021707,False
2021-12-11 16:00:00,-0.9352793611802409,False
2021-12-11 16:10:00,-0.9972947402339196,False
2021-12-11 16:20:00,-1.066391453241316,False
2021-12-11 16:30:00,-1.0907941662008724,False
2021-12-11 16:40:00,,False
2021-12-11 16:50:00,-0.9056194296745019,False
2021-12-11 17:00:00,-0.9584342034733787,False
2021-12-11 17:10:00,-1.1156221144938785,False
2021-12-11 17:20:00,-0.7863769773022707,False
2021-12-11 17:30:00,-1.159927212960685,False
2021-12-11 17:40:00,-1.0591122666346227,False
2021-12-11 17:50:00,-0.9642812639900554,False
2021-12-11 18:00:00,-0.9260114830097681,False
2021-12-11 18:10:00,-0.9706554370140988,False
2021-12-11 18:20:00,-1.01491646082172,False
2021-12-11 18:30:00,-0.8217518763487359,False
2021-12-11 18:40:00,-0.8875814805852195,False
2021-12-11 18:50:00,-0.9860328073673694,False
2021-12-11 19:00:00,-0.9405264336474055,False
2021-12-11 19:10:00,-1.0967728692499927,False
2021-12-11 19:20:00,-0.9397076271494123,False
2021-12-11 19:30:00,-1.1734600431610045,False
2021-12-11 19:40:00,-0.9053126156200417,False
2021-12-11 19:50:00,-1.0215818933970344,False
2021-12-11 20:00:00,-1.0263098898205187,False
2021-12-11 20:10:00,-1.039127353400905,False
2021-12-11 20:20:00,-0.8753959876189141,False
2021-12-11 20:30:00,-1.0661554118543772,False
2021-12-11 20:40:00,-0.8340970427810038,False
2021-12-11 20:50:00,-0.9633193439710339,False
2021-12-11 21:00:00,-1.0273060056963395,False
2021-12-11 21:10:00,-1.086662806453718,False
2021-12-11 21:20:00,-1.0049744346220597,False
2021-12-11 21:30:00,-0.9581056351330443,False
2021-12-11 21:40:00,-0.8618760461229451,False
2021-12-11 21:50:00,-0.746289276232248,False
2021-12-11 22:00:00,-1.021862322677682,False
2021-12-11 22:10:00,-0.9558729898111891,False
2021-12-11 22:20:00,-0.9577149204363369,False
2021-12-11 22:30:00,-0.96971591662514,False
2021-12-11 22:40:00,-0.928219092457795,False
2021-12-11 22:50:00,-0.9326049795667692,False
2021-12-11 23:00:00,-0.8880820032886305,False
2021-12-11 23:10:00,-1.0019744847919585,False
2021-12-11 23:20:00,-1.0409535417002198,False
2021-12-11 23:30:00,-1.0546749228486914,False
2021-12-11 23:40:00,-0.7371708812221466,False
2021-12-11 23:50:00,-1.0701712756214137,False
2021-12-12 00:00:00,-1.0690698200814486,False
2021-12-12 00:10:00,-1.0352283523138828,False
2021-12-12 00:20:00,-1.078849107926159,False
2021-12-12 00:30:00,,False
2021-12-12 00:40:00,-0.9715284735257803,False
2021-12-12 00:50:00,-0.8369381801762816,False
2021-12-12 01:00:00,-0.9632480996161095,False
2021-12-12 01:10:00,-0.972566131529472,False
2021-12-12 01:20:00,-1.1413895655062691,False
2021-12-12 01:30:00,-0.8274067245241838,False
2021-12-12 01:40:00,-0.9996744975730671,False
2021-12-12 01:50:00,-1.0589503594979834,False
2021-12-12 02:00:00,-0.8842413101498396,False
2021-12-12 02:10:00,-0.9854792880900602,False
2021-12-12 02:20:00,-1.1200602195760192,False
2021-12-12 02:30:00,-1.1687344165895668,False
2021-12-12 02:40:00,,False
2021-12-12 02:50:00,,False
2021-12-12 03:00:00,-0.9915382007200326,False
2021-12-12 03:10:00,-0.9728853020395111,False
2021-12-12 03:20:00,-0.879766226698899,False
2021-12-12 03:30:00,-0.9318233599630193,False
2021-12-12 03:40:00,-1.0491284996516597,False
2021-12-12 03:50:00,-1.1539301040748686,False
2021-12-12 04:00:00,-0.9387804304882182,False
2021-12-12 04:10:00,-1.130090006417376,False
2021-12-12 04:20:00,-0.9624658568793167,False
2021-12-12 04:30:00,,False
2021-12-12 04:40:00,,False
2021-12-12 04:50:00,-1.0377937000424635,False
2021-12-12 05:00:00,-0.9835974940851402,False
2021-12-12 05:10:00,-0.8258945500006646,False
2021-12-12 05:20:00,,False
2021-12-12 05:30:00,-1.0484890561650186,False
2021-12-12 05:40:00,-0.8904725548444306,False
2021-12-12 05:50:00,-0.8952699779741367,False
2021-12-12 06:00:00,-0.9144707649829635,False
2021-12-12 06:10:00,-0.8673821250673078,False
2021-12-12 06:20:00,-1.2594873162794304,False
2021-12-12 06:30:00,-1.1167161276135065,False
2021-12-12 06:40:00,-1.0271271201537888,False
2021-12-12 06:50:00,-1.2428363827878943,False
2021-12-12 07:00:00,-1.018304312922989,False
2021-12-12 07:10:00,-0.8949482145602217,False
2021-12-12 07:20:00,-1.0818986351581221,False
2021-12-12 07:30:00,-1.026690877093426,False
2021-12-12 07:40:00,-1.0867459057974191,False
2021-12-12 07:50:00,-1.1548008198653266,False
2021-12-12 08:00:00,,False
2021-12-12 08:10:00,-1.0608334432856719,False
2021-12-12 08:20:00,-1.1164016381280524,False
2021-12-12 08:30:00,-1.1084079321527187,False
2021-12-12 08:40:00,-1.029824406693376,False
2021-12-12 08:50:00,,False
2021-12-12 09:00:00,-0.9727942787467946,False
2021-12-12 09:10:00,-1.0886465241166312,False
2021-12-12 09:20:00,-0.9402864174474672,False
2021-12-12 09:30:00,-0.9748487730227028,False
2021-12-12 09:40:00,-1.0655224838577182,False
2021-12-12 09:50:00,-1.0789536870660628,False
2021-12-12 10:00:00,-0.9554571411303057,False
2021-12-12 10:10:00,-1.0452815463872875,False
2021-12-12 10:20:00,-0.9869999388789943,False
2021-12-12 10:30:00,-0.8813508525199714,False
2021-12-12 10:40:00,-0.838156758771694,False
2021-12-12 10:50:00,-0.980231429768721,False
2021-12-12 11:00:00,-1.0323396182352444,False
2021-12-12 11:10:00,-1.148319539334199,False
2021-12-12 11:20:00,-1.009857763587526,False
2021-12-12 11:30:00,-1.1081507850456573,False
2021-12-12 11:40:00,-1.1319127651491627,False
2021-12-12 11:50:00,-1.1153533672207692,False
2021-12-12 12:00:00,-1.1562386986738362,False
2021-12-12 12:10:00,-1.0282986717961464,False
2021-12-12 12:20:00,-0.8148245132159465,False
2021-12-12 12:30:00,-0.8242809271994259,False
2021-12-12 12:40:00,-0.9238880583288039,False
2021-12-12 12:50:00,-1.038557379331708,False
2021-12-12 13:00:00,-1.1026544665336855,False
2021-12-12 13:10:00,-1.188124432527336,False
2021-12-12 13:20:00,-0.9203876238663431,False
2021-12-12 13:30:00,-0.9358194572042547,False
2021-12-12 13:40:00,-1.1649340908653518,False
2021-12-12 13:50:00,-0.8629593126834832,False
2021-12-12 14:00:00,-0.9763781526344982,False
2021-12-12 14:10:00,-0.9747833652552101,False
2021-12-12 14:20:00,-0.9700409690136442,False
2021-12-12 14:30:00,-1.0262758252028563,False
2021-12-12 14:40:00,-1.0136518563921912,False
2021-12-12 14:50:00,-1.1313067062753879,False
2021-12-12 15:00:00,-0.8317575023302323,False
2021-12-12 15:10:00,-0.9543534798577662,False
2021-12-12 15:20:00,-1.1000270829753334,False
2021-12-12 15:30:00,-0.8584891864504602,False
2021-12-12 15:40:00,-1.1512167975571779,False
2021-12-12 15:50:00,-1.1266245714312895,False
2021-12-12 16:00:00,-0.8662119492535592,False
2021-12-12 16:10:00,-0.9746536286714121,False
2021-12-12 16:20:00,-0.9880008712384305,False
2021-12-12 16:30:00,-0.8460732135154876,False
2021-12-12 16:40:00,-1.0320351811535242,False
2021-12-12 16:50:00,-1.0077707180768634,False
2021-12-12 17:00:00,-0.965546110207296,False
2021-12-12 17:10:00,-1.0797573904987856,False
2021-12-12 17:20:00,-1.2591308174258407,False
2021-12-12 17:30:00,-1.0963242960954156,False
2021-12-12 17:40:00,,False
2021-12-12 17:50:00,-0.9583703302014218,False
2021-12-12 18:00:00,-0.8693463265530147,False
2021-12-12 18:10:00,-1.0522726371843347,False
2021-12-12 18:20:00,-0.9664932936987078,False
2021-12-12 18:30:00,-1.011119905879463,False
2021-12-12 18:40:00,-1.1679724205716664,False
2021-12-12 18:50:00,-0.9587257823002364,False
2021-12-12 19:00:00,-1.0183052749125487,False
2021-12-12 19:10:00,-0.8530834548370827,False
2021-12-12 19:20:00,-1.1292905954142682,False
2021-12-12 19:30:00,-0.9240140720076516,False
2021-12-12 19:40:00,-0.8999323540200964,False
2021-12-12 19:50:00,-0.9342907475488015,False
2021-12-12 20:00:00,-0.9715253895976758,False
2021-12-12 20:10:00,-0.9643745419694011,False
2021-12-12 20:20:00,-0.9948579613474872,False
2021-12-12 20:30:00,-1.0620391062634142,False
2021-12-12 20:40:00,-1.0875377678442342,False
2021-12-12 20:50:00,-0.9044043284742992,False
2021-12-12 21:00:00,-0.9349663571497001,False
2021-12-12 21:10:00,-0.9922802270233861,False
2021-12-12 21:20:00,-0.9177339295466376,False
2021-12-12 21:30:00,-1.129030902596159,False
2021-12-12 21:40:00,-1.0981824749848565,False
2021-12-12 21:50:00,-1.0330796483037896,False
2021-12-12 22:00:00,-1.2405580432404166,False
2021-12-12 22:10:00,-0.9317465542665998,False
2021-12-12 22:20:00,-0.9724971112355746,False
2021-12-12 22:30:00,-1.0542858785988796,False
2021-12-12 22:40:00,-1.0450860879781767,False
2021-12-12 22:50:00,-1.018309497131144,False
2021-12-12 23:00:00,-0.9730878482178701,False
2021-12-12 23:10:00,-1.0624575874430178,False
2021-12-12 23:20:00,,False
2021-12-12 23:30:00,-0.9572759406728062,False
2021-12-12 23:40:00,-0.8125333497932246,False
2021-12-12 23:50:00,-0.9872120039694265,False
2021-12-13 00:00:00,-0.9955252331080905,False
2021-12-13 00:10:00,-1.1156401318909692,False
2021-12-13 00:20:00,-1.0703208589121145,False
2021-12-13 00:30:00,-1.0775096299789209,False
2021-12-13 00:40:00,-0.9431275486326829,False
2021-12-13 00:50:00,-1.1208305340895917,False
2021-12-13 01:00:00,-1.0612410148629747,False
2021-12-13 01:10:00,-1.1751185268547153,False
2021-12-13 01:20:00,-1.22967960103171,False
2021-12-13 01:30:00,-0.8973432037254471,False
2021-12-13 01:40:00,-1.0075019942143852,False
2021-12-13 01:50:00,,False
2021-12-13 02:00:00,-0.851186967951775,False
2021-12-13 02:10:00,-0.9195489034860108,False
2021-12-13 02:20:00,-0.9883084033758222,False
2021-12-13 02:30:00,-0.7816141983059334,False
2021-12-13 02:40:00,-1.0000880289407716,False
2021-12-13 02:50:00,-1.1837137969686968,False
2021-12-13 03:00:00,-0.999532182053684,False
2021-12-13 03:10:00,-0.7349419758548685,False
2021-12-13 03:20:00,-0.8690353655696232,False
2021-12-13 03:30:00,-1.0355999228332846,False
2021-12-13 03:40:00,-0.874221672364541,False
2021-12-13 03:50:00,-1.0566411044863058,False
2021-12-13 04:00:00,-1.076590642088925,False
2021-12-13 04:10:00,-1.0418366178544811,False
2021-12-13 04:20:00,,False
2021-12-13 04:30:00,-1.149362784229517,False
2021-12-13 04:40:00,-1.0475880607050594,False
2021-12-13 04:50:00,-0.9253112042866289,False
2021-12-13 05:00:00,-0.8162523795895678,False
2021-12-13 05:10:00,-1.067517038773103,False
2021-12-13 05:20:00,-0.9498039301862857,False
2021-12-13 05:30:00,-1.0707206952064199,False
2021-12-13 05:40:00,-0.8344068404092891,False
2021-12-13 05:50:00,-1.0702482201184538,False
2021-12-13 06:00:00,-0.992021776707784,False
2021-12-13 06:10:00,-0.9600072699469381,False
2021-12-13 06:20:00,,False
2021-12-13 06:30:00,-0.9645125775536552,False
2021-12-13 06:40:00,-0.8852346052705767,False
2021-12-13 06:50:00,-0.8958378196104486,False
2021-12-13 07:00:00,-0.9153421646950332,False
2021-12-13 07:10:00,-1.0622431666692307,False
2021-12-13 07:20:00,-0.9566033886639254,False
2021-12-13 07:30:00,-0.976626552284486,False
2021-12-13 07:40:00,-0.990628501459036,False
2021-12-13 07:50:00,-0.8717393594336352,False
2021-12-13 08:00:00,-1.1672906920324242,False
2021-12-13 08:10:00,-1.0094476232637988,False
2021-12-13 08:20:00,-1.0011559794878195,False
2021-12-13 08:30:00,-0.9746992407172275,False
2021-12-13 08:40:00,-0.9608768389062584,False
2021-12-13 08:50:00,-0.9989223579490161,False
2021-12-13 09:00:00,-0.9364755345203712,False
2021-12-13 09:10:00,-0.9722391525628281,False
2021-12-13 09:20:00,-1.0376604062760488,False
2021-12-13 09:30:00,-1.1348988917945906,False
2021-12-13 09:40:00,-1.0202599766764646,False
2021-12-13 09:50:00,-0.9479590570412118,False
2021-12-13 10:00:00,-0.7988951973000478,False
2021-12-13 10:10:00,-0.9956756419232473,False
2021-12-13 10:20:00,-1.0448640516307535,False
2021-12-13 10:30:00,-1.0492933356784166,False
2021-12-13 10:40:00,-1.0140141230595952,False
2021-12-13 10:50:00,-0.9505209660157883,False
2021-12-13 11:00:00,-1.0512418749067245,False
2021-12-13 11:10:00,-1.1672174077187119,False
2021-12-13 11:20:00,-0.6927819083202187,False
2021-12-13 11:30:00,-0.9782486017763009,False
2021-12-13 11:40:00,-0.9740668397929115,False
2021-12-13 11:50:00,-0.8942127984973505,False
2021-12-13 12:00:00,-1.0282394613790584,False
2021-12-13 12:10:00,-1.0323897336471575,False
2021-12-13 12:20:00,-0.8897408982537055,False
2021-12-13 12:30:00,-1.0486735100436066,False
2021-12-13 12:40:00,-0.9677704535704441,False
2021-12-13 12:50:00,-0.9616707193404489,False
2021-12-13 13:00:00,-0.9630550690777006,False
2021-12-13 13:10:00,-0.9537828273650373,False
2021-12-13 13:20:00,-1.1086615368881683,False
2021-12-13 13:30:00,-1.035438908337146,False
2021-12-13 13:40:00,-1.0383137299686542,False
2021-12-13 13:50:00,-1.071965277763781,False
2021-12-13 14:00:00,-1.040184270737879,False
2021-12-13 14:10:00,-1.014024036097978,False
2021-12-13 14:20:00,-0.8842660567198612,False
2021-12-13 14:30:00,-1.1216040867611188,False
2021-12-13 14:40:00,-0.8222710010948828,False
2021-12-13 14:50:00,-1.212829699382248,False
2021-12-13 15:00:00,-1.1143921689554241,False
2021-12-13 15:10:00,-0.8116262673587289,False
2021-12-13 15:20:00,-1.1366928388910669,False
2021-12-13 15:30:00,-0.9368509514212583,False
2021-12-13 15:40:00,-1.017811524819744,False
2021-12-13 15:50:00,-0.8541487822218946,False
2021-12-13 16:00:00,-1.0307141067658683,False
2021-12-13 16:10:00,-1.1263537761450415,False
2021-12-13 16:20:00,-1.0710666612713713,False
2021-12-13 16:30:00,-1.0627235973885318,False
2021-12-13 16:40:00,-0.8029479301928565,False
2021-12-13 16:50:00,,False
2021-12-13 17:00:00,,False
2021-12-13 17:10:00,-1.0915476800518231,False
2021-12-13 17:20:00,-0.8234068532605087,False
2021-12-13 17:30:00,-0.8941784032678579,False
2021-12-13 17:40:00,-0.9753496128085783,False
2021-12-13 17:50:00,-0.9484996825112427,False
2021-12-13 18:00:00,-1.1196745199870335,False
2021-12-13 18:10:00,-0.7934840235631327,False
2021-12-13 18:20:00,-1.178787568126668,False
2021-12-13 18:30:00,-1.038049349939129,False
2021-12-13 18:40:00,-0.8962854671120601,False
2021-12-13 18:50:00,-1.058488531998755,False
2021-12-13 19:00:00,,False
2021-12-13 19:10:00,-1.039561261210685,False
2021-12-13 19:20:00,-1.0802433999232963,False
2021-12-13 19:30:00,-1.1186461876742968,False
2021-12-13 19:40:00,-0.9232659484167879,False
2021-12-13 19:50:00,,False
2021-12-13 20:00:00,-0.9785152409148439,False
2021-12-13 20:10:00,,False
2021-12-13 20:20:00,-1.0169369945181803,False
2021-12-13 20:30:00,-1.0682820188874242,False
2021-12-13 20:40:00,-1.1804586137014965,False
2021-12-13 20:50:00,-0.809439021287133,False
2021-12-13 21:00:00,-0.9611772189833621,False
2021-12-13 21:10:00,-1.1365257671082758,False
2021-12-13 21:20:00,-1.0328463124239025,False
2021-12-13 21:30:00,-0.8574668433731373,False
2021-12-13 21:40:00,-0.9379665343225899,False
2021-12-13 21:50:00,-0.9047689296247233,False
2021-12-13 22:00:00,-0.9646553669874008,False
2021-12-13 22:10:00,-1.1001738019968386,False
2021-12-13 22:20:00,-1.1737956571535682,False
2021-12-13 22:30:00,-0.980230640707449,False
2021-12-13 22:40:00,-0.9484034241891153,False
2021-12-13 22:50:00,-0.9348373353483868,False
2021-12-13 23:00:00,-0.9889820532765967,False
2021-12-13 23:10:00,-1.209364976577514,False
2021-12-13 23:20:00,-0.8858181117714462,False
2021-12-13 23:30:00,-1.062288761376142,False
2021-12-13 23:40:00,-0.9877081585025151,False
2021-12-13 23:50:00,-1.1079166896584136,False
2021-12-14 00:00:00,-1.0675962242599921,False
2021-12-14 00:10:00,-1.0028317401528062,False
2021-12-14 00:20:00,-1.0171698345311997,False
2021-12-14 00:30:00,-0.9984280529385564,False
2021-12-14 00:40:00,-1.1050562760820042,False
2021-12-14 00:50:00,-0.9795636027328074,False
2021-12-14 01:00:00,-0.9505438553870429,False
2021-12-14 01:10:00,-0.9358283696043442,False
2021-12-14 01:20:00,-1.1329125646523057,False
2021-12-14 01:30:00,-1.0909258145539673,False
2021-12-14 01:40:00,-1.368359004220069,False
2021-12-14 01:50:00,-1.0485165612479528,False
2021-12-14 02:00:00,-1.101698086636236,False
2021-12-14 02:10:00,-0.917389231606591,False
2021-12-14 02:20:00,-1.0786853596130435,False
2021-12-14 02:30:00,-0.984165422799719,False
2021-12-14 02:40:00,-0.9503752485123501,False
2021-12-14 02:50:00,-0.8896222032640563,False
2021-12-14 03:00:00,-1.0373832153278737,False
2021-12-14 03:10:00,,False
2021-12-14 03:20:00,-1.0552999297642196,False
2021-12-14 03:30:00,-0.9739609432941532,False
2021-12-14 03:40:00,-1.0491377940879776,False
2021-12-14 03:50:00,-1.1371614021887098,False
2021-12-14 04:00:00,-1.0391939989626222,False
2021-12-14 04:10:00,-1.0892782910523882,False
2021-12-14 04:20:00,-1.0492817918211828,False
2021-12-14 04:30:00,,False
2021-12-14 04:40:00,-0.939529198117798,False
2021-12-14 04:50:00,-0.927570095247019,False
2021-12-14 05:00:00,-0.9110407736737153,False
2021-12-14 05:10:00,-1.1234982737987043,False
2021-12-14 05:20:00,,False
2021-12-14 05:30:00,-0.8972200104925052,False
2021-12-14 05:40:00,-1.0428692443258305,False
2021-12-14 05:50:00,-1.0337199427595596,False
2021-12-14 06:00:00,-0.9047231689934059,False
2021-12-14 06:10:00,-1.25457589814376,False
2021-12-14 06:20:00,-0.9887224428118628,False
2021-12-14 06:30:00,-1.2670358028813502,False
2021-12-14 06:40:00,-1.1071703363417225,False
2021-12-14 06:50:00,-1.0816549318647501,False
2021-12-14 07:00:00,-0.9191441734949101,False
2021-12-14 07:10:00,-0.8174777370321235,False
2021-12-14 07:20:00,-0.9873992479422902,False
2021-12-14 07:30:00,,False
2021-12-14 07:40:00,-0.9560844283544299,False
2021-12-14 07:50:00,-1.1375129338418046,False
2021-12-14 08:00:00,-0.9954300492057563,False
2021-12-14 08:10:00,-0.8577533241966553,False
2021-12-14 08:20:00,-0.8660049141971322,False
2021-12-14 08:30:00,-0.9871063559709234,False
2021-12-14 08:40:00,-0.8847762990883512,False
2021-12-14 08:50:00,-1.1297419107931024,False
2021-12-14 09:00:00,-0.9313400461994308,False
2021-12-14 09:10:00,-1.0827604048358752,False
2021-12-14 09:20:00,-0.9897104264860508,False
2021-12-14 09:30:00,-0.9263631487286448,False
2021-12-14 09:40:00,-0.9232899343029177,False
2021-12-14 09:50:00,-1.0049282450833987,False
2021-12-14 10:00:00,-0.9030103366476565,False
2021-12-14 10:10:00,-1.0061821533020696,False
2021-12-14 10:20:00,-0.9927236081555213,False
2021-12-14 10:30:00,,False
2021-12-14 10:40:00,-1.002236293498682,False
2021-12-14 10:50:00,-1.2177881404714253,False
2021-12-14 11:00:00,-0.99838286463813,False
2021-12-14 11:10:00,-0.9656962324418377,False
2021-12-14 11:20:00,-0.7519468287194216,False
2021-12-14 11:30:00,-1.035966333936802,False
2021-12-14 11:40:00,,False
2021-12-14 11:50:00,-1.2236139385985476,False
2021-12-14 12:00:00,-1.164694512050658,False
2021-12-14 12:10:00,-1.1072025026841328,False
2021-12-14 12:20:00,-1.0630299202133726,False
2021-12-14 12:30:00,-1.034937815795862,False
2021-12-14 12:40:00,,False
2021-12-14 12:50:00,-1.2059912477738686,False
2021-12-14 13:00:00,,False
2021-12-14 13:10:00,-1.0202146577337798,False
2021-12-14 13:20:00,-1.113957012053996,False
2021-12-14 13:30:00,-1.0470001342268123,False
2021-12-14 13:40:00,-0.9737676831738555,False
2021-12-14 13:50:00,-0.8762518648853147,False
2021-12-14 14:00:00,-0.9726033061366548,False
2021-12-14 14:10:00,-1.0526312299041374,False
2021-12-14 14:20:00,-1.0611710887751735,False
2021-12-14 14:30:00,-1.1699368749670038,False
2021-12-14 14:40:00,-0.8260760376808025,False
2021-12-14 14:50:00,-1.0439244675400075,False
2021-12-14 15:00:00,-0.9073679962679593,False
2021-12-14 15:10:00,-0.901899614328608,False
2021-12-14 15:20:00,-1.0080177169733524,False
2021-12-14 15:30:00,-0.8108678167192482,False
2021-12-14 15:40:00,-1.0818973203981521,False
2021-12-14 15:50:00,-0.9491631828654485,False
2021-12-14 16:00:00,-1.0745244434530008,False
2021-12-14 16:10:00,-1.004687830203821,False
2021-12-14 16:20:00,-0.8820682868870197,False
2021-12-14 16:30:00,-0.7777857793729033,False
2021-12-14 16:40:00,-1.015890727922556,False
2021-12-14 16:50:00,-1.1012717590361252,False
2021-12-14 17:00:00,-1.1176936000527231,False
2021-12-14 17:10:00,-0.9316554377230066,False
2021-12-14 17:20:00,-1.0506763878882905,False
2021-12-14 17:30:00,-0.9799200244541376,False
2021-12-14 17:40:00,-1.0875334430653514,False
2021-12-14 17:50:00,-0.9062190052560439,False
2021-12-14 18:00:00,-0.9794751407113199,False
2021-12-14 18:10:00,,False
2021-12-14 18:20:00,-0.9824911695426505,False
2021-12-14 18:30:00,-1.040480253453368,False
2021-12-14 18:40:00,-1.1067662246896424,False
2021-12-14 18:50:00,-1.1450207940128916,False
2021-12-14 19:00:00,-1.1416611017329263,False
2021-12-14 19:10:00,-1.0837480590302178,False
2021-12-14 19:20:00,-0.9732284556464563,False
2021-12-14 19:30:00,-0.8953212196773034,False
2021-12-14 19:40:00,-1.0626268442119247,False
2021-12-14 19:50:00,-0.9134147039273319,False
2021-12-14 20:00:00,-0.8498468110220357,False
2021-12-14 20:10:00,-1.0354029818737507,False
2021-12-14 20:20:00,,False
2021-12-14 20:30:00,-0.8429193267683888,False
2021-12-14 20:40:00,-0.9020516251181311,False
2021-12-14 20:50:00,-0.8858718344033734,False
2021-12-14 21:00:00,-0.9365781753500726,False
2021-12-14 21:10:00,-0.8764687111835303,False
2021-12-14 21:20:00,-1.0039942542169484,False
2021-12-14 21:30:00,,False
2021-12-14 21:40:00,-0.9078024111807366,False
2021-12-14 21:50:00,-0.9606335950202132,False
2021-12-14 22:00:00,-0.9626846161307598,False
2021-12-14 22:10:00,-1.1431244184988854,False
2021-12-14 22:20:00,-0.9055594390528867,False
2021-12-14 22:30:00,-0.8744954828163342,False
2021-12-14 22:40:00,-1.011496144302473,False
2021-12-14 22:50:00,-1.1562851472564157,False
2021-12-14 23:00:00,-0.9020499572324333,False
2021-12-14 23:10:00,-1.0274933650392237,False
2021-12-14 23:20:00,-0.9173330580759882,False
2021-12-14 23:30:00,-1.0093487656320834,False
2021-12-14 23:40:00,-0.9557476493391396,False
2021-12-14 23:50:00,-1.1801748508124954,False
2021-12-15 00:00:00,-1.0588486641117034,False
2021-12-15 00:10:00,-1.1549628348684426,False
2021-12-15 00:20:00,-0.9509716219837873,False
2021-12-15 00:30:00,-0.8166399673075775,False
2021-12-15 00:40:00,-1.217458117037686,False
2021-12-15 00:50:00,-1.1695588026638877,False
2021-12-15 01:00:00,,False
2021-12-15 01:10:00,-1.0566848528846886,False
2021-12-15 01:20:00,-0.9728808659883662,False
2021-12-15 01:30:00,-1.0035794747188707,False
2021-12-15 01:40:00,-1.138454748336458,False
2021-12-15 01:50:00,-1.0529385616558562,False
2021-12-15 02:00:00,-1.0700270302712303,False
2021-12-15 02:10:00,-1.0696365024791128,False
2021-12-15 02:20:00,-0.7861022894570839,False
2021-12-15 02:30:00,-1.0417112561872484,False
2021-12-15 02:40:00,-1.0044817025203905,False
2021-12-15 02:50:00,-0.923759869906177,False
2021-12-15 03:00:00,-0.9256955493010378,False
2021-12-15 03:10:00,-1.0923712903400515,False
2021-12-15 03:20:00,-1.0630937352209664,False
2021-12-15 03:30:00,-1.156136881918451,False
2021-12-15 03:40:00,-0.896827461088743,False
2021-12-15 03:50:00,-1.1093527164672337,False
2021-12-15 04:00:00,-0.9079614670457757,False
2021-12-15 04:10:00,-1.072992154581025,False
2021-12-15 04:20:00,,False
2021-12-15 04:30:00,,False
2021-12-15 04:40:00,-0.9586767749581283,False
2021-12-15 04:50:00,-0.958239145435211,False
2021-12-15 05:00:00,-1.044057025222271,False
2021-12-15 05:10:00,-0.969089804107498,False
2021-12-15 05:20:00,-0.7956608206852339,False
2021-12-15 05:30:00,-0.9402670951417142,False
2021-12-15 05:40:00,-1.1051929744260125,False
2021-12-15 05:50:00,-0.8874276782293478,False
2021-12-15 06:00:00,-1.1341004603271685,False
2021-12-15 06:10:00,-1.031235818595865,False
2021-12-15 06:20:00,-0.9871112799633532,False
2021-12-15 06:30:00,-1.0879507723032031,False
2021-12-15 06:40:00,-1.111197591509166,False
2021-12-15 06:50:00,-0.9914868443110844,False
2021-12-15 07:00:00,-0.954712759665554,False
2021-12-15 07:10:00,-1.2764599023924164,False
2021-12-15 07:20:00,-0.9275830698696134,False
2021-12-15 07:30:00,-0.9800238160811289,False
2021-12-15 07:40:00,-1.0885963427145884,False
2021-12-15 07:50:00,-0.8794942007136358,False
2021-12-15 08:00:00,-1.1743932655965315,False
2021-12-15 08:10:00,-0.945095770798422,False
2021-12-15 08:20:00,-0.9999504043238617,False
2021-12-15 08:30:00,-1.1141025427616473,False
2021-12-15 08:40:00,-0.967793347128969,False
2021-12-15 08:50:00,-1.116332379487756,False
2021-12-15 09:00:00,-0.9081743212783135,False
2021-12-15 09:10:00,-0.9531894663036247,False
2021-12-15 09:20:00,-0.9922524672668716,False
2021-12-15 09:30:00,-1.02896989581317,False
2021-12-15 09:40:00,-1.0695855339579323,False
2021-12-15 09:50:00,-0.97710364390923,False
2021-12-15 10:00:00,-1.0766450339290206,False
2021-12-15 10:10:00,-1.032274650030512,False
2021-12-15 10:20:00,-0.8742443267145287,False
2021-12-15 10:30:00,,False
2021-12-15 10:40:00,-1.060564580857571,False
2021-12-15 10:50:00,-0.8969281393079976,False
2021-12-15 11:00:00,-0.872183772802934,False
2021-12-15 11:10:00,-1.158755273107625,False
2021-12-15 11:20:00,-1.0573451114598365,False
2021-12-15 11:30:00,-0.9331076919067425,False
2021-12-15 11:40:00,-1.0083288302695146,False
2021-12-15 11:50:00,-0.9190640550731733,False
2021-12-15 12:00:00,-1.0077299640836703,False
2021-12-15 12:10:00,-1.0046292925378055,False
2021-12-15 12:20:00,-1.0437405449219324,False
2021-12-15 12:30:00,-1.031353482767273,False
2021-12-15 12:40:00,-0.9789455885770157,False
2021-12-15 12:50:00,-1.0602353752208,False
2021-12-15 13:00:00,-1.1966168023431623,False
2021-12-15 13:10:00,-1.0011891966652562,False
2021-12-15 13:20:00,-1.1009219486284632,False
2021-12-15 13:30:00,-0.9728033434707664,False
2021-12-15 13:40:00,-1.0915708612083308,False
2021-12-15 13:50:00,-1.0630683053853076,False
2021-12-15 14:00:00,-1.0247407616615165,False
2021-12-15 14:10:00,-0.9793990805105374,False
2021-12-15 14:20:00,-1.0742322643350848,False
2021-12-15 14:30:00,-1.0669473760538846,False
2021-12-15 14:40:00,-0.9914012527364379,False
2021-12-15 14:50:00,-0.9273977532531948,False
2021-12-15 15:00:00,-0.9390670604897421,False
2021-12-15 15:10:00,-1.1093450932219047,False
2021-12-15 15:20:00,-1.0885620097660884,False
2021-12-15 15:30:00,-0.9127314901262428,False
2021-12-15 15:40:00,-1.0685780422041957,False
2021-12-15 15:50:00,-0.9716449702883049,False
2021-12-15 16:00:00,-1.0280325377282817,False
2021-12-15 16:10:00,-0.9486316781797403,False
2021-12-15 16:20:00,-0.9215576441709177,False
2021-12-15 16:30:00,-1.106499359855692,False
2021-12-15 16:40:00,-0.8895618060082738,False
2021-12-15 16:50:00,-0.9128539061308062,False
2021-12-15 17:00:00,-1.0185583019017161,False
2021-12-15 17:10:00,,False
2021-12-15 17:20:00,-0.9823879215590928,False
2021-12-15 17:30:00,-1.201797854162461,False
2021-12-15 17:40:00,-0.9241622425552913,False
2021-12-15 17:50:00,-0.8261610650254053,False
2021-12-15 18:00:00,-0.979615734456564,False
2021-12-15 18:10:00,-0.8425861523759413,False
2021-12-15 18:20:00,-0.8908416504921515,False
2021-12-15 18:30:00,-1.062037521993095,False
2021-12-15 18:40:00,-1.0158862338769172,False
2021-12-15 18:50:00,,False
2021-12-15 19:00:00,-1.0310102625312905,False
2021-12-15 19:10:00,-0.8240568276564978,False
2021-12-15 19:20:00,-0.9681367682544373,False
2021-12-15 19:30:00,-0.9732655823997476,False
2021-12-15 19:40:00,-0.9276908900472779,False
2021-12-15 19:50:00,-0.9395643676916473,False
2021-12-15 20:00:00,-1.059682796680625,False
2021-12-15 20:10:00,-0.9928458530350308,False
2021-12-15 20:20:00,-1.1877525096485524,False
2021-12-15 20:30:00,-0.8969205469549786,False
2021-12-15 20:40:00,-0.9834208051610412,False
2021-12-15 20:50:00,-1.0131238121306703,False
2021-12-15 21:00:00,-0.9458147872117922,False
2021-12-15 21:10:00,-0.8830283146589608,False
2021-12-15 21:20:00,-1.087971979887248,False
2021-12-15 21:30:00,-0.9196899427246528,False
2021-12-15 21:40:00,-0.839831177117389,False
2021-12-15 21:50:00,-0.9582492249178671,False
2021-12-15 22:00:00,-0.9534933056723919,False
2021-12-15 22:10:00,-0.8833216835953475,False
2021-12-15 22:20:00,-1.0950697443692605,False
2021-12-15 22:30:00,-1.076933208595133,False
2021-12-15 22:40:00,-0.9578089214197718,False
2021-12-15 22:50:00,-1.0054187585058096,False
2021-12-15 23:00:00,-0.9956378762919205,False
2021-12-15 23:10:00,-0.8625603035958581,False
2021-12-15 23:20:00,-1.1398225410467844,False
2021-12-15 23:30:00,-0.9587774421782962,False
2021-12-15 23:40:00,-0.9133461298347739,False
2021-12-15 23:50:00,-1.2196667701658637,False
2021-12-16 00:00:00,,False
2021-12-16 00:10:00,-0.8972984980029518,False
2021-12-16 00:20:00,-0.9146161872330488,False
2021-12-16 00:30:00,-0.8909073955567371,False
2021-12-16 00:40:00,-1.229492908296964,False
2021-12-16 00:50:00,-0.9487105031110181,False
2021-12-16 01:00:00,-0.9165505231904556,False
2021-12-16 01:10:00,-1.211143933917179,False
2021-12-16 01:20:00,-0.9576661049667433,False
2021-12-16 01:30:00,-0.8925591528708705,False
2021-12-16 01:40:00,-1.1165371472642178,False
2021-12-16 01:50:00,-1.0481242345515658,False
2021-12-16 02:00:00,-1.1080329838186875,False
2021-12-16 02:10:00,-0.9222821326372296,False
2021-12-16 02:20:00,-1.0515713127750506,False
2021-12-16 02:30:00,-0.8957512071957652,False
2021-12-16 02:40:00,-0.8082627871751842,False
2021-12-16 02:50:00,-0.9611462013667484,False
2021-12-16 03:00:00,-0.9255257747638417,False
2021-12-16 03:10:00,-0.8878069273536915,False
2021-12-16 03:20:00,-1.2521416495773847,False
2021-12-16 03:30:00,-1.0815508013724098,False
2021-12-16 03:40:00,-1.0350373081932989,False
2021-12-16 03:50:00,-0.915966977461675,False
2021-12-16 04:00:00,-1.024203330610803,False
2021-12-16 04:10:00,,False
2021-12-16 04:20:00,-0.9514039269634443,False
2021-12-16 04:30:00,-1.0055484737322145,False
2021-12-16 04:40:00,-1.0270782615810283,False
2021-12-16 04:50:00,-1.08983112929493,False
2021-12-16 05:00:00,-0.8800033164141514,False
2021-12-16 05:10:00,-1.0475408605926724,False
2021-12-16 05:20:00,-0.8761181208866358,False
2021-12-16 05:30:00,-0.9934749114244915,False
2021-12-16 05:40:00,-1.0937720186449251,False
2021-12-16 05:50:00,-1.0366598779835337,False
2021-12-16 06:00:00,-0.9184093154883478,False
2021-12-16 06:10:00,-0.9061915088757572,False
2021-12-16 06:20:00,-0.9940092318773147,False
2021-12-16 06:30:00,-0.9925000957800957,False
2021-12-16 06:40:00,-0.8897089826166058,False
2021-12-16 06:50:00,-1.1311945055127453,False
2021-12-16 07:00:00,-0.821917562537148,False
2021-12-16 07:10:00,-1.0312326139721797,False
2021-12-16 07:20:00,-1.041675281959847,False
2021-12-16 07:30:00,-0.9552169665051609,False
2021-12-16 07:40:00,-0.9633040752638174,False
2021-12-16 07:50:00,-0.9185151560447047,False
2021-12-16 08:00:00,-1.1162712405752524,False
2021-12-16 08:10:00,-0.9588281180467713,False
2021-12-16 08:20:00,-0.9850143246790382,False
2021-12-16 08:30:00,-0.8571538349609517,False
2021-12-16 08:40:00,-1.0623985672338458,False
2021-12-16 08:50:00,-0.9533136974098397,False
2021-12-16 09:00:00,-1.006168493605599,False
2021-12-16 09:10:00,-1.0764303722315811,False
2021-12-16 09:20:00,-0.8083965277321219,False
2021-12-16 09:30:00,-0.8427916243589486,False
2021-12-16 09:40:00,-1.0009652696970173,False
2021-12-16 09:50:00,-0.9478526378226528,False
2021-12-16 10:00:00,-0.885122033407565,False
2021-12-16 10:10:00,-1.0920826316907477,False
2021-12-16 10:20:00,,False
2021-12-16 10:30:00,-0.9771384230419096,False
2021-12-16 10:40:00,-0.9754388475740613,False
2021-12-16 10:50:00,-1.153188261861569,False
2021-12-16 11:00:00,-1.16692673311142,False
2021-12-16 11:10:00,-1.0639974315778256,False
2021-12-16 11:20:00,,False
2021-12-16 11:30:00,-1.0791098607577527,False
2021-12-16 11:40:00,-1.0136282635590061,False
2021-12-16 11:50:00,-0.9184920649969156,False
2021-12-16 12:00:00,-1.0139440230613477,False
2021-12-16 12:10:00,-0.9593233336613368,False
2021-12-16 12:20:00,-1.128204296954014,False
2021-12-16 12:30:00,-0.8749265161998163,False
2021-12-16 12:40:00,-1.0956917001664432,False
2021-12-16 12:50:00,-1.0784674399715968,False
2021-12-16 13:00:00,-1.1383564508934496,False
2021-12-16 13:10:00,-0.9474403471713411,False
2021-12-16 13:20:00,,False
2021-12-16 13:30:00,-1.1047389396136627,False
2021-12-16 13:40:00,-0.8472798076113582,False
2021-12-16 13:50:00,-0.97021017206492,False
2021-12-16 14:00:00,-0.9309984407347845,False
2021-12-16 14:10:00,-0.9777079667349818,False
2021-12-16 14:20:00,-1.0532674615747681,False
2021-12-16 14:30:00,-1.082614109765568,False
2021-12-16 14:40:00,-1.1923351993427769,False
2021-12-16 14:50:00,-0.9722906547926169,False
2021-12-16 15:00:00,-0.9937530746029463,False
2021-12-16 15:10:00,-1.0375203470998062,False
2021-12-16 15:20:00,-1.0324615624667977,False
2021-12-16 15:30:00,-1.0938585297659489,False
2021-12-16 15:40:00,-0.9232970476046946,False
2021-12-16 15:50:00,-1.0524580421248209,False
2021-12-16 16:00:00,-1.0568501400731725,False
2021-12-16 16:10:00,-1.0604545788732687,False
2021-12-16 16:20:00,-1.081623283789734,False
2021-12-16 16:30:00,-1.1673117040659244,False
2021-12-16 16:40:00,-0.9788424172284327,False
2021-12-16 16:50:00,-1.0785097057937452,False
2021-12-16 17:00:00,-1.0201561713450686,False
2021-12-16 17:10:00,-1.0443535576378054,False
2021-12-16 17:20:00,-0.9657487919746768,False
2021-12-16 17:30:00,-0.9753514595834678,False
2021-12-16 17:40:00,-1.0005996255601348,False
2021-12-16 17:50:00,-1.1564551476890867,False
2021-12-16 18:00:00,-0.9543612030670467,False
2021-12-16 18:10:00,,False
2021-12-16 18:20:00,-0.9614316031072695,False
2021-12-16 18:30:00,-0.9380949805770757,False
2021-12-16 18:40:00,-0.9201727782972682,False
2021-12-16 18:50:00,-0.9753928788329314,False
2021-12-16 19:00:00,-1.0636379414995445,False
2021-12-16 19:10:00,-0.9969052974239727,False
2021-12-16 19:20:00,-1.0130040870495092,False
2021-12-16 19:30:00,-1.0780957384290455,False
2021-12-16 19:40:00,-0.8870127706035642,False
2021-12-16 19:50:00,,False
2021-12-16 20:00:00,-1.0089501298279573,False
2021-12-16 20:10:00,-0.9982210517947493,False
2021-12-16 20:20:00,-1.2213141300336696,False
2021-12-16 20:30:00,-1.22322032877703,False
2021-12-16 20:40:00,-0.9638619539678196,False
2021-12-16 20:50:00,-1.026666987574448,False
2021-12-16 21:00:00,-1.0480727047522278,False
2021-12-16 21:10:00,,False
2021-12-16 21:20:00,-1.0959587474141488,False
2021-12-16 21:30:00,-1.0493002583091855,False
2021-12-16 21:40:00,-0.9491858426955401,False
2021-12-16 21:50:00,-0.8983532666918677,False
2021-12-16 22:00:00,,False
2021-12-16 22:10:00,-0.9228502191357826,False
2021-12-16 22:20:00,-1.0743729359210064,False
2021-12-16 22:30:00,-1.053429474303704,False
2021-12-16 22:40:00,-0.9974339148281165,False
2021-12-16 22:50:00,-1.1222980186351796,False
2021-12-16 23:00:00,-1.1308243090249084,False
2021-12-16 23:10:00,-0.9490683062571842,False
2021-12-16 23:20:00,-1.0383189880540016,False
2021-12-16 23:30:00,-0.8999213432322586,False
2021-12-16 23:40:00,-0.9031352502923264,False
2021-12-16 23:50:00,-1.0175844402992869,False
2021-12-17 00:00:00,-1.0976373502677692,False
2021-12-17 00:10:00,-1.0240241717953584,False
2021-12-17 00:20:00,-0.8878321209080893,False
2021-12-17 00:30:00,-1.1883813303161281,False
2021-12-17 00:40:00,-1.120757893407723,False
2021-12-17 00:50:00,-1.012795190712564,False
2021-12-17 01:00:00,-0.9129061453207101,False
2021-12-17 01:10:00,-0.791469722450473,False
2021-12-17 01:20:00,-0.9428475245731596,False
2021-12-17 01:30:00,-1.0802895455546913,False
2021-12-17 01:40:00,-0.9933749595402385,False
2021-12-17 01:50:00,-1.022659903165413,False
2021-12-17 02:00:00,-1.1195145289934032,False
2021-12-17 02:10:00,-1.0223280360404603,False
2021-12-17 02:20:00,-1.0401807944950814,False
2021-12-17 02:30:00,-0.9598252733520485,False
2021-12-17 02:40:00,-1.0075684068769517,False
2021-12-17 02:50:00,-1.0421148598026233,False
2021-12-17 03:00:00,-0.9471298680571448,False
2021-12-17 03:10:00,-0.9087658414801282,False
2021-12-17 03:20:00,-1.0870483646836684,False
2021-12-17 03:30:00,-1.1391472895129977,False
2021-12-17 03:40:00,-0.9503383263105603,False
2021-12-17 03:50:00,-0.9403449466021865,False
2021-12-17 04:00:00,-0.9785262969535241,False
2021-12-17 04:10:00,-1.0095577919706509,False
2021-12-17 04:20:00,-0.8926911122730208,False
2021-12-17 04:30:00,-1.1657874575142206,False
2021-12-17 04:40:00,-0.9495728492353425,False
2021-12-17 04:50:00,-1.0695241647074594,False
2021-12-17 05:00:00,-0.9836288809580095,False
2021-12-17 05:10:00,-1.0058821154423534,False
2021-12-17 05:20:00,-1.0786519050667447,False
2021-12-17 05:30:00,-0.9183292202388427,False
2021-12-17 05:40:00,-0.8923505057096456,False
2021-12-17 05:50:00,-0.9994927763987141,False
2021-12-17 06:00:00,-1.0183507292749163,False
2021-12-17 06:10:00,-1.135806448482807,False
2021-12-17 06:20:00,-0.8844559148747386,False
2021-12-17 06:30:00,-0.8111023617102799,False
2021-12-17 06:40:00,-0.9338906032472553,False
2021-12-17 06:50:00,-0.8779155959298732,False
2021-12-17 07:00:00,-1.0026747424578728,False
2021-12-17 07:10:00,-0.8587919331757032,False
2021-12-17 07:20:00,-1.0200667899707918,False
2021-12-17 07:30:00,-1.1643224788427557,False
2021-12-17 07:40:00,-0.9462951787755627,False
2021-12-17 07:50:00,-0.8414581211466888,False
2021-12-17 08:00:00,-1.1611308869423649,False
2021-12-17 08:10:00,-1.050244401088548,False
2021-12-17 08:20:00,-1.1447475654838812,False
2021-12-17 08:30:00,-0.774196712344142,False
2021-12-17 08:40:00,,False
2021-12-17 08:50:00,-0.9542902704296407,False
2021-12-17 09:00:00,-1.139730755088237,False
2021-12-17 09:10:00,-1.106104902570983,False
2021-12-17 09:20:00,-1.1274665251872515,False
2021-12-17 09:30:00,-0.8817750382006269,False
2021-12-17 09:40:00,-1.0011498261908258,False
2021-12-17 09:50:00,-0.90804211374443,False
2021-12-17 10:00:00,-0.9232215376658673,False
2021-12-17 10:10:00,-0.9632270958391421,False
2021-12-17 10:20:00,-0.8380715691432247,False
2021-12-17 10:30:00,-0.9192485484901336,False
2021-12-17 10:40:00,-1.0220873272116153,False
2021-12-17 10:50:00,-0.9597777606387852,False
2021-12-17 11:00:00,-1.0427796067422601,False
2021-12-17 11:10:00,-1.0795265477270282,False
2021-12-17 11:20:00,-0.9966119391824192,False
2021-12-17 11:30:00,-0.9061603257188785,False
2021-12-17 11:40:00,-0.9505188817307076,False
2021-12-17 11:50:00,-1.1714604537826463,False
2021-12-17 12:00:00,-0.8221593672087077,False
2021-12-17 12:10:00,,False
2021-12-17 12:20:00,-0.7497458199056976,False
2021-12-17 12:30:00,-1.1021188460241327,False
2021-12-17 12:40:00,-1.05339665600566,False
2021-12-17 12:50:00,-0.903083823387637,False
2021-12-17 13:00:00,-1.001759580945132,False
2021-12-17 13:10:00,-1.0192438305337947,False
2021-12-17 13:20:00,-0.7874938611672001,False
2021-12-17 13:30:00,-1.1353339768360877,False
2021-12-17 13:40:00,-1.0687185579867982,False
2021-12-17 13:50:00,-1.2291683232542812,False
2021-12-17 14:00:00,-1.0281767645773014,False
2021-12-17 14:10:00,-0.9655240018255623,False
2021-12-17 14:20:00,-0.9668538336582274,False
2021-12-17 14:30:00,-1.0476141779375188,False
2021-12-17 14:40:00,-1.0610750593101637,False
2021-12-17 14:50:00,-1.0166791753968352,False
2021-12-17 15:00:00,-0.970241700363065,False
2021-12-17 15:10:00,-0.8749727745204305,False
2021-12-17 15:20:00,-0.9600212441530257,False
2021-12-17 15:30:00,-1.078902181561032,False
2021-12-17 15:40:00,-1.047223677040075,False
2021-12-17 15:50:00,-0.889779116362206,False
2021-12-17 16:00:00,-1.2469368374269543,False
2021-12-17 16:10:00,-0.9620948186743694,False
2021-12-17 16:20:00,,False
2021-12-17 16:30:00,-0.8676733623250721,False
2021-12-17 16:40:00,-1.127467840003364,False
2021-12-17 16:50:00,-1.0758175964582815,False
2021-12-17 17:00:00,-0.9141637112748578,False
2021-12-17 17:10:00,-0.9408219156166053,False
2021-12-17 17:20:00,-1.005707459914431,False
2021-12-17 17:30:00,-0.9288945463241849,False
2021-12-17 17:40:00,-0.7473762505704706,False
2021-12-17 17:50:00,-1.1067280259363348,False
2021-12-17 18:00:00,-1.0225824701176514,False
2021-12-17 18:10:00,,False
2021-12-17 18:20:00,-1.0978346018008118,False
2021-12-17 18:30:00,-1.0311157481795852,False
2021-12-17 18:40:00,-0.8880350166920243,False
2021-12-17 18:50:00,-1.1327776633680762,False
2021-12-17 19:00:00,-0.9728700338781071,False
2021-12-17 19:10:00,-0.9969029385163912,False
2021-12-17 19:20:00,-1.0907643076019402,False
2021-12-17 19:30:00,-0.954756655633754,False
2021-12-17 19:40:00,-1.086757540561449,False
2021-12-17 19:50:00,-1.0810241647333099,False
2021-12-17 20:00:00,-1.070103818302561,False
2021-12-17 20:10:00,-1.0363381090236183,False
2021-12-17 20:20:00,-0.963196568554857,False
2021-12-17 20:30:00,,False
2021-12-17 20:40:00,-0.8980857961341251,False
2021-12-17 20:50:00,-1.0512094682989277,False
2021-12-17 21:00:00,-1.0907590909692062,False
2021-12-17 21:10:00,-0.8762426189133911,False
2021-12-17 21:20:00,-1.0537163252728872,False
2021-12-17 21:30:00,,False
2021-12-17 21:40:00,-1.029375345317874,False
2021-12-17 21:50:00,-0.9112027752790717,False
2021-12-17 22:00:00,-1.0138807369208829,False
2021-12-17 22:10:00,,False
2021-12-17 22:20:00,-1.205084279959967,False
2021-12-17 22:30:00,-0.9537809242864665,False
2021-12-17 22:40:00,-0.8919417935059352,False
2021-12-17 22:50:00,-1.108615191368249,False
2021-12-17 23:00:00,-1.0406571605618524,False
2021-12-17 23:10:00,-0.7100087072891005,False
2021-12-17 23:20:00,-1.0001825255417833,False
2021-12-17 23:30:00,-1.1707841787466202,False
2021-12-17 23:40:00,-0.9451103315083255,False
2021-12-17 23:50:00,-0.850358560812855,False
2021-12-18 00:00:00,-1.1481260571060483,False
2021-12-18 00:10:00,-1.0700130223886422,False
2021-12-18 00:20:00,-1.089424974124536,False
2021-12-18 00:30:00,-1.00387307825098,False
2021-12-18 00:40:00,-0.9865322921016745,False
2021-12-18 00:50:00,-0.9720510295633745,False
2021-12-18 01:00:00,-0.8642829445857747,False
2021-12-18 01:10:00,-1.075600421126818,False
2021-12-18 01:20:00,-1.1369744298981916,False
2021-12-18 01:30:00,-0.9193696028020555,False
2021-12-18 01:40:00,-0.941814157841419,False
2021-12-18 01:50:00,-1.016129128312801,False
2021-12-18 02:00:00,-1.0591244731086646,False
2021-12-18 02:10:00,-0.9885233985571369,False
2021-12-18 02:20:00,-1.0089648921115788,False
2021-12-18 02:30:00,-1.0427298163008245,False
2021-12-18 02:40:00,-0.80646858471906,False
2021-12-18 02:50:00,-1.0473446855969708,False
2021-12-18 03:00:00,-0.9402224979735933,False
2021-12-18 03:10:00,-1.0546018215827673,False
2021-12-18 03:20:00,-1.0161751184653138,False
2021-12-18 03:30:00,-1.0187944195335337,False
2021-12-18 03:40:00,,False
2021-12-18 03:50:00,-1.0073139212591116,False
2021-12-18 04:00:00,-0.9991927151996087,False
2021-12-18 04:10:00,-1.0556524903484266,False
2021-12-18 04:20:00,-1.0384517457917568,False
2021-12-18 04:30:00,,False
2021-12-18 04:40:00,-1.0331639269446442,False
2021-12-18 04:50:00,-1.0135888401130126,False
2021-12-18 05:00:00,-1.137667222562063,False
2021-12-18 05:10:00,-0.9328070053395926,False
2021-12-18 05:20:00,-0.9587570300168375,False
2021-12-18 05:30:00,-1.0724109922761202,False
2021-12-18 05:40:00,-0.7841683310295124,False
2021-12-18 05:50:00,-0.9954187945852214,False
2021-12-18 06:00:00,,False
2021-12-18 06:10:00,-0.956358079436701,False
2021-12-18 06:20:00,-0.9163397058824021,False
2021-12-18 06:30:00,-1.0006565734158974,False
2021-12-18 06:40:00,-1.002112961130622,False
2021-12-18 06:50:00,-0.9093974313333835,False
2021-12-18 07:00:00,-1.0942797190889815,False
2021-12-18 07:10:00,-1.0373652663592807,False
2021-12-18 07:20:00,-0.9266878908370936,False
2021-12-18 07:30:00,-0.9852918817872767,False
2021-12-18 07:40:00,-1.0770782179453167,False
2021-12-18 07:50:00,-1.116822791540471,False
2021-12-18 08:00:00,-1.020709083148877,False
2021-12-18 08:10:00,-0.8837571408826083,False
2021-12-18 08:20:00,-1.1053542393698585,False
2021-12-18 08:30:00,-1.0156082343873778,False
2021-12-18 08:40:00,-0.8979352861683135,False
2021-12-18 08:50:00,-0.9999195816822499,False
2021-12-18 09:00:00,-1.0261422103385682,False
2021-12-18 09:10:00,-0.8912521571569715,False
2021-12-18 09:20:00,-0.9558076080987349,False
2021-12-18 09:30:00,-1.0490647974113116,False
2021-12-18 09:40:00,-0.9727563029386875,False
2021-12-18 09:50:00,-1.08716252739742,False
2021-12-18 10:00:00,-1.0053088802584436,False
2021-12-18 10:10:00,-1.066168070746305,False
2021-12-18 10:20:00,-1.1153860080591929,False
2021-12-18 10:30:00,-1.0302189852262778,False
2021-12-18 10:40:00,-0.9812797599015253,False
2021-12-18 10:50:00,-0.9756943981162046,False
2021-12-18 11:00:00,-1.122362531577858,False
2021-12-18 11:10:00,-0.9067499786618469,False
2021-12-18 11:20:00,-0.9661889534395252,False
2021-12-18 11:30:00,-1.1962640650282121,False
2021-12-18 11:40:00,-1.1606796575020835,False
2021-12-18 11:50:00,-1.0810505788460794,False
2021-12-18 12:00:00,-0.9685833861442168,False
2021-12-18 12:10:00,-0.9658326065330086,False
2021-12-18 12:20:00,-1.0311667206757014,False
2021-12-18 12:30:00,-0.9993547366315619,False
2021-12-18 12:40:00,-0.969004516830372,False
2021-12-18 12:50:00,-0.8892753977666674,False
2021-12-18 13:00:00,-0.9886694840593014,False
2021-12-18 13:10:00,-0.9057388327178352,False
2021-12-18 13:20:00,-1.0793293992571886,False
2021-12-18 13:30:00,,False
2021-12-18 13:40:00,-0.8856070773306823,False
2021-12-18 13:50:00,-1.065622910431881,False
2021-12-18 14:00:00,-1.005297619864566,False
2021-12-18 14:10:00,-0.8941460250011404,False
2021-12-18 14:20:00,-0.9768900197337862,False
2021-12-18 14:30:00,,False
2021-12-18 14:40:00,-0.988078658094499,False
2021-12-18 14:50:00,-1.1322838911201345,False
2021-12-18 15:00:00,,False
2021-12-18 15:10:00,-1.0285537907453892,False
2021-12-18 15:20:00,-0.8604676042089981,False
2021-12-18 15:30:00,-1.0723086285847434,False
2021-12-18 15:40:00,-1.1114033715183735,False
2021-12-18 15:50:00,,False
2021-12-18 16:00:00,-0.9303119851304394,False
2021-12-18 16:10:00,-0.9724026072587795,False
2021-12-18 16:20:00,-0.8856479169558324,False
2021-12-18 16:30:00,,False
2021-12-18 16:40:00,-0.8387985845620369,False
2021-12-18 16:50:00,-0.9165771450145315,False
2021-12-18 17:00:00,-0.9437292456976173,False
2021-12-18 17:10:00,-1.1127594996296237,False
2021-12-18 17:20:00,-1.1592026727589169,False
2021-12-18 17:30:00,-0.902200134291572,False
2021-12-18 17:40:00,-1.1082619411385548,False
2021-12-18 17:50:00,-0.9703525093030865,False
2021-12-18 18:00:00,-1.0298677796557398,False
2021-12-18 18:10:00,-0.9803487538201787,False
2021-12-18 18:20:00,-0.888860490420029,False
2021-12-18 18:30:00,-1.0803515877781176,False
2021-12-18 18:40:00,-1.03698080079706,False
2021-12-18 18:50:00,-1.0871430583556718,False
2021-12-18 19:00:00,-1.108359437187902,False
2021-12-18 19:10:00,,False
2021-12-18 19:20:00,-0.9986192538363966,False
2021-12-18 19:30:00,-0.8432293295018612,False
2021-12-18 19:40:00,-0.9362370291221183,False
2021-12-18 19:50:00,-0.8392626492390548,False
2021-12-18 20:00:00,-1.1558416141010373,False
2021-12-18 20:10:00,-1.1623235698923098,False
2021-12-18 20:20:00,-0.8264217471149057,False
2021-12-18 20:30:00,-0.8754285271764689,False
2021-12-18 20:40:00,-1.1424985470241482,False
2021-12-18 20:50:00,-0.974535291879817,False
2021-12-18 21:00:00,-0.9747157312015265,False
2021-12-18 21:10:00,-1.0566112043734017,False
2021-12-18 21:20:00,-1.0645548117944656,False
2021-12-18 21:30:00,-1.0063318861389934,False
2021-12-18 21:40:00,-0.9318773119040099,False
2021-12-18 21:50:00,-0.9825982801904478,False
2021-12-18 22:00:00,-1.0601017106348423,False
2021-12-18 22:10:00,-1.011055391710261,False
2021-12-18 22:20:00,-0.9341746928219206,False
2021-12-18 22:30:00,-1.0081047274772474,False
2021-12-18 22:40:00,-0.8457418946439943,False
2021-12-18 22:50:00,-0.9174714214723934,False
2021-12-18 23:00:00,-1.1301292931343525,False
2021-12-18 23:10:00,-1.0246506504809394,False
2021-12-18 23:20:00,-0.9639497434665393,False
2021-12-18 23:30:00,-1.0418569362011278,False
2021-12-18 23:40:00,-1.1080325614206,False
2021-12-18 23:50:00,-1.0340193268436595,False
2021-12-19 00:00:00,-1.1574010539498347,False
2021-12-19 00:10:00,-1.0745243199039702,False
2021-12-19 00:20:00,-0.9183175496086718,False
2021-12-19 00:30:00,-1.0014018667704876,False
2021-12-19 00:40:00,-1.0104429689734562,False
2021-12-19 00:50:00,-1.2837807699876955,False
2021-12-19 01:00:00,-1.0160539413549075,False
2021-12-19 01:10:00,-0.852761910539736,False
2021-12-19 01:20:00,-1.0297426882943284,False
2021-12-19 01:30:00,-1.0052269536812277,False
2021-12-19 01:40:00,-0.9978285946891209,False
2021-12-19 01:50:00,-0.9643148451926421,False
2021-12-19 02:00:00,-1.125641419450663,False
2021-12-19 02:10:00,-1.044154246577984,False
2021-12-19 02:20:00,-0.873768566203464,False
2021-12-19 02:30:00,-0.936947630064628,False
2021-12-19 02:40:00,-0.8994152507562407,False
2021-12-19 02:50:00,-1.1552852742113378,False
2021-12-19 03:00:00,-0.9625426712840104,False
2021-12-19 03:10:00,-1.0309705330076313,False
2021-12-19 03:20:00,-0.8953706338924506,False
2021-12-19 03:30:00,-1.0841764923584154,False
2021-12-19 03:40:00,-1.024729494888229,False
2021-12-19 03:50:00,-1.0656217217674862,False
2021-12-19 04:00:00,,False
2021-12-19 04:10:00,-1.186701794867681,False
2021-12-19 04:20:00,-1.2136818905093354,False
2021-12-19 04:30:00,-0.8682413510146875,False
2021-12-19 04:40:00,-0.8771357949134719,False
2021-12-19 04:50:00,,False
2021-12-19 05:00:00,-1.0298023919952275,False
2021-12-19 05:10:00,-1.0778626819716932,False
2021-12-19 05:20:00,-0.9205501800043786,False
2021-12-19 05:30:00,-0.9920243659751625,False
2021-12-19 05:40:00,-1.000546042373388,False
2021-12-19 05:50:00,-0.8957797087449215,False
2021-12-19 06:00:00,-1.1557026886582766,False
2021-12-19 06:10:00,-1.1138450691715323,False
2021-12-19 06:20:00,-1.0163466600730453,False
2021-12-19 06:30:00,-1.0633134328264415,False
2021-12-19 06:40:00,-0.9457408708290587,False
2021-12-19 06:50:00,-0.9930273870395984,False
2021-12-19 07:00:00,-0.973535090242528,False
2021-12-19 07:10:00,-1.1978585488624753,False
2021-12-19 07:20:00,-0.9993557948960188,False
2021-12-19 07:30:00,-0.9015702569112989,False
2021-12-19 07:40:00,,False
2021-12-19 07:50:00,-1.0717525259961702,False
2021-12-19 08:00:00,-0.9187090423128074,False
2021-12-19 08:10:00,-0.8005091101656173,False
2021-12-19 08:20:00,-0.8964898906525487,False
2021-12-19 08:30:00,-0.8192141001108071,False
2021-12-19 08:40:00,-0.9526036405678739,False
2021-12-19 08:50:00,-1.141927820989119,False
2021-12-19 09:00:00,-1.2021950627245606,False
2021-12-19 09:10:00,-1.165506256313872,False
2021-12-19 09:20:00,-1.0671620796507084,False
2021-12-19 09:30:00,-1.0362073408084824,False
2021-12-19 09:40:00,-1.0137815769479717,False
2021-12-19 09:50:00,-0.9584499501254465,False
2021-12-19 10:00:00,-1.1503351308111052,False
2021-12-19 10:10:00,-1.1715719285575612,False
2021-12-19 10:20:00,-0.8672521847330649,False
2021-12-19 10:30:00,-0.9776601081202806,False
2021-12-19 10:40:00,-1.0598174689350683,False
2021-12-19 10:50:00,-1.129981877450242,False
2021-12-19 11:00:00,-0.9571733910294541,False
2021-12-19 11:10:00,-0.8757237056759108,False
2021-12-19 11:20:00,-0.930735953534324,False
2021-12-19 11:30:00,-1.0339472584875766,False
2021-12-19 11:40:00,-0.9663884218569181,False
2021-12-19 11:50:00,-0.9824661937125567,False
2021-12-19 12:00:00,-1.1182870233387256,False
2021-12-19 12:10:00,-0.9946522894372445,False
2021-12-19 12:20:00,-0.7268694006319867,False
2021-12-19 12:30:00,-1.1494032113629624,False
2021-12-19 12:40:00,-0.946053542779453,False
2021-12-19 12:50:00,-0.8883715131052619,False
2021-12-19 13:00:00,-1.085449534417081,False
2021-12-19 13:10:00,-0.9883870855022026,False
2021-12-19 13:20:00,-1.0224673429068336,False
2021-12-19 13:30:00,-0.8297619446667401,False
2021-12-19 13:40:00,-0.8630818705076047,False
2021-12-19 13:50:00,-0.8962014701193064,False
2021-12-19 14:00:00,-0.9717815719561212,False
2021-12-19 14:10:00,-0.8354316440033283,False
2021-12-19 14:20:00,-0.9611951911387784,False
2021-12-19 14:30:00,-1.0064531076800904,False
2021-12-19 14:40:00,-0.9258607296503327,False
2021-12-19 14:50:00,-1.153336315097576,False
2021-12-19 15:00:00,-1.0320489622569,False
2021-12-19 15:10:00,-0.9748670608439479,False
2021-12-19 15:20:00,-1.0442872944720734,False
2021-12-19 15:30:00,-1.107574844320625,False
2021-12-19 15:40:00,-0.9592062772346918,False
2021-12-19 15:50:00,-1.070131350559714,False
2021-12-19 16:00:00,-0.9687923548890433,False
2021-12-19 16:10:00,-0.960083393570935,False
2021-12-19 16:20:00,-1.0050679508574871,False
2021-12-19 16:30:00,-1.2269667699323996,False
2021-12-19 16:40:00,-1.1173286448693935,False
2021-12-19 16:50:00,,False
2021-12-19 17:00:00,-1.1159851541591332,False
2021-12-19 17:10:00,-1.2053690480063086,False
2021-12-19 17:20:00,-1.0861438508435768,False
2021-12-19 17:30:00,-1.1553692771991555,False
2021-12-19 17:40:00,-1.064131643179535,False
2021-12-19 17:50:00,-0.9093528353586982,False
2021-12-19 18:00:00,-1.0044592806752326,False
2021-12-19 18:10:00,,False
2021-12-19 18:20:00,-0.9468593620377079,False
2021-12-19 18:30:00,,False
2021-12-19 18:40:00,-1.0155169196030278,False
2021-12-19 18:50:00,-0.9893388331181555,False
2021-12-19 19:00:00,-0.9507524705838487,False
2021-12-19 19:10:00,-0.9264836759916497,False
2021-12-19 19:20:00,-1.0021345734249225,False
2021-12-19 19:30:00,-1.053918851191836,False
2021-12-19 19:40:00,-1.0718701431205688,False
2021-12-19 19:50:00,-0.883553577146564,False
2021-12-19 20:00:00,-0.9547669583569107,False
2021-12-19 20:10:00,-0.9827928265631011,False
2021-12-19 20:20:00,-1.0397775308119508,False
2021-12-19 20:30:00,-0.9139690915553529,False
2021-12-19 20:40:00,-0.9660600689092187,False
2021-12-19 20:50:00,-1.1107407593184897,False
2021-12-19 21:00:00,-0.8761849029192714,False
2021-12-19 21:10:00,-1.0249470270832621,False
2021-12-19 21:20:00,,False
2021-12-19 21:30:00,-0.9373668760836654,False
2021-12-19 21:40:00,-1.024315224843695,False
2021-12-19 21:50:00,-1.008700066261643,False
2021-12-19 22:00:00,-0.7834508336406644,False
2021-12-19 22:10:00,-1.0831587286823647,False
2021-12-19 22:20:00,-1.0885678169427022,False
2021-12-19 22:30:00,,False
2021-12-19 22:40:00,-0.9892618279346528,False
2021-12-19 22:50:00,-0.936422161866448,False
2021-12-19 23:00:00,-0.9769451855449413,False
2021-12-19 23:10:00,-0.8912730292417574,False
2021-12-19 23:20:00,-1.041306250335778,False
2021-12-19 23:30:00,-0.8730052184797337,False
2021-12-19 23:40:00,-0.8987025275653399,False
2021-12-19 23:50:00,-0.937912815822773,False
2021-12-20 00:00:00,-1.02217331840331,False
2021-12-20 00:10:00,-0.9549298631985208,False
2021-12-20 00:20:00,-1.016541802498345,False
2021-12-20 00:30:00,-1.1734754796802016,False
2021-12-20 00:40:00,-1.0865117514425522,False
2021-12-20 00:50:00,-1.0085432236538443,False
2021-12-20 01:00:00,-0.7752006696863258,False
2021-12-20 01:10:00,-0.9722237958691938,False
2021-12-20 01:20:00,-1.0494162547061798,False
2021-12-20 01:30:00,-1.1413568767386049,False
2021-12-20 01:40:00,-0.8973618141426563,False
2021-12-20 01:50:00,-1.1222761198608453,False
2021-12-20 02:00:00,-1.1204494262604205,False
2021-12-20 02:10:00,-1.1012558337070282,False
2021-12-20 02:20:00,-1.0659294696610384,False
2021-12-20 02:30:00,-1.0180989067168211,False
2021-12-20 02:40:00,-1.0481273488667977,False
2021-12-20 02:50:00,-0.9198000917088563,False
2021-12-20 03:00:00,-1.0806891923301845,False
2021-12-20 03:10:00,-0.8496418183008618,False
2021-12-20 03:20:00,-1.177996124956658,False
2021-12-20 03:30:00,-1.0411582300900366,False
2021-12-20 03:40:00,-1.0500511481453267,False
2021-12-20 03:50:00,-1.0442736991929638,False
2021-12-20 04:00:00,-0.9712405471679844,False
2021-12-20 04:10:00,-0.8986795121988023,False
2021-12-20 04:20:00,-0.9668911127232527,False
2021-12-20 04:30:00,-1.1548674505373797,False
2021-12-20 04:40:00,-0.8876901670606999,False
2021-12-20 04:50:00,-0.9699593009948947,False
2021-12-20 05:00:00,-1.0466801625965687,False
2021-12-20 05:10:00,,False
2021-12-20 05:20:00,-1.0057312893170172,False
2021-12-20 05:30:00,-1.1339257545276809,False
2021-12-20 05:40:00,-1.0394179376285326,False
2021-12-20 05:50:00,-0.9498067231009432,False
2021-12-20 06:00:00,-0.8474830456468754,False
2021-12-20 06:10:00,,False
2021-12-20 06:20:00,-1.0823949688123284,False
2021-12-20 06:30:00,-0.9380941420748833,False
2021-12-20 06:40:00,-0.9858522995707817,False
2021-12-20 06:50:00,-1.1060393251939713,False
2021-12-20 07:00:00,-0.8974778073014718,False
2021-12-20 07:10:00,-0.9537440753715755,False
2021-12-20 07:20:00,-0.9676292001699515,False
2021-12-20 07:30:00,-0.8724671183476825,False
2021-12-20 07:40:00,-1.0677157200544976,False
2021-12-20 07:50:00,-1.0690667575594297,False
2021-12-20 08:00:00,-1.0569807370131838,False
2021-12-20 08:10:00,-1.1425514704980715,False
2021-12-20 08:20:00,-1.1765202116652211,False
2021-12-20 08:30:00,-1.1300513757623745,False
2021-12-20 08:40:00,-1.1132322016788612,False
2021-12-20 08:50:00,-1.0087538622125651,False
2021-12-20 09:00:00,-1.1832263110228893,False
2021-12-20 09:10:00,-0.8886256910480428,False
2021-12-20 09:20:00,-1.0444571903885538,False
2021-12-20 09:30:00,-1.0274495834814321,False
2021-12-20 09:40:00,-0.9105308223488652,False
2021-12-20 09:50:00,-0.815749241385094,False
2021-12-20 10:00:00,-1.0760551731438022,False
2021-12-20 10:10:00,-0.9598904802463952,False
2021-12-20 10:20:00,-0.9006923682648423,False
2021-12-20 10:30:00,-1.1891757426266425,False
2021-12-20 10:40:00,-1.019612443542362,False
2021-12-20 10:50:00,-0.9772579791582213,False
2021-12-20 11:00:00,-1.086778550342749,False
2021-12-20 11:10:00,-0.9429454731112286,False
2021-12-20 11:20:00,-0.8742327947523858,False
2021-12-20 11:30:00,-0.9048955711135339,False
2021-12-20 11:40:00,-0.8998742654223625,False
2021-12-20 11:50:00,-1.1158299849371054,False
2021-12-20 12:00:00,-1.1189445933418205,False
2021-12-20 12:10:00,-0.840707638398222,False
2021-12-20 12:20:00,-1.0204225044972113,False
2021-12-20 12:30:00,-1.0432419888666125,False
2021-12-20 12:40:00,-0.893752607870214,False
2021-12-20 12:50:00,-0.8527291423674804,False
2021-12-20 13:00:00,-1.066941815990141,False
2021-12-20 13:10:00,-1.0963909905697922,False
2021-12-20 13:20:00,-0.8450144436009722,False
2021-12-20 13:30:00,-0.9686133408001198,False
2021-12-20 13:40:00,,False
2021-12-20 13:50:00,,False
2021-12-20 14:00:00,-0.869092654510289,False
2021-12-20 14:10:00,-1.1274258285252057,False
2021-12-20 14:20:00,-1.009184567466295,False
2021-12-20 14:30:00,-1.0227201167671116,False
2021-12-20 14:40:00,-1.0627625969041543,False
2021-12-20 14:50:00,-1.0898165877258323,False
2021-12-20 15:00:00,-0.8210593450360215,False
2021-12-20 15:10:00,-1.088964119531068,False
2021-12-20 15:20:00,-0.9384454048242838,False
2021-12-20 15:30:00,-1.1268535888602065,False
2021-12-20 15:40:00,-0.9058062168411277,False
2021-12-20 15:50:00,-1.0753202450010493,False
2021-12-20 16:00:00,-0.9916412107834518,False
2021-12-20 16:10:00,-1.0702037681542866,False
2021-12-20 16:20:00,-0.9812324733281135,False
2021-12-20 16:30:00,-0.9183682738033077,False
2021-12-20 16:40:00,-1.0778110940213572,False
2021-12-20 16:50:00,-0.9192283361127922,False
2021-12-20 17:00:00,-0.9254586805764528,False
2021-12-20 17:10:00,-1.0578050415800637,False
2021-12-20 17:20:00,-0.9578057845465873,False
2021-12-20 17:30:00,-0.8937655638157229,False
2021-12-20 17:40:00,-1.2067389246463187,False
2021-12-20 17:50:00,-0.870641481738334,False
2021-12-20 18:00:00,-0.9922761144797125,False
2021-12-20 18:10:00,-1.0554659301686686,False
2021-12-20 18:20:00,-0.952858605153406,False
2021-12-20 18:30:00,-0.9926714868488593,False
2021-12-20 18:40:00,-0.9582981415857263,False
2021-12-20 18:50:00,-1.0159781150673683,False
2021-12-20 19:00:00,-0.9135012365590189,False
2021-12-20 19:10:00,-1.1320608975389745,False
2021-12-20 19:20:00,-0.9032694039871599,False
2021-12-20 19:30:00,-1.1526018106521185,False
2021-12-20 19:40:00,-0.918012782945172,False
2021-12-20 19:50:00,-0.9751530578943242,False
2021-12-20 20:00:00,-0.9137789460893802,False
2021-12-20 20:10:00,-1.0249347717502515,False
2021-12-20 20:20:00,-0.9341180108796316,False
2021-12-20 20:30:00,-1.0671429138324537,False
2021-12-20 20:40:00,-0.9042208973486177,False
2021-12-20 20:50:00,-1.0498821678663064,False
2021-12-20 21:00:00,-0.9106149189041448,False
2021-12-20 21:10:00,-0.9124432899302278,False
2021-12-20 21:20:00,-1.0011966517947677,False
2021-12-20 21:30:00,-0.8232721792098966,False
2021-12-20 21:40:00,-1.0166573436486013,False
2021-12-20 21:50:00,-0.9120323681686643,False
2021-12-20 22:00:00,-1.0063012673088794,False
2021-12-20 22:10:00,-0.813060554529511,False
2021-12-20 22:20:00,-0.898732661588076,False
2021-12-20 22:30:00,-1.0105648011349686,False
2021-12-20 22:40:00,-1.00203022384328,False
2021-12-20 22:50:00,-1.1166325891334634,False
2021-12-20 23:00:00,-1.2013588857448165,False
2021-12-20 23:10:00,-0.7983300299823096,False
2021-12-20 23:20:00,-0.9625176841629222,False
2021-12-20 23:30:00,-1.0885159613095357,False
2021-12-20 23:40:00,-1.03307387474515,False
2021-12-20 23:50:00,-0.9211065661384704,False
2021-12-21 00:00:00,-1.0140834535679122,False
2021-12-21 00:10:00,-0.9858404302523089,False
2021-12-21 00:20:00,-1.033520675288939,False
2021-12-21 00:30:00,-0.9255214119137052,False
2021-12-21 00:40:00,-1.061844980995951,False
2021-12-21 00:50:00,-0.9594935065140884,False
2021-12-21 01:00:00,-1.0018262764947512,False
2021-12-21 01:10:00,-1.0729823712631814,False
2021-12-21 01:20:00,-0.8588517984608242,False
2021-12-21 01:30:00,-0.9104835850377554,False
2021-12-21 01:40:00,-1.0475215783249248,False
2021-12-21 01:50:00,-0.9100716487721054,False
2021-12-21 02:00:00,-0.8684755431647544,False
2021-12-21 02:10:00,-0.915314573398348,False
2021-12-21 02:20:00,-0.890493702205726,False
2021-12-21 02:30:00,-1.01911486189617,False
2021-12-21 02:40:00,-1.0438105983797996,False
2021-12-21 02:50:00,-0.9379835298636312,False
2021-12-21 03:00:00,-1.0334815471425498,False
2021-12-21 03:10:00,-0.9859890050915685,False
2021-12-21 03:20:00,-0.8990418746404018,False
2021-12-21 03:30:00,-0.9690282083652606,False
2021-12-21 03:40:00,-1.1380722854269194,False
2021-12-21 03:50:00,-0.9223051724795595,False
2021-12-21 04:00:00,-1.0423098760959013,False
2021-12-21 04:10:00,-1.0392045773073986,False
2021-12-21 04:20:00,-0.8346753124227885,False
2021-12-21 04:30:00,-0.9365823753245787,False
2021-12-21 04:40:00,-0.9020299845584356,False
2021-12-21 04:50:00,-1.0147304228636995,False
2021-12-21 05:00:00,-1.195493110884727,False
2021-12-21 05:10:00,-0.978372049417422,False
2021-12-21 05:20:00,-0.9707172260734882,False
2021-12-21 05:30:00,-1.1487667270231083,False
2021-12-21 05:40:00,-1.0696398727006537,False
2021-12-21 05:50:00,-0.9223778976146912,False
2021-12-21 06:00:00,-0.7225444641464965,False
2021-12-21 06:10:00,-1.0826539025835336,False
2021-12-21 06:20:00,-0.8924890412687383,False
2021-12-21 06:30:00,-0.8424173078130366,False
2021-12-21 06:40:00,-0.818965453122715,False
2021-12-21 06:50:00,-0.8914549362841897,False
2021-12-21 07:00:00,-0.9464017169558299,False
2021-12-21 07:10:00,-0.8147661735787673,False
2021-12-21 07:20:00,-1.0023237951334094,False
2021-12-21 07:30:00,-0.9176147397711176,False
2021-12-21 07:40:00,-1.0109058664194,False
2021-12-21 07:50:00,-0.9511683625675799,False
2021-12-21 08:00:00,-0.9192299429884644,False
2021-12-21 08:10:00,-1.2042247908725368,False
2021-12-21 08:20:00,-0.9177480506083097,False
2021-12-21 08:30:00,-1.0678291537826758,False
2021-12-21 08:40:00,-0.8911336122271424,False
2021-12-21 08:50:00,-1.0566496647101091,False
2021-12-21 09:00:00,,False
2021-12-21 09:10:00,-1.3411170480596417,False
2021-12-21 09:20:00,-1.0394389035000382,False
2021-12-21 09:30:00,-1.0122963793911672,False
2021-12-21 09:40:00,-1.199472565296007,False
2021-12-21 09:50:00,-0.8121863512346112,False
2021-12-21 10:00:00,-1.010093508137008,False
2021-12-21 10:10:00,-0.8988743675902516,False
2021-12-21 10:20:00,-0.9387854076767157,False
2021-12-21 10:30:00,-0.9968031983946583,False
2021-12-21 10:40:00,-1.0157265330672633,False
2021-12-21 10:50:00,-0.8390600371630794,False
2021-12-21 11:00:00,-0.9021794416344927,False
2021-12-21 11:10:00,-0.9684838771513009,False
2021-12-21 11:20:00,-0.9070005504813305,False
2021-12-21 11:30:00,-0.8728732763081071,False
2021-12-21 11:40:00,-0.8343556483417037,False
2021-12-21 11:50:00,-1.0152837449986576,False
2021-12-21 12:00:00,-0.9542414880577483,False
2021-12-21 12:10:00,-1.0741128462559684,False
2021-12-21 12:20:00,-0.867272272500698,False
2021-12-21 12:30:00,-0.8832513371417419,False
2021-12-21 12:40:00,-0.8866614380661029,False
2021-12-21 12:50:00,-1.1182371225249113,False
2021-12-21 13:00:00,-1.248434065632435,False
2021-12-21 13:10:00,-1.027617121408961,False
2021-12-21 13:20:00,-0.9783361359933068,False
2021-12-21 13:30:00,-1.0054602129835168,False
2021-12-21 13:40:00,-1.110415096884114,False
2021-12-21 13:50:00,-1.0579313111552493,False
2021-12-21 14:00:00,-0.9226302928234116,False
2021-12-21 14:10:00,-1.022670151734421,False
2021-12-21 14:20:00,-1.0250080551715022,False
2021-12-21 14:30:00,,False
2021-12-21 14:40:00,-0.9405175022121544,False
2021-12-21 14:50:00,-0.9446105841578769,False
2021-12-21 15:00:00,-0.8483511899582564,False
2021-12-21 15:10:00,-0.8686361411826177,False
2021-12-21 15:20:00,-1.0331199766675392,False
2021-12-21 15:30:00,-0.9878275906695726,False
2021-12-21 15:40:00,-0.8805599344682196,False
2021-12-21 15:50:00,-0.852837589648224,False
2021-12-21 16:00:00,-1.1101380635552895,False
2021-12-21 16:10:00,-1.088370845898381,False
2021-12-21 16:20:00,-0.8114824087613668,False
2021-12-21 16:30:00,-1.0089652774245406,False
2021-12-21 16:40:00,-0.8084840676753213,False
2021-12-21 16:50:00,-1.0617193994856495,False
2021-12-21 17:00:00,-1.1292718416060636,False
2021-12-21 17:10:00,-1.1324215180943937,False
2021-12-21 17:20:00,-0.8798424478500443,False
2021-12-21 17:30:00,,False
2021-12-21 17:40:00,-1.0462546814844806,False
2021-12-21 17:50:00,-1.037860086034118,False
2021-12-21 18:00:00,-1.019947083976849,False
2021-12-21 18:10:00,-0.988550474870218,False
2021-12-21 18:20:00,-0.7827106388051073,False
2021-12-21 18:30:00,-0.9485479652076293,False
2021-12-21 18:40:00,-1.1011048879520269,False
2021-12-21 18:50:00,-0.9867363921069171,False
2021-12-21 19:00:00,,False
2021-12-21 19:10:00,-1.1093632821999064,False
2021-12-21 19:20:00,-0.9389996576143786,False
2021-12-21 19:30:00,-0.9551637497979927,False
2021-12-21 19:40:00,-0.9460274873496493,False
2021-12-21 19:50:00,-0.9078054952024682,False
2021-12-21 20:00:00,-1.0762431933368801,False
2021-12-21 20:10:00,-1.0279383342967823,False
2021-12-21 20:20:00,-0.9183258749179981,False
2021-12-21 20:30:00,-1.031013338276393,False
2021-12-21 20:40:00,-0.8023568035417102,False
2021-12-21 20:50:00,-1.052369338550439,False
2021-12-21 21:00:00,-1.008599587966983,False
2021-12-21 21:10:00,-0.9121646221040196,False
2021-12-21 21:20:00,-1.0776575030947406,False
2021-12-21 21:30:00,-1.0265875651547536,False
2021-12-21 21:40:00,-0.9810759799973282,False
2021-12-21 21:50:00,-0.954432109714526,False
2021-12-21 22:00:00,-0.9880401610768503,False
2021-12-21 22:10:00,,False
2021-12-21 22:20:00,,False
2021-12-21 22:30:00,,False
2021-12-21 22:40:00,-1.0761533718419936,False
2021-12-21 22:50:00,-1.0529600913859138,False
2021-12-21 23:00:00,-0.8488988313635883,False
2021-12-21 23:10:00,-1.0309447202385285,False
2021-12-21 23:20:00,-1.0105062995206557,False
2021-12-21 23:30:00,-1.0042358522846244,False
2021-12-21 23:40:00,-1.0391350429289066,False
2021-12-21 23:50:00,-0.8653134484987185,False
2021-12-22 00:00:00,-1.1266058674455617,False
2021-12-22 00:10:00,-1.2106494464863198,False
2021-12-22 00:20:00,-1.051609747602018,False
2021-12-22 00:30:00,-1.0731940956259722,False
2021-12-22 00:40:00,-1.0639437397456817,False
2021-12-22 00:50:00,-1.1382159983073756,False
2021-12-22 01:00:00,-0.9962265788469479,False
2021-12-22 01:10:00,-0.9582220786949177,False
2021-12-22 01:20:00,-0.9995180600364677,False
2021-12-22 01:30:00,-0.9786822501075666,False
2021-12-22 01:40:00,-0.9983737822587521,False
2021-12-22 01:50:00,-0.8875983991436877,False
2021-12-22 02:00:00,-1.078944539497901,False
2021-12-22 02:10:00,-1.0586469544881134,False
2021-12-22 02:20:00,-1.0312462946041374,False
2021-12-22 02:30:00,-0.9840972393857743,False
2021-12-22 02:40:00,-0.8771193090792406,False
2021-12-22 02:50:00,-1.0825672502072459,False
2021-12-22 03:00:00,-1.0315586541807,False
2021-12-22 03:10:00,-0.8319937080750782,False
2021-12-22 03:20:00,-1.1669316244836005,False
2021-12-22 03:30:00,-1.1400148024188046,False
2021-12-22 03:40:00,-0.8006621655284191,False
2021-12-22 03:50:00,-1.1131224713968966,False
2021-12-22 04:00:00,-1.1105849088310755,False
2021-12-22 04:10:00,-1.0516262519574273,False
2021-12-22 04:20:00,-1.0641370962313732,False
2021-12-22 04:30:00,-1.202208573970742,False
2021-12-22 04:40:00,-0.9479938413318078,False
2021-12-22 04:50:00,-1.016810009297084,False
2021-12-22 05:00:00,-1.0040658323327112,False
2021-12-22 05:10:00,-0.8741696587482888,False
2021-12-22 05:20:00,-0.9527497809460233,False
2021-12-22 05:30:00,-0.7758076621728381,False
2021-12-22 05:40:00,-0.8850574083003802,False
2021-12-22 05:50:00,-1.07635257151136,False
2021-12-22 06:00:00,-0.9688379715460382,False
2021-12-22 06:10:00,-1.046598290972031,False
2021-12-22 06:20:00,-0.9928542821417637,False
2021-12-22 06:30:00,-0.8877878581673031,False
2021-12-22 06:40:00,-1.1127115831623637,False
2021-12-22 06:50:00,-1.1391755996479351,False
2021-12-22 07:00:00,-1.1054018352453194,False
2021-12-22 07:10:00,-1.08584389794899,False
2021-12-22 07:20:00,-0.9969170936262577,False
2021-12-22 07:30:00,-1.0729560225801247,False
2021-12-22 07:40:00,-1.0480016177409837,False
2021-12-22 07:50:00,-0.9358166757606351,False
2021-12-22 08:00:00,-1.0148222850426234,False
2021-12-22 08:10:00,-1.1416970775874271,False
2021-12-22 08:20:00,-1.0098397703108795,False
2021-12-22 08:30:00,-0.9213724003347834,False
2021-12-22 08:40:00,-0.9129271979367655,False
2021-12-22 08:50:00,-0.8766679210592272,False
2021-12-22 09:00:00,-0.8155479128714206,False
2021-12-22 09:10:00,-1.0087527652446175,False
2021-12-22 09:20:00,-0.9087431583022405,False
2021-12-22 09:30:00,-0.9694049983637891,False
2021-12-22 09:40:00,-1.0603974628595134,False
2021-12-22 09:50:00,-0.9566048642247423,False
2021-12-22 10:00:00,-0.9157742702251902,False
2021-12-22 10:10:00,-0.8642571012022375,False
2021-12-22 10:20:00,-1.0108246751242966,False
2021-12-22 10:30:00,-0.8874157912001284,False
2021-12-22 10:40:00,-1.0609791896236913,False
2021-12-22 10:50:00,-1.1547664031163898,False
2021-12-22 11:00:00,-0.9544305549897233,False
2021-12-22 11:10:00,-0.8998766086252622,False
2021-12-22 11:20:00,-1.0170073429214443,False
2021-12-22 11:30:00,-0.9977942626637588,False
2021-12-22 11:40:00,-1.0426703949365368,False
2021-12-22 11:50:00,-1.1075055534396052,False
2021-12-22 12:00:00,-1.0743701945223452,False
2021-12-22 12:10:00,-0.9593006223054372,False
2021-12-22 12:20:00,-0.8916632727251566,False
2021-12-22 12:30:00,,False
2021-12-22 12:40:00,-1.1479975422661521,False
2021-12-22 12:50:00,-1.2019942279812943,False
2021-12-22 13:00:00,-0.9501352447333881,False
2021-12-22 13:10:00,-1.01233871354844,False
2021-12-22 13:20:00,-1.1507022788784917,False
2021-12-22 13:30:00,-1.072205667845782,False
2021-12-22 13:40:00,-0.9981215004112409,False
2021-12-22 13:50:00,-1.0432331120567797,False
2021-12-22 14:00:00,-1.0744441730058905,False
2021-12-22 14:10:00,-1.0057498574916635,False
2021-12-22 14:20:00,-0.8084288293669128,False
2021-12-22 14:30:00,-0.89791734287397,False
2021-12-22 14:40:00,-0.9887912293469425,False
2021-12-22 14:50:00,-0.9786371629813038,False
2021-12-22 15:00:00,-0.9374539938575096,False
2021-12-22 15:10:00,-0.9089687050140005,False
2021-12-22 15:20:00,-0.9736340829529002,False
2021-12-22 15:30:00,-1.0638676075430817,False
2021-12-22 15:40:00,-0.9619555414883445,False
2021-12-22 15:50:00,-0.8637746825617858,False
2021-12-22 16:00:00,,False
2021-12-22 16:10:00,-1.1870117223732501,False
2021-12-22 16:20:00,-0.9405613739226266,False
2021-12-22 16:30:00,-0.9133489264899064,False
2021-12-22 16:40:00,-1.0183956655405726,False
2021-12-22 16:50:00,-0.8747595186218745,False
2021-12-22 17:00:00,-0.9535102869290806,False
2021-12-22 17:10:00,-1.0571790300322657,False
2021-12-22 17:20:00,-0.8792945391702682,False
2021-12-22 17:30:00,-0.991506088017779,False
2021-12-22 17:40:00,-0.8632567534907706,False
2021-12-22 17:50:00,-0.9827709577960976,False
2021-12-22 18:00:00,-0.8248581501065921,False
2021-12-22 18:10:00,-0.8218147513125972,False
2021-12-22 18:20:00,-0.8500478156723907,False
2021-12-22 18:30:00,-0.8190919550904078,False
2021-12-22 18:40:00,-1.0445804140208406,False
2021-12-22 18:50:00,-1.078150430469604,False
2021-12-22 19:00:00,-0.9968600009299654,False
2021-12-22 19:10:00,-1.0461042058177918,False
2021-12-22 19:20:00,-0.9998961205523089,False
2021-12-22 19:30:00,-1.2842249457158823,False
2021-12-22 19:40:00,-1.173826032093815,False
2021-12-22 19:50:00,-0.8639678593586421,False
2021-12-22 20:00:00,-0.9031833371166595,False
2021-12-22 20:10:00,-0.8906287491681566,False
2021-12-22 20:20:00,-0.9340729472407191,False
2021-12-22 20:30:00,-0.8554020801427105,False
2021-12-22 20:40:00,-1.0347202247500566,False
2021-12-22 20:50:00,-0.9952642287726722,False
2021-12-22 21:00:00,-0.9456246557729323,False
2021-12-22 21:10:00,-1.227271796747315,False
2021-12-22 21:20:00,-1.0588365910929995,False
2021-12-22 21:30:00,-1.178201116591391,False
2021-12-22 21:40:00,-1.0802293273848163,False
2021-12-22 21:50:00,-1.0153057838369293,False
2021-12-22 22:00:00,-1.0435160632860376,False
2021-12-22 22:10:00,-1.136088546514911,False
2021-12-22 22:20:00,-1.003922110324355,False
2021-12-22 22:30:00,-0.9187825077203773,False
2021-12-22 22:40:00,,False
2021-12-22 22:50:00,-0.9235619416896026,False
2021-12-22 23:00:00,,False
2021-12-22 23:10:00,-0.9672704084485574,False
2021-12-22 23:20:00,-0.993030804876696,False
2021-12-22 23:30:00,-1.054793228430243,False
2021-12-22 23:40:00,-1.0117659177383362,False
2021-12-22 23:50:00,-0.9777693550174873,False
2021-12-23 00:00:00,-0.9549109103309567,False
2021-12-23 00:10:00,-1.0864306929699556,False
2021-12-23 00:20:00,-1.0508310754344812,False
2021-12-23 00:30:00,-1.0401550773041597,False
2021-12-23 00:40:00,-0.8918743473974331,False
2021-12-23 00:50:00,-1.1024390094429262,False
2021-12-23 01:00:00,-1.044989052766586,False
2021-12-23 01:10:00,-1.0812635076580657,False
2021-12-23 01:20:00,-0.874863249804161,False
2021-12-23 01:30:00,-0.919433621643571,False
2021-12-23 01:40:00,-1.071165253207224,False
2021-12-23 01:50:00,-1.0077714948117829,False
2021-12-23 02:00:00,-0.9507025576307994,False
2021-12-23 02:10:00,-0.8251374304836175,False
2021-12-23 02:20:00,-0.8925009972302279,False
2021-12-23 02:30:00,-1.069178230511002,False
2021-12-23 02:40:00,-0.9055217047631955,False
2021-12-23 02:50:00,-1.1470404748362604,False
2021-12-23 03:00:00,-0.9029601419949329,False
2021-12-23 03:10:00,-1.0801067706712386,False
2021-12-23 03:20:00,-1.0607714155969525,False
2021-12-23 03:30:00,-1.0417817077416234,False
2021-12-23 03:40:00,-0.9028061274769941,False
2021-12-23 03:50:00,-0.9377564115475813,False
2021-12-23 04:00:00,-1.0339316839166126,False
2021-12-23 04:10:00,-0.9874317498076387,False
2021-12-23 04:20:00,-1.183470362611669,False
2021-12-23 04:30:00,-1.0432888116718866,False
2021-12-23 04:40:00,-1.0466155304342863,False
2021-12-23 04:50:00,-0.9706396200692082,False
2021-12-23 05:00:00,-0.9839252894811097,False
2021-12-23 05:10:00,-1.018557168861676,False
2021-12-23 05:20:00,-1.0324351412871877,False
2021-12-23 05:30:00,-0.9650061192345214,False
2021-12-23 05:40:00,-0.9530245643145616,False
2021-12-23 05:50:00,-1.0387261911305234,False
2021-12-23 06:00:00,-1.045134553718467,False
2021-12-23 06:10:00,-0.9271953599298567,False
2021-12-23 06:20:00,-0.921885143596959,False
2021-12-23 06:30:00,-0.8223327394953286,False
2021-12-23 06:40:00,-1.0195893123425737,False
2021-12-23 06:50:00,-1.1286513842972925,False
2021-12-23 07:00:00,-1.0488775300207114,False
2021-12-23 07:10:00,-0.8977543224340322,False
2021-12-23 07:20:00,-0.9917007230875836,False
2021-12-23 07:30:00,-0.9287662378468445,False
2021-12-23 07:40:00,-1.1594010069530232,False
2021-12-23 07:50:00,-1.0897699531673333,False
2021-12-23 08:00:00,-1.0812184512285379,False
2021-12-23 08:10:00,-1.1264283503800758,False
2021-12-23 08:20:00,-1.031758961816318,False
2021-12-23 08:30:00,-0.8268575319643756,False
2021-12-23 08:40:00,-1.0513552843284404,False
2021-12-23 08:50:00,-0.9540659128117165,False
2021-12-23 09:00:00,-0.9026372936464087,False
2021-12-23 09:10:00,-1.0366831383013473,False
2021-12-23 09:20:00,-1.1807164273888744,False
2021-12-23 09:30:00,-0.9045274577095043,False
2021-12-23 09:40:00,-1.0613389141145657,False
2021-12-23 09:50:00,-0.9572166757024749,False
2021-12-23 10:00:00,-1.0389728255007915,False
2021-12-23 10:10:00,-1.084743063528923,False
2021-12-23 10:20:00,-1.0233665467314712,False
2021-12-23 10:30:00,-1.1684718985493052,False
2021-12-23 10:40:00,-0.9932964521681115,False
2021-12-23 10:50:00,-0.9995726981723395,False
2021-12-23 11:00:00,,False
2021-12-23 11:10:00,-1.0631425837594124,False
2021-12-23 11:20:00,-0.9817035333499794,False
2021-12-23 11:30:00,-0.989298885271096,False
2021-12-23 11:40:00,-1.046481757966267,False
2021-12-23 11:50:00,-0.8751268464273843,False
2021-12-23 12:00:00,-0.9329216029680509,False
2021-12-23 12:10:00,-0.9610827379159572,False
2021-12-23 12:20:00,,False
2021-12-23 12:30:00,-0.8539702473819919,False
2021-12-23 12:40:00,-0.9349945572293813,False
2021-12-23 12:50:00,-0.9011988866077705,False
2021-12-23 13:00:00,-1.0405923188696653,False
2021-12-23 13:10:00,-0.9510426073538768,False
2021-12-23 13:20:00,-1.041299617222991,False
2021-12-23 13:30:00,-0.8676763377864175,False
2021-12-23 13:40:00,-1.0862081231069234,False
2021-12-23 13:50:00,-1.0334631462885082,False
2021-12-23 14:00:00,-0.9991451158913207,False
2021-12-23 14:10:00,-1.134745262569906,False
2021-12-23 14:20:00,-0.8553349453475667,False
2021-12-23 14:30:00,-1.0491850623581354,False
2021-12-23 14:40:00,-1.1170872108761627,False
2021-12-23 14:50:00,-1.032883253414046,False
2021-12-23 15:00:00,-1.0904895154711731,False
2021-12-23 15:10:00,-1.1001309824303185,False
2021-12-23 15:20:00,-0.9270869606390632,False
2021-12-23 15:30:00,-0.8986056923497218,False
2021-12-23 15:40:00,-0.9744341232464763,False
2021-12-23 15:50:00,-1.070867653357692,False
2021-12-23 16:00:00,-1.0285172174600472,False
2021-12-23 16:10:00,,False
2021-12-23 16:20:00,-1.2439506956950377,False
2021-12-23 16:30:00,-1.0246303103380159,False
2021-12-23 16:40:00,-0.9588972692843972,False
2021-12-23 16:50:00,-0.910444745787433,False
2021-12-23 17:00:00,-0.8750840178333283,False
2021-12-23 17:10:00,-0.9781322560957162,False
2021-12-23 17:20:00,-0.9056162214386401,False
2021-12-23 17:30:00,-1.1422123132141655,False
2021-12-23 17:40:00,-1.1223316550981894,False
2021-12-23 17:50:00,-1.0185569659541471,False
2021-12-23 18:00:00,-0.7922073073260315,False
2021-12-23 18:10:00,-0.9084547471908205,False
2021-12-23 18:20:00,-1.0155008290442564,False
2021-12-23 18:30:00,-0.8684799027559165,False
2021-12-23 18:40:00,-1.037912074163569,False
2021-12-23 18:50:00,-0.8454252165998437,False
2021-12-23 19:00:00,-1.22620750054263,False
2021-12-23 19:10:00,-1.1119664671176184,False
2021-12-23 19:20:00,-1.1351614862625516,False
2021-12-23 19:30:00,-1.0803790330625351,False
2021-12-23 19:40:00,-0.8996552620883116,False
2021-12-23 19:50:00,-0.8769723450625178,False
2021-12-23 20:00:00,-1.0195519609325103,False
2021-12-23 20:10:00,-1.0326328685809212,False
2021-12-23 20:20:00,-1.0157745598394232,False
2021-12-23 20:30:00,-0.9087615147260383,False
2021-12-23 20:40:00,-0.9324650025909582,False
2021-12-23 20:50:00,-0.9198131491807084,False
2021-12-23 21:00:00,-1.156810443795764,False
2021-12-23 21:10:00,-1.0155933583987045,False
2021-12-23 21:20:00,-0.7420867087705771,False
2021-12-23 21:30:00,-0.9631432095056226,False
2021-12-23 21:40:00,-0.927666597601174,False
2021-12-23 21:50:00,-1.1119055169039964,False
2021-12-23 22:00:00,-0.9727955868129936,False
2021-12-23 22:10:00,-0.8125145739911485,False
2021-12-23 22:20:00,-0.8624379667482426,False
2021-12-23 22:30:00,-0.8539926016871309,False
2021-12-23 22:40:00,-0.9698046358879119,False
2021-12-23 22:50:00,-0.9679575465546626,False
2021-12-23 23:00:00,-1.0184349482644777,False
2021-12-23 23:10:00,-1.145721052785291,False
2021-12-23 23:20:00,-1.0517955709615134,False
2021-12-23 23:30:00,-1.0804242105659154,False
2021-12-23 23:40:00,-1.041584675993184,False
2021-12-23 23:50:00,-1.132018363256391,False
2021-12-24 00:00:00,-0.9864948770986484,False
2021-12-24 00:10:00,-1.0362424153686356,False
2021-12-24 00:20:00,-0.9317855524152148,False
2021-12-24 00:30:00,-0.9392211830587273,False
2021-12-24 00:40:00,-1.004167114657525,False
2021-12-24 00:50:00,-0.8767936126034845,False
2021-12-24 01:00:00,-1.069148730090794,False
2021-12-24 01:10:00,-1.14356587497887,False
2021-12-24 01:20:00,-0.8992106952241459,False
2021-12-24 01:30:00,-0.9614106720761006,False
2021-12-24 01:40:00,-1.0567198852802502,False
2021-12-24 01:50:00,-1.0188611518422774,False
2021-12-24 02:00:00,-0.9980926293358829,False
2021-12-24 02:10:00,-0.9111969583690462,False
2021-12-24 02:20:00,-0.9210372958817176,False
2021-12-24 02:30:00,-1.0445719691820123,False
2021-12-24 02:40:00,-0.9145160061779585,False
2021-12-24 02:50:00,-1.0052498999155912,False
2021-12-24 03:00:00,-1.1341155887004621,False
2021-12-24 03:10:00,-0.9653447394809817,False
2021-12-24 03:20:00,-0.9541740475981682,False
2021-12-24 03:30:00,-1.0545355415555078,False
2021-12-24 03:40:00,-0.8841445271642772,False
2021-12-24 03:50:00,,False
2021-12-24 04:00:00,-0.9574170818181355,False
2021-12-24 04:10:00,-0.9859916089313486,False
2021-12-24 04:20:00,-1.1293931029715145,False
2021-12-24 04:30:00,-1.065348940568934,False
2021-12-24 04:40:00,-0.9303523228405249,False
2021-12-24 04:50:00,-1.1039204920936172,False
2021-12-24 05:00:00,-1.1077127359203107,False
2021-12-24 05:10:00,-0.9839163033918752,False
2021-12-24 05:20:00,-1.1277874745923973,False
2021-12-24 05:30:00,-0.9654622209114886,False
2021-12-24 05:40:00,-0.9478779964681145,False
2021-12-24 05:50:00,-0.9972611805962712,False
2021-12-24 06:00:00,-0.8411780298154766,False
2021-12-24 06:10:00,-1.095652307180373,False
2021-12-24 06:20:00,-1.0272430880679195,False
2021-12-24 06:30:00,-0.978788106810519,False
2021-12-24 06:40:00,-1.054469405608983,False
2021-12-24 06:50:00,-0.9575994570436334,False
2021-12-24 07:00:00,-0.9560619039715732,False
2021-12-24 07:10:00,,False
2021-12-24 07:20:00,-0.8818341291097327,False
2021-12-24 07:30:00,,False
2021-12-24 07:40:00,-0.8890283503125013,False
2021-12-24 07:50:00,-1.0166122062422642,False
2021-12-24 08:00:00,-1.1172517961004986,False
2021-12-24 08:10:00,-0.9758791375749708,False
2021-12-24 08:20:00,-1.0574058922068985,False
2021-12-24 08:30:00,-0.894562606394351,False
2021-12-24 08:40:00,-0.9163098698231784,False
2021-12-24 08:50:00,,False
2021-12-24 09:00:00,-1.0372729867942203,False
2021-12-24 09:10:00,-0.9590208354010331,False
2021-12-24 09:20:00,-0.973047056343237,False
2021-12-24 09:30:00,-0.7832150290107192,False
2021-12-24 09:40:00,,False
2021-12-24 09:50:00,-1.0609737063079243,False
2021-12-24 10:00:00,-0.9617082239091023,False
2021-12-24 10:10:00,-0.9508366026684364,False
2021-12-24 10:20:00,,False
2021-12-24 10:30:00,-0.8532267952515429,False
2021-12-24 10:40:00,-1.0218643061552122,False
2021-12-24 10:50:00,-0.9839329881422758,False
2021-12-24 11:00:00,-1.0258187338204634,False
2021-12-24 11:10:00,-1.0376377504643277,False
2021-12-24 11:20:00,-0.9915893591798576,False
2021-12-24 11:30:00,-1.0296488888526707,False
2021-12-24 11:40:00,-0.9062533150453469,False
2021-12-24 11:50:00,-0.987445792977005,False
2021-12-24 12:00:00,-1.1025203830308856,False
2021-12-24 12:10:00,-0.8693950563675743,False
2021-12-24 12:20:00,-1.091583309257023,False
2021-12-24 12:30:00,-0.7865406888984003,False
2021-12-24 12:40:00,-1.2223290524194543,False
2021-12-24 12:50:00,-1.1352415210947662,False
2021-12-24 13:00:00,-1.0292045542115742,False
2021-12-24 13:10:00,-1.1703549411904481,False
2021-12-24 13:20:00,-0.8729432204393888,False
2021-12-24 13:30:00,-1.0616372426930367,False
2021-12-24 13:40:00,-1.0721753233099307,False
2021-12-24 13:50:00,-1.1350165181443916,False
2021-12-24 14:00:00,-1.0289326489351247,False
2021-12-24 14:10:00,-0.9291785484073085,False
2021-12-24 14:20:00,-0.9350260254058238,False
2021-12-24 14:30:00,-0.9768588451341879,False
2021-12-24 14:40:00,-1.0059154207132845,False
2021-12-24 14:50:00,-0.9882079283033327,False
2021-12-24 15:00:00,-1.136471613377329,False
2021-12-24 15:10:00,-0.9947463028758768,False
2021-12-24 15:20:00,-0.9251895587895523,False
2021-12-24 15:30:00,-1.067623209558703,False
2021-12-24 15:40:00,-0.8974374349354626,False
2021-12-24 15:50:00,,False
2021-12-24 16:00:00,-1.1057018875614957,False
2021-12-24 16:10:00,-1.0250507285702297,False
2021-12-24 16:20:00,-1.0004697943693366,False
2021-12-24 16:30:00,-0.81848405355997,False
2021-12-24 16:40:00,-0.9688721791954082,False
2021-12-24 16:50:00,-0.8828195372915363,False
2021-12-24 17:00:00,-0.9886428533006767,False
2021-12-24 17:10:00,-0.9651253212425478,False
2021-12-24 17:20:00,-1.0499624207288833,False
2021-12-24 17:30:00,-1.0209382418186197,False
2021-12-24 17:40:00,-0.8213735570569641,False
2021-12-24 17:50:00,-0.9432975654011548,False
2021-12-24 18:00:00,-0.9805686393168223,False
2021-12-24 18:10:00,-1.0718530822787495,False
2021-12-24 18:20:00,-1.0298605235771234,False
2021-12-24 18:30:00,-0.9123110051869532,False
2021-12-24 18:40:00,-0.9657975410106242,False
2021-12-24 18:50:00,-0.8893738217050642,False
2021-12-24 19:00:00,-0.9883770688796745,False
2021-12-24 19:10:00,-0.9168258962074469,False
2021-12-24 19:20:00,-1.0118746227314583,False
2021-12-24 19:30:00,-0.9993491201577497,False
2021-12-24 19:40:00,-1.1757644737487083,False
2021-12-24 19:50:00,-0.8884996380233436,False
2021-12-24 20:00:00,-0.9902100564298539,False
2021-12-24 20:10:00,-0.8609466736854103,False
2021-12-24 20:20:00,-0.9614915463179629,False
2021-12-24 20:30:00,-1.1336609685539072,False
2021-12-24 20:40:00,-1.0872906643068796,False
2021-12-24 20:50:00,-0.9986140701194349,False
2021-12-24 21:00:00,-0.9881168894368072,False
2021-12-24 21:10:00,-1.0455419800757189,False
2021-12-24 21:20:00,-1.0497897937292517,False
2021-12-24 21:30:00,-0.9638256701879845,False
2021-12-24 21:40:00,-0.9394159505586444,False
2021-12-24 21:50:00,-1.0069964064262809,False
2021-12-24 22:00:00,-0.8710957485314144,False
2021-12-24 22:10:00,-0.9657276651602358,False
2021-12-24 22:20:00,-0.9667371911114295,False
2021-12-24 22:30:00,-0.9962381514642119,False
2021-12-24 22:40:00,-0.9753614908933982,False
2021-12-24 22:50:00,-1.1212546104267924,False
2021-12-24 23:00:00,,False
2021-12-24 23:10:00,-0.8885247341034281,False
2021-12-24 23:20:00,-0.7944407217274008,False
2021-12-24 23:30:00,-1.019439591180737,False
2021-12-24 23:40:00,-0.9308787206094175,False
2021-12-24 23:50:00,-1.1397154363049622,False
2021-12-25 00:00:00,-0.9344735761638657,False
2021-12-25 00:10:00,-1.0402123513676875,False
2021-12-25 00:20:00,,False
2021-12-25 00:30:00,-0.9950614866878349,False
2021-12-25 00:40:00,-1.1084908526416368,False
2021-12-25 00:50:00,-1.057983142120688,False
2021-12-25 01:00:00,-1.0760328329124724,False
2021-12-25 01:10:00,-1.101260914974451,False
2021-12-25 01:20:00,-0.8808507515232473,False
2021-12-25 01:30:00,-0.9604974729509487,False
2021-12-25 01:40:00,-1.0267452037585083,False
2021-12-25 01:50:00,-1.034496684926034,False
2021-12-25 02:00:00,-1.0353108572835321,False
2021-12-25 02:10:00,-0.977780292844944,False
2021-12-25 02:20:00,-0.9297003614345583,False
2021-12-25 02:30:00,-1.151231878306601,False
2021-12-25 02:40:00,-1.0813097811644015,False
2021-12-25 02:50:00,-0.9727451461441806,False
2021-12-25 03:00:00,-0.8731725135636671,False
2021-12-25 03:10:00,-1.1625667091477527,False
2021-12-25 03:20:00,-1.0478327775220493,False
2021-12-25 03:30:00,-0.9303815614318477,False
2021-12-25 03:40:00,-0.9525813358115176,False
2021-12-25 03:50:00,-1.0255227818943848,False
2021-12-25 04:00:00,-1.1633402673019908,False
2021-12-25 04:10:00,-1.2662102254672356,False
2021-12-25 04:20:00,-0.9480433008327416,False
2021-12-25 04:30:00,-0.851141504293965,False
2021-12-25 04:40:00,-0.9028711577193166,False
2021-12-25 04:50:00,-1.0331021088955048,False
2021-12-25 05:00:00,-1.1413397472009537,False
2021-12-25 05:10:00,-1.19265795069236,False
2021-12-25 05:20:00,-0.9386016599470812,False
2021-12-25 05:30:00,-1.0127623736901277,False
2021-12-25 05:40:00,-1.0548546623957005,False
2021-12-25 05:50:00,-0.9896442880702684,False
2021-12-25 06:00:00,-1.247556331447866,False
2021-12-25 06:10:00,-1.0050296525532234,False
2021-12-25 06:20:00,-1.1258068340862109,False
2021-12-25 06:30:00,-0.8329766137595241,False
2021-12-25 06:40:00,-0.7849357118131369,False
2021-12-25 06:50:00,-1.0243286864227712,False
2021-12-25 07:00:00,-0.9775487668207193,False
2021-12-25 07:10:00,-0.9768238834309069,False
2021-12-25 07:20:00,-1.0162279342673177,False
2021-12-25 07:30:00,-0.9826067915130483,False
2021-12-25 07:40:00,-1.0653928738043568,False
2021-12-25 07:50:00,-0.9839271684585441,False
2021-12-25 08:00:00,-0.9155781241905075,False
2021-12-25 08:10:00,-1.1033717746286262,False
2021-12-25 08:20:00,-0.8408869270223287,False
2021-12-25 08:30:00,-1.0637490514122105,False
2021-12-25 08:40:00,-1.0256414932156208,False
2021-12-25 08:50:00,-0.8381642093302422,False
2021-12-25 09:00:00,-0.9305462278495196,False
2021-12-25 09:10:00,-0.9077518028720858,False
2021-12-25 09:20:00,-0.9024936564829349,False
2021-12-25 09:30:00,-0.8410225581611201,False
2021-12-25 09:40:00,-0.9333746494997808,False
2021-12-25 09:50:00,-1.158869686412781,False
2021-12-25 10:00:00,-1.0910150422218388,False
2021-12-25 10:10:00,-1.0888109475425511,False
2021-12-25 10:20:00,-0.9503121889079267,False
2021-12-25 10:30:00,-1.1551039523021323,False
2021-12-25 10:40:00,-1.0350223177101487,False
2021-12-25 10:50:00,-0.8068557866359511,False
2021-12-25 11:00:00,-1.055375741416102,False
2021-12-25 11:10:00,-0.7874019762941915,False
2021-12-25 11:20:00,-1.025536545910241,False
2021-12-25 11:30:00,-0.9395726714602183,False
2021-12-25 11:40:00,-1.0070482399565148,False
2021-12-25 11:50:00,-1.0358123016928071,False
2021-12-25 12:00:00,-0.916439368709449,False
2021-12-25 12:10:00,-0.8613017787196943,False
2021-12-25 12:20:00,-1.0284136664642405,False
2021-12-25 12:30:00,-1.0409917492470526,False
2021-12-25 12:40:00,-0.8739437858670432,False
2021-12-25 12:50:00,-1.1510708611876739,False
2021-12-25 13:00:00,-0.8048178745426188,False
2021-12-25 13:10:00,-1.0580832393855268,False
2021-12-25 13:20:00,-0.9015989458309155,False
2021-12-25 13:30:00,-0.9484150271403884,False
2021-12-25 13:40:00,-1.1195723386838912,False
2021-12-25 13:50:00,-0.9204136221878249,False
2021-12-25 14:00:00,-0.9598816800451174,False
2021-12-25 14:10:00,-0.8846640563529248,False
2021-12-25 14:20:00,-1.1141212017874849,False
2021-12-25 14:30:00,-0.8104702388299125,False
2021-12-25 14:40:00,-0.8721372073283016,False
2021-12-25 14:50:00,-1.124946664091421,False
2021-12-25 15:00:00,-1.152067394972824,False
2021-12-25 15:10:00,-1.0583153290389375,False
2021-12-25 15:20:00,-1.1889257702635214,False
2021-12-25 15:30:00,-0.9200723984898732,False
2021-12-25 15:40:00,-1.0549035121252572,False
2021-12-25 15:50:00,-1.0212195106042203,False
2021-12-25 16:00:00,-1.1364763946661003,False
2021-12-25 16:10:00,-0.9291388520622206,False
2021-12-25 16:20:00,-0.9379432694271153,False
2021-12-25 16:30:00,,False
2021-12-25 16:40:00,-1.0363482207623587,False
2021-12-25 16:50:00,-1.1388077188417105,False
2021-12-25 17:00:00,-0.9995507482465961,False
2021-12-25 17:10:00,-0.9670215493267105,False
2021-12-25 17:20:00,-1.0801574403474732,False
2021-12-25 17:30:00,-0.808466927832262,False
2021-12-25 17:40:00,-1.0466545994560603,False
2021-12-25 17:50:00,-1.086908882047674,False
2021-12-25 18:00:00,-1.1050950020244554,False
2021-12-25 18:10:00,-0.9545855924952381,False
2021-12-25 18:20:00,-0.9115662558149028,False
2021-12-25 18:30:00,-0.8902456903151268,False
2021-12-25 18:40:00,-1.018220166784796,False
2021-12-25 18:50:00,-1.0493576975700138,False
2021-12-25 19:00:00,-1.105088513819202,False
2021-12-25 19:10:00,-1.065032317784396,False
2021-12-25 19:20:00,-0.9539648531268308,False
2021-12-25 19:30:00,-1.2829764964669694,False
2021-12-25 19:40:00,-1.0817537499321883,False
2021-12-25 19:50:00,-1.2104913611485153,False
2021-12-25 20:00:00,,False
2021-12-25 20:10:00,-1.130296144596263,False
2021-12-25 20:20:00,-1.0317404765889546,False
2021-12-25 20:30:00,-1.0112348461357852,False
2021-12-25 20:40:00,-1.055300149755152,False
2021-12-25 20:50:00,-1.104426530617419,False
2021-12-25 21:00:00,-1.082616832565675,False
2021-12-25 21:10:00,-1.0204525460407767,False
2021-12-25 21:20:00,-1.03365925313716,False
2021-12-25 21:30:00,-1.0013103040882545,False
2021-12-25 21:40:00,-1.0932288561387988,False
2021-12-25 21:50:00,-0.9730240595354196,False
2021-12-25 22:00:00,-1.0698557052986528,False
2021-12-25 22:10:00,-1.0230817633021003,False
2021-12-25 22:20:00,-1.1335341575432774,False
2021-12-25 22:30:00,-0.8628326730416453,False
2021-12-25 22:40:00,-0.9579448148353383,False
2021-12-25 22:50:00,-1.1037684210110557,False
2021-12-25 23:00:00,-1.0746349955927232,False
2021-12-25 23:10:00,,False
2021-12-25 23:20:00,-0.9382379171609783,False
2021-12-25 23:30:00,-0.96143953229097,False
2021-12-25 23:40:00,-1.0646071245515398,False
2021-12-25 23:50:00,-1.0631425517324244,False
2021-12-26 00:00:00,-0.9600107763961255,False
2021-12-26 00:10:00,-0.8687593985780864,False
2021-12-26 00:20:00,-0.9268020678068999,False
2021-12-26 00:30:00,-1.133149210205371,False
2021-12-26 00:40:00,-0.9983734134105309,False
2021-12-26 00:50:00,-1.0209028528955901,False
2021-12-26 01:00:00,-1.0537275030019875,False
2021-12-26 01:10:00,-0.9293157279866114,False
2021-12-26 01:20:00,-0.9466268643778621,False
2021-12-26 01:30:00,,False
2021-12-26 01:40:00,-1.0207116550831887,False
2021-12-26 01:50:00,-1.03641341557318,False
2021-12-26 02:00:00,-0.9127935708242862,False
2021-12-26 02:10:00,,False
2021-12-26 02:20:00,,False
2021-12-26 02:30:00,,False
2021-12-26 02:40:00,-1.02311628644761,False
2021-12-26 02:50:00,-1.131765584518551,False
2021-12-26 03:00:00,,False
2021-12-26 03:10:00,-1.0472244104464263,False
2021-12-26 03:20:00,-1.0365657538340072,False
2021-12-26 03:30:00,-0.9667060871649829,False
2021-12-26 03:40:00,-0.9963348585095056,False
2021-12-26 03:50:00,-0.9281425777110421,False
2021-12-26 04:00:00,-0.89636360534319,False
2021-12-26 04:10:00,-1.0012458938239983,False
2021-12-26 04:20:00,-1.0780174289081899,False
2021-12-26 04:30:00,-0.9572217365111515,False
2021-12-26 04:40:00,-0.9721572570477898,False
2021-12-26 04:50:00,-0.9187693773011558,False
2021-12-26 05:00:00,-1.096456507479676,False
2021-12-26 05:10:00,-0.8608264784690688,False
2021-12-26 05:20:00,-1.0655893934680192,False
2021-12-26 05:30:00,-1.0102891898749162,False
2021-12-26 05:40:00,-1.0269342295123047,False
2021-12-26 05:50:00,-0.9896597991903678,False
2021-12-26 06:00:00,-0.9320481741928353,False
2021-12-26 06:10:00,-0.8914419000168454,False
2021-12-26 06:20:00,-0.9115267926866698,False
2021-12-26 06:30:00,-1.008175501689203,False
2021-12-26 06:40:00,-0.9118708041561001,False
2021-12-26 06:50:00,-0.9165426475319305,False
2021-12-26 07:00:00,-0.7734823971058584,False
2021-12-26 07:10:00,,False
2021-12-26 07:20:00,-1.0182869683350817,False
2021-12-26 07:30:00,-1.0414704954538085,False
2021-12-26 07:40:00,-0.9632500203208462,False
2021-12-26 07:50:00,-1.1080560706341274,False
2021-12-26 08:00:00,-1.1155251870331866,False
2021-12-26 08:10:00,-0.8436985068199115,False
2021-12-26 08:20:00,-0.9954048948702703,False
2021-12-26 08:30:00,-1.0242882700020302,False
2021-12-26 08:40:00,-0.9584863068306291,False
2021-12-26 08:50:00,-0.900687556601845,False
2021-12-26 09:00:00,-1.090306938778624,False
2021-12-26 09:10:00,-0.9329355944898442,False
2021-12-26 09:20:00,-0.7724447617181481,False
2021-12-26 09:30:00,-0.9872652667856091,False
2021-12-26 09:40:00,-1.164014359991394,False
2021-12-26 09:50:00,-1.1291668328760032,False
2021-12-26 10:00:00,-1.1260122925345464,False
2021-12-26 10:10:00,-1.0480503118508084,False
2021-12-26 10:20:00,-0.9819406526786173,False
2021-12-26 10:30:00,-0.5768872764829089,False
2021-12-26 10:40:00,-0.9162011711100729,False
2021-12-26 10:50:00,-1.0819334754405816,False
2021-12-26 11:00:00,-1.0878938635601354,False
2021-12-26 11:10:00,-0.9613645488093443,False
2021-12-26 11:20:00,-1.0214530157860235,False
2021-12-26 11:30:00,-0.9895626178789572,False
2021-12-26 11:40:00,-1.0020871516825711,False
2021-12-26 11:50:00,-1.0480343597328534,False
2021-12-26 12:00:00,-0.9649594450097605,False
2021-12-26 12:10:00,,False
2021-12-26 12:20:00,-0.818740371641699,False
2021-12-26 12:30:00,-0.904408623989436,False
2021-12-26 12:40:00,-1.1837039420669762,False
2021-12-26 12:50:00,-0.9913375122565712,False
2021-12-26 13:00:00,-1.0539527663335815,False
2021-12-26 13:10:00,-0.9499067472288039,False
2021-12-26 13:20:00,-1.050577423190839,False
2021-12-26 13:30:00,-1.2385804758373433,False
2021-12-26 13:40:00,-1.0001862183787125,False
2021-12-26 13:50:00,-1.0114089820300038,False
2021-12-26 14:00:00,-1.2180714013069422,False
2021-12-26 14:10:00,-0.9969481185047481,False
2021-12-26 14:20:00,-1.0793804357059995,False
2021-12-26 14:30:00,-1.1131062331285955,False
2021-12-26 14:40:00,-0.9180760063580531,False
2021-12-26 14:50:00,-1.0360396438262987,False
2021-12-26 15:00:00,-0.9759673270831127,False
2021-12-26 15:10:00,-0.9071442123384249,False
2021-12-26 15:20:00,-1.0265333967486494,False
2021-12-26 15:30:00,-1.2190475450273088,False
2021-12-26 15:40:00,-1.0899858001308829,False
2021-12-26 15:50:00,-0.9462995195662782,False
2021-12-26 16:00:00,-0.9485988564852632,False
2021-12-26 16:10:00,,False
2021-12-26 16:20:00,-1.0712037250197604,False
2021-12-26 16:30:00,-1.0702453111150658,False
2021-12-26 16:40:00,-1.0930610147674558,False
2021-12-26 16:50:00,-1.1216604098759206,False
2021-12-26 17:00:00,-1.0545102483766415,False
2021-12-26 17:10:00,-1.1116180679138508,False
2021-12-26 17:20:00,-1.0033758945299884,False
2021-12-26 17:30:00,-0.8514137544236234,False
2021-12-26 17:40:00,-1.0640818823621399,False
2021-12-26 17:50:00,-0.97715922998207,False
2021-12-26 18:00:00,-1.0458474634938366,False
2021-12-26 18:10:00,-1.0645699713007872,False
2021-12-26 18:20:00,-0.8358360272458476,False
2021-12-26 18:30:00,-0.8266329007079111,False
2021-12-26 18:40:00,-1.0943304338092599,False
2021-12-26 18:50:00,-0.839015770726352,False
2021-12-26 19:00:00,-0.8613275361535258,False
2021-12-26 19:10:00,-1.1159897699441272,False
2021-12-26 19:20:00,-0.8280754873010605,False
2021-12-26 19:30:00,-0.9116273938205671,False
2021-12-26 19:40:00,-1.0065759923143032,False
2021-12-26 19:50:00,-0.816779352711344,False
2021-12-26 20:00:00,-0.8910955812079894,False
2021-12-26 20:10:00,-0.9717392240287841,False
2021-12-26 20:20:00,-0.915855634283155,False
2021-12-26 20:30:00,-0.95884330952945,False
2021-12-26 20:40:00,-0.947913245831125,False
2021-12-26 20:50:00,-1.0405895178138098,False
2021-12-26 21:00:00,-0.9697730717954309,False
2021-12-26 21:10:00,-0.9518417256493706,False
2021-12-26 21:20:00,-0.9786849816005756,False
2021-12-26 21:30:00,-0.8243259649990564,False
2021-12-26 21:40:00,-1.1422927631219495,False
2021-12-26 21:50:00,-1.0935510315344283,False
2021-12-26 22:00:00,-0.8737613822453583,False
2021-12-26 22:10:00,-1.0753533253941936,False
2021-12-26 22:20:00,,False
2021-12-26 22:30:00,-1.03352308909912,False
2021-12-26 22:40:00,-0.8520120345557315,False
2021-12-26 22:50:00,-0.8646581312981823,False
2021-12-26 23:00:00,-0.9606228804571886,False
2021-12-26 23:10:00,-0.8629608439169114,False
2021-12-26 23:20:00,-1.0320833492991814,False
2021-12-26 23:30:00,-1.15592040645664,False
2021-12-26 23:40:00,-0.980447432891959,False
2021-12-26 23:50:00,-0.9333808591785624,False
2021-12-27 00:00:00,-0.9615225311705792,False
2021-12-27 00:10:00,-1.0852804057934053,False
2021-12-27 00:20:00,-1.027049264655613,False
2021-12-27 00:30:00,-0.9183784690128621,False
2021-12-27 00:40:00,-0.9560447504740538,False
2021-12-27 00:50:00,-0.9448979346405992,False
2021-12-27 01:00:00,-1.0276396589345165,False
2021-12-27 01:10:00,-0.9215716999591501,False
2021-12-27 01:20:00,-0.8548392120925471,False
2021-12-27 01:30:00,-1.0472034873200569,False
2021-12-27 01:40:00,-0.9897866923317201,False
2021-12-27 01:50:00,-0.9023061503507463,False
2021-12-27 02:00:00,-1.0714390103772313,False
2021-12-27 02:10:00,-0.9350314977724727,False
2021-12-27 02:20:00,-1.0627805584829308,False
2021-12-27 02:30:00,-1.0337596294176816,False
2021-12-27 02:40:00,-0.9113089369130358,False
2021-12-27 02:50:00,-0.9378939693641097,False
2021-12-27 03:00:00,-1.0925063418808898,False
2021-12-27 03:10:00,-0.8729712020412517,False
2021-12-27 03:20:00,-0.9945567549413985,False
2021-12-27 03:30:00,-1.0393791820469358,False
2021-12-27 03:40:00,-0.9209699860780514,False
2021-12-27 03:50:00,-0.8645443490879547,False
2021-12-27 04:00:00,-0.9229183943938892,False
2021-12-27 04:10:00,-0.9003159158288483,False
2021-12-27 04:20:00,-0.9947526254398761,False
2021-12-27 04:30:00,-1.0601539181562498,False
2021-12-27 04:40:00,-0.7560740780881207,False
2021-12-27 04:50:00,-0.9262712942668732,False
2021-12-27 05:00:00,,False
2021-12-27 05:10:00,-1.0054383071671176,False
2021-12-27 05:20:00,-0.8261600646271484,False
2021-12-27 05:30:00,-0.9502366071903687,False
2021-12-27 05:40:00,-0.9446314320129101,False
2021-12-27 05:50:00,-0.9661519063913245,False
2021-12-27 06:00:00,-0.9876461812505367,False
2021-12-27 06:10:00,-1.147582109365272,False
2021-12-27 06:20:00,-0.9245509714448805,False
2021-12-27 06:30:00,-1.0434622666251396,False
2021-12-27 06:40:00,-1.0058681177301938,False
2021-12-27 06:50:00,-1.2239327822616026,False
2021-12-27 07:00:00,-0.8938866163982006,False
2021-12-27 07:10:00,-1.0831518293663387,False
2021-12-27 07:20:00,-1.0421749777909295,False
2021-12-27 07:30:00,-1.1667331518396105,False
2021-12-27 07:40:00,-1.0204981880049038,False
2021-12-27 07:50:00,-1.047896120108961,False
2021-12-27 08:00:00,-1.1080069094078437,False
2021-12-27 08:10:00,-0.8147842995509993,False
2021-12-27 08:20:00,-0.9704900140742589,False
2021-12-27 08:30:00,-0.850766772369258,False
2021-12-27 08:40:00,,False
2021-12-27 08:50:00,-1.0347017872718236,False
2021-12-27 09:00:00,-0.8770041190503652,False
2021-12-27 09:10:00,-1.1226940743140557,False
2021-12-27 09:20:00,-1.0657123025267343,False
2021-12-27 09:30:00,-0.9008691077368162,False
2021-12-27 09:40:00,,False
2021-12-27 09:50:00,-1.2073445642143348,False
2021-12-27 10:00:00,-1.090632652476515,False
2021-12-27 10:10:00,-1.1109210703344357,False
2021-12-27 10:20:00,-0.7917923715886659,False
2021-12-27 10:30:00,-1.1631535761037017,False
2021-12-27 10:40:00,-0.8420274757092773,False
2021-12-27 10:50:00,-0.9735604816036524,False
2021-12-27 11:00:00,-1.0314320007854616,False
2021-12-27 11:10:00,-1.1724125328171007,False
2021-12-27 11:20:00,-0.9762787649522368,False
2021-12-27 11:30:00,-1.0966784500391984,False
2021-12-27 11:40:00,-1.112675789523318,False
2021-12-27 11:50:00,-1.0538191323744333,False
2021-12-27 12:00:00,-0.8750211990664439,False
2021-12-27 12:10:00,-0.7681891290528141,False
2021-12-27 12:20:00,,False
2021-12-27 12:30:00,-0.928667619334142,False
2021-12-27 12:40:00,-0.9847510638624455,False
2021-12-27 12:50:00,-1.1280929339841512,False
2021-12-27 13:00:00,-1.0760536355857493,False
2021-12-27 13:10:00,-0.9917921606750288,False
2021-12-27 13:20:00,-1.0155847008701488,False
2021-12-27 13:30:00,-0.9914758502659405,False
2021-12-27 13:40:00,-0.8863364474249908,False
2021-12-27 13:50:00,-1.011846790868896,False
2021-12-27 14:00:00,-0.9277153978108413,False
2021-12-27 14:10:00,-0.9524205321522113,False
2021-12-27 14:20:00,-1.0424203883323107,False
2021-12-27 14:30:00,-0.8973723898986173,False
2021-12-27 14:40:00,-0.9572757203228777,False
2021-12-27 14:50:00,-0.9419469996611763,False
2021-12-27 15:00:00,-0.963564537979284,False
2021-12-27 15:10:00,-0.9293435400763326,False
2021-12-27 15:20:00,-0.9119312442023849,False
2021-12-27 15:30:00,-1.0003860622512872,False
2021-12-27 15:40:00,-1.0204463638722363,False
2021-12-27 15:50:00,-1.1460563902609227,False
2021-12-27 16:00:00,-1.137465144151199,False
2021-12-27 16:10:00,-0.9632538710722613,False
2021-12-27 16:20:00,-1.0651346657580583,False
2021-12-27 16:30:00,,False
2021-12-27 16:40:00,-0.9907549798295873,False
2021-12-27 16:50:00,-0.9279297336247182,False
2021-12-27 17:00:00,-0.958510484843613,False
2021-12-27 17:10:00,-0.977543480369319,False
2021-12-27 17:20:00,-0.9127514718320441,False
2021-12-27 17:30:00,,False
2021-12-27 17:40:00,-1.0818426464682518,False
2021-12-27 17:50:00,-0.8544113607229573,False
2021-12-27 18:00:00,,False
2021-12-27 18:10:00,,False
2021-12-27 18:20:00,-1.032901964671821,False
2021-12-27 18:30:00,-0.9172669394905465,False
2021-12-27 18:40:00,-0.9566460796451315,False
2021-12-27 18:50:00,-1.060542705237208,False
2021-12-27 19:00:00,-0.8388519733745557,False
2021-12-27 19:10:00,-0.8259457893408947,False
2021-12-27 19:20:00,-1.0803793789572556,False
2021-12-27 19:30:00,-1.1064172229002367,False
2021-12-27 19:40:00,-0.9917051625692853,False
2021-12-27 19:50:00,-0.9638465948778165,False
2021-12-27 20:00:00,,False
2021-12-27 20:10:00,,False
2021-12-27 20:20:00,-1.0421384291225748,False
2021-12-27 20:30:00,-0.893081895655132,False
2021-12-27 20:40:00,-1.0193346905306633,False
2021-12-27 20:50:00,-0.7432015653374876,False
2021-12-27 21:00:00,-1.0381304737095043,False
2021-12-27 21:10:00,-1.0272814458315598,False
2021-12-27 21:20:00,-0.938442568256299,False
2021-12-27 21:30:00,-0.8276801556229163,False
2021-12-27 21:40:00,-1.0721206076817686,False
2021-12-27 21:50:00,-1.159887557720718,False
2021-12-27 22:00:00,-0.9304658386254362,False
2021-12-27 22:10:00,-1.0083993052298452,False
2021-12-27 22:20:00,-0.8037129866875133,False
2021-12-27 22:30:00,-1.1741836251670232,False
2021-12-27 22:40:00,-1.0586043395711953,False
2021-12-27 22:50:00,-0.9987422791718539,False
2021-12-27 23:00:00,-0.9257425801219364,False
2021-12-27 23:10:00,-1.0200704453554088,False
2021-12-27 23:20:00,-1.0240849773356635,False
2021-12-27 23:30:00,-0.9914730117838196,False
2021-12-27 23:40:00,-1.066081505899736,False
2021-12-27 23:50:00,-0.954077050347281,False
2021-12-28 00:00:00,-1.0627668643156027,False
2021-12-28 00:10:00,-1.00270774490387,False
2021-12-28 00:20:00,-0.9858458865267516,False
2021-12-28 00:30:00,-0.8189991131523044,False
2021-12-28 00:40:00,-1.0939373641901,False
2021-12-28 00:50:00,-0.8754854496319504,False
2021-12-28 01:00:00,-0.9987251141626167,False
2021-12-28 01:10:00,-1.0902323157763152,False
2021-12-28 01:20:00,-1.0838699360202486,False
2021-12-28 01:30:00,-0.9396616236976587,False
2021-12-28 01:40:00,-0.9554518204458482,False
2021-12-28 01:50:00,-1.0912625940762544,False
2021-12-28 02:00:00,-1.2258130710794948,False
2021-12-28 02:10:00,-1.0418225819371272,False
2021-12-28 02:20:00,-1.0494727578362137,False
2021-12-28 02:30:00,-0.9726075015755998,False
2021-12-28 02:40:00,-1.0263022008898475,False
2021-12-28 02:50:00,-1.1453088262869457,False
2021-12-28 03:00:00,-1.1097359385302226,False
2021-12-28 03:10:00,,False
2021-12-28 03:20:00,-1.1030901603070355,False
2021-12-28 03:30:00,-1.109227243195958,False
2021-12-28 03:40:00,-0.9329656517832879,False
2021-12-28 03:50:00,-1.1434562380042237,False
2021-12-28 04:00:00,-0.816459988664636,False
2021-12-28 04:10:00,-0.8196530107931184,False
2021-12-28 04:20:00,-1.1189256446871858,False
2021-12-28 04:30:00,-0.8976419099659734,False
2021-12-28 04:40:00,-1.0618375508073097,False
2021-12-28 04:50:00,-1.0610043357522787,False
2021-12-28 05:00:00,-0.9883561384940137,False
2021-12-28 05:10:00,-0.8979365611290415,False
2021-12-28 05:20:00,-0.879931451874949,False
2021-12-28 05:30:00,,False
2021-12-28 05:40:00,,False
2021-12-28 05:50:00,-0.9421215246078067,False
2021-12-28 06:00:00,-0.7999197409327439,False
2021-12-28 06:10:00,-0.9494402616406052,False
2021-12-28 06:20:00,-0.984254725039257,False
2021-12-28 06:30:00,-1.0450089193160315,False
2021-12-28 06:40:00,-0.9444100261214421,False
2021-12-28 06:50:00,-0.8743837108048775,False
2021-12-28 07:00:00,-0.9742501630714724,False
2021-12-28 07:10:00,-1.1191570663460781,False
2021-12-28 07:20:00,-1.0679732662215335,False
2021-12-28 07:30:00,-1.1709531151339543,False
2021-12-28 07:40:00,-1.0490897075951446,False
2021-12-28 07:50:00,-1.0134193137821503,False
2021-12-28 08:00:00,-0.9498312253459888,False
2021-12-28 08:10:00,-1.1904134451699087,False
2021-12-28 08:20:00,-0.9929962627000379,False
2021-12-28 08:30:00,-0.9805188666724555,False
2021-12-28 08:40:00,-1.1014115593024079,False
2021-12-28 08:50:00,-0.8263689365929059,False
2021-12-28 09:00:00,-1.0885080347359768,False
2021-12-28 09:10:00,-0.9374127215515623,False
2021-12-28 09:20:00,-0.9226235624065922,False
2021-12-28 09:30:00,-1.0534532906247822,False
2021-12-28 09:40:00,-0.9839219393060789,False
2021-12-28 09:50:00,-0.9466737479944309,False
2021-12-28 10:00:00,-1.028825773909238,False
2021-12-28 10:10:00,-1.0663302752672954,False
2021-12-28 10:20:00,-0.9693315196929194,False
2021-12-28 10:30:00,-0.9210615025431743,False
2021-12-28 10:40:00,-0.990375897141023,False
2021-12-28 10:50:00,-0.8015945899334237,False
2021-12-28 11:00:00,-0.9248723863230429,False
2021-12-28 11:10:00,-0.9017687239243029,False
2021-12-28 11:20:00,-1.0504223005781987,False
2021-12-28 11:30:00,-1.0669400595152134,False
2021-12-28 11:40:00,-1.0480052581093755,False
2021-12-28 11:50:00,-0.915757385157759,False
2021-12-28 12:00:00,-0.9394119034637692,False
2021-12-28 12:10:00,-1.2423765429585227,False
2021-12-28 12:20:00,-1.1295215968105206,False
2021-12-28 12:30:00,-1.1635683412344238,False
2021-12-28 12:40:00,-1.1804359363250438,False
2021-12-28 12:50:00,,False
2021-12-28 13:00:00,-0.928327149246019,False
2021-12-28 13:10:00,-1.0380307760125325,False
2021-12-28 13:20:00,-1.0146044723768548,False
2021-12-28 13:30:00,-1.0331966877707937,False
2021-12-28 13:40:00,-1.0631784704585185,False
2021-12-28 13:50:00,-0.9489320944943718,False
2021-12-28 14:00:00,-0.8932698464146028,False
2021-12-28 14:10:00,-1.0764257883975306,False
2021-12-28 14:20:00,-0.8829973166194965,False
2021-12-28 14:30:00,-0.7692006046250831,False
2021-12-28 14:40:00,-0.9846817079060114,False
2021-12-28 14:50:00,-0.9204978861669257,False
2021-12-28 15:00:00,-0.9014361960070063,False
2021-12-28 15:10:00,-1.145398857534618,False
2021-12-28 15:20:00,-0.9000918891747955,False
2021-12-28 15:30:00,-0.9445463324666894,False
2021-12-28 15:40:00,-0.9474438566316473,False
2021-12-28 15:50:00,-1.097482876437028,False
2021-12-28 16:00:00,-1.1193387911060741,False
2021-12-28 16:10:00,-0.8844558330574019,False
2021-12-28 16:20:00,-1.0061641456128934,False
2021-12-28 16:30:00,-1.2425642389398075,False
2021-12-28 16:40:00,-0.9824525286144193,False
2021-12-28 16:50:00,-0.8835520154873765,False
2021-12-28 17:00:00,-0.9759103669323128,False
2021-12-28 17:10:00,-0.8105394911682408,False
2021-12-28 17:20:00,-1.0736687369702202,False
2021-12-28 17:30:00,-1.039581452652846,False
2021-12-28 17:40:00,-0.9149089532013831,False
2021-12-28 17:50:00,-0.8753502310414836,False
2021-12-28 18:00:00,-1.0796152392414349,False
2021-12-28 18:10:00,-1.0064689312131023,False
2021-12-28 18:20:00,-1.025302197428991,False
2021-12-28 18:30:00,-1.0952544050721535,False
2021-12-28 18:40:00,-0.950672485250484,False
2021-12-28 18:50:00,-1.0860748293175568,False
2021-12-28 19:00:00,-0.9854695209174286,False
2021-12-28 19:10:00,-0.9490099860601409,False
2021-12-28 19:20:00,-1.1357728135444483,False
2021-12-28 19:30:00,-0.9721253359833292,False
2021-12-28 19:40:00,-1.0069733354199655,False
2021-12-28 19:50:00,-1.0085214349289195,False
2021-12-28 20:00:00,-1.1442238976313215,False
2021-12-28 20:10:00,-0.8301449201300578,False
2021-12-28 20:20:00,-0.97963534642421,False
2021-12-28 20:30:00,-1.0809444234742032,False
2021-12-28 20:40:00,-1.0854013462990069,False
2021-12-28 20:50:00,-0.991936586103497,False
2021-12-28 21:00:00,-1.0082525928073893,False
2021-12-28 21:10:00,-0.8836405188292442,False
2021-12-28 21:20:00,-0.9739745128706296,False
2021-12-28 21:30:00,-1.2037401868251454,False
2021-12-28 21:40:00,-1.0952666194196226,False
2021-12-28 21:50:00,-1.011598964951589,False
2021-12-28 22:00:00,-1.1044405921778684,False
2021-12-28 22:10:00,-1.019702523558072,False
2021-12-28 22:20:00,-1.0674425315252478,False
2021-12-28 22:30:00,-1.141532967925678,False
2021-12-28 22:40:00,-0.9586127482058967,False
2021-12-28 22:50:00,,False
2021-12-28 23:00:00,-0.9660631519602207,False
2021-12-28 23:10:00,-1.221724300886459,False
2021-12-28 23:20:00,-1.060583935088457,False
2021-12-28 23:30:00,-0.7953974998074895,False
2021-12-28 23:40:00,-1.1002031696791463,False
2021-12-28 23:50:00,-1.0820370797907128,False
2021-12-29 00:00:00,-0.885585158329294,False
2021-12-29 00:10:00,-1.015326350017283,False
2021-12-29 00:20:00,-0.9412349091244424,False
2021-12-29 00:30:00,-0.9610583634674433,False
2021-12-29 00:40:00,-1.0671655866151317,False
2021-12-29 00:50:00,-0.8793445531486521,False
2021-12-29 01:00:00,-1.1117532633166656,False
2021-12-29 01:10:00,-1.0255277574079644,False
2021-12-29 01:20:00,-0.8139475232390895,False
2021-12-29 01:30:00,-0.7625313561627413,False
2021-12-29 01:40:00,-1.0314062651308122,False
2021-12-29 01:50:00,-1.0143565891739046,False
2021-12-29 02:00:00,-1.125050597095163,False
2021-12-29 02:10:00,-1.055318007325692,False
2021-12-29 02:20:00,-1.00392984254345,False
2021-12-29 02:30:00,-0.9686313933868377,False
2021-12-29 02:40:00,-1.153892572057591,False
2021-12-29 02:50:00,-1.1184716693265344,False
2021-12-29 03:00:00,-0.9052122685914418,False
2021-12-29 03:10:00,-1.1931779309745258,False
2021-12-29 03:20:00,-1.002414734810945,False
2021-12-29 03:30:00,-0.8235937825680233,False
2021-12-29 03:40:00,-0.9289861583591275,False
2021-12-29 03:50:00,-0.9409431348056293,False
2021-12-29 04:00:00,-1.020917231916118,False
2021-12-29 04:10:00,-1.067799420551856,False
2021-12-29 04:20:00,-1.0297287399755066,False
2021-12-29 04:30:00,-1.058543721462987,False
2021-12-29 04:40:00,-0.9854393716901227,False
2021-12-29 04:50:00,-1.0411282428929713,False
2021-12-29 05:00:00,-1.019688474606802,False
2021-12-29 05:10:00,-0.9777247768599812,False
2021-12-29 05:20:00,-1.147737473248015,False
2021-12-29 05:30:00,-0.9622911444355936,False
2021-12-29 05:40:00,-1.0453162485878587,False
2021-12-29 05:50:00,-0.9689943215766246,False
2021-12-29 06:00:00,,False
2021-12-29 06:10:00,-1.016255959974132,False
2021-12-29 06:20:00,-0.9946317836741067,False
2021-12-29 06:30:00,-0.970556609384656,False
2021-12-29 06:40:00,-0.9015946390536766,False
2021-12-29 06:50:00,-0.9918552964200104,False
2021-12-29 07:00:00,-1.054322872706923,False
2021-12-29 07:10:00,-1.0918560792458392,False
2021-12-29 07:20:00,-1.0075221708091937,False
2021-12-29 07:30:00,-1.1236600372149552,False
2021-12-29 07:40:00,-0.9963372606389659,False
2021-12-29 07:50:00,-1.1034583433903977,False
2021-12-29 08:00:00,-0.950386010037551,False
2021-12-29 08:10:00,-0.9209071443130891,False
2021-12-29 08:20:00,-0.843005444050764,False
2021-12-29 08:30:00,-1.0133129383750143,False
2021-12-29 08:40:00,-0.9580321385216741,False
2021-12-29 08:50:00,-1.0430073725733007,False
2021-12-29 09:00:00,-1.1080507045222432,False
2021-12-29 09:10:00,-1.030762723619681,False
2021-12-29 09:20:00,-0.8877201849005851,False
2021-12-29 09:30:00,-0.9554477682402425,False
2021-12-29 09:40:00,-1.0297640471084786,False
2021-12-29 09:50:00,-1.116339316806705,False
2021-12-29 10:00:00,-1.0512689834738493,False
2021-12-29 10:10:00,-1.1622610758656053,False
2021-12-29 10:20:00,-1.0057440306905578,False
2021-12-29 10:30:00,-1.0243928804911766,False
2021-12-29 10:40:00,-1.068956952489535,False
2021-12-29 10:50:00,-1.1528503588135766,False
2021-12-29 11:00:00,-0.967431920386401,False
2021-12-29 11:10:00,-1.022151771679809,False
2021-12-29 11:20:00,-0.9663078884175283,False
2021-12-29 11:30:00,-1.09958920380942,False
2021-12-29 11:40:00,-1.0454647448231114,False
2021-12-29 11:50:00,-0.9510329350369784,False
2021-12-29 12:00:00,-1.004090167844907,False
2021-12-29 12:10:00,-0.9138303425860933,False
2021-12-29 12:20:00,-0.9631482217302622,False
2021-12-29 12:30:00,-0.9698024881947629,False
2021-12-29 12:40:00,-1.0845192687536065,False
2021-12-29 12:50:00,-1.1407971682096645,False
2021-12-29 13:00:00,-0.899939234159898,False
2021-12-29 13:10:00,-1.055104908137461,False
2021-12-29 13:20:00,-0.9891848430169338,False
2021-12-29 13:30:00,-0.9792607770647747,False
2021-12-29 13:40:00,-0.9663566624107913,False
2021-12-29 13:50:00,-1.0246783353874307,False
2021-12-29 14:00:00,-0.8323272664735061,False
2021-12-29 14:10:00,-1.011153690745397,False
2021-12-29 14:20:00,-0.9065834219695433,False
2021-12-29 14:30:00,-1.0872390105360208,False
2021-12-29 14:40:00,-0.9771197950679776,False
2021-12-29 14:50:00,-0.9244590664530957,False
2021-12-29 15:00:00,-0.8806682197000535,False
2021-12-29 15:10:00,-0.9760356738914104,False
2021-12-29 15:20:00,-1.0408392580965682,False
2021-12-29 15:30:00,-1.0626454177296518,False
2021-12-29 15:40:00,-0.9276416476735133,False
2021-12-29 15:50:00,-1.0009075050905905,False
2021-12-29 16:00:00,-0.9371468086058441,False
2021-12-29 16:10:00,-0.8324171881919109,False
2021-12-29 16:20:00,-1.1585268832224358,False
2021-12-29 16:30:00,-0.8036690083168762,False
2021-12-29 16:40:00,-0.9822694885081256,False
2021-12-29 16:50:00,-0.9689499857117778,False
2021-12-29 17:00:00,-0.9009835276620032,False
2021-12-29 17:10:00,-0.9451602175997056,False
2021-12-29 17:20:00,-1.055720414315393,False
2021-12-29 17:30:00,-1.0579761524575293,False
2021-12-29 17:40:00,-0.9820692021931526,False
2021-12-29 17:50:00,-1.1136290755379792,False
2021-12-29 18:00:00,-1.1253451731036483,False
2021-12-29 18:10:00,-0.9284000564902338,False
2021-12-29 18:20:00,-0.9913014819611115,False
2021-12-29 18:30:00,-1.0196238669538498,False
2021-12-29 18:40:00,-1.0247397274188452,False
2021-12-29 18:50:00,-0.9930534722441423,False
2021-12-29 19:00:00,-1.061252860681661,False
2021-12-29 19:10:00,-0.9554118630151077,False
2021-12-29 19:20:00,,False
2021-12-29 19:30:00,-1.0501066903916474,False
2021-12-29 19:40:00,-1.0727264417819649,False
2021-12-29 19:50:00,-0.9956825429087278,False
2021-12-29 20:00:00,-1.1805399358949342,False
2021-12-29 20:10:00,,False
2021-12-29 20:20:00,-1.0310220770178826,False
2021-12-29 20:30:00,-0.920595855770727,False
2021-12-29 20:40:00,-1.094360720857824,False
2021-12-29 20:50:00,-1.0270487600483913,False
2021-12-29 21:00:00,-0.990655374736054,False
2021-12-29 21:10:00,-0.9113547612016143,False
2021-12-29 21:20:00,-1.1058661719411766,False
2021-12-29 21:30:00,-1.050327419822475,False
2021-12-29 21:40:00,-0.9583257579571036,False
2021-12-29 21:50:00,-0.9670138384638614,False
2021-12-29 22:00:00,-1.2009290159242034,False
2021-12-29 22:10:00,-1.0461581374457039,False
2021-12-29 22:20:00,-0.8437287391239114,False
2021-12-29 22:30:00,-0.9570526983368572,False
2021-12-29 22:40:00,-0.9883125968223839,False
2021-12-29 22:50:00,-0.8600891986499107,False
2021-12-29 23:00:00,-1.098876695653427,False
2021-12-29 23:10:00,-1.0803397305600377,False
2021-12-29 23:20:00,-0.9093800642636184,False
2021-12-29 23:30:00,-0.8811289439740255,False
2021-12-29 23:40:00,-0.9011243750623666,False
2021-12-29 23:50:00,-1.0504077830418124,False
2021-12-30 00:00:00,-1.0097426965402263,False
2021-12-30 00:10:00,-1.009292662027417,False
2021-12-30 00:20:00,-1.205240272321908,False
2021-12-30 00:30:00,-1.059663292932832,False
2021-12-30 00:40:00,-0.8656347643043231,False
2021-12-30 00:50:00,-0.9328096137550984,False
2021-12-30 01:00:00,-1.0130872323192097,False
2021-12-30 01:10:00,-0.9389321584811446,False
2021-12-30 01:20:00,,False
2021-12-30 01:30:00,-0.9957851425093979,False
2021-12-30 01:40:00,-0.9202806217357006,False
2021-12-30 01:50:00,-0.9139515232947832,False
2021-12-30 02:00:00,-1.0309687375043965,False
2021-12-30 02:10:00,-0.9708358385900469,False
2021-12-30 02:20:00,-0.9383022090583116,False
2021-12-30 02:30:00,-0.8667047981972814,False
2021-12-30 02:40:00,-1.015843826058827,False
2021-12-30 02:50:00,-1.0264575798159294,False
2021-12-30 03:00:00,-0.9727473238744213,False
2021-12-30 03:10:00,-1.044718716598968,False
2021-12-30 03:20:00,-1.0165866176122873,False
2021-12-30 03:30:00,-1.1058309878851706,False
2021-12-30 03:40:00,-1.0480065861379189,False
2021-12-30 03:50:00,-1.089962431383353,False
2021-12-30 04:00:00,-1.1653485542896806,False
2021-12-30 04:10:00,-1.0613353426294463,False
2021-12-30 04:20:00,-1.010730012638719,False
2021-12-30 04:30:00,-0.8880548930896327,False
2021-12-30 04:40:00,-0.9703498093120134,False
2021-12-30 04:50:00,-1.1224484205794654,False
2021-12-30 05:00:00,-1.076566777604289,False
2021-12-30 05:10:00,-0.909131723467175,False
2021-12-30 05:20:00,-1.0774427685872818,False
2021-12-30 05:30:00,-1.010536388843781,False
2021-12-30 05:40:00,-0.8688903105114916,False
2021-12-30 05:50:00,-0.8803873371527029,False
2021-12-30 06:00:00,-0.8429046199848953,False
2021-12-30 06:10:00,,False
2021-12-30 06:20:00,-1.029015652677673,False
2021-12-30 06:30:00,-1.0360906941616819,False
2021-12-30 06:40:00,-1.1331533282430908,False
2021-12-30 06:50:00,-1.1003050706354975,False
2021-12-30 07:00:00,-0.9712332058518914,False
2021-12-30 07:10:00,-1.0998047894853575,False
2021-12-30 07:20:00,-1.0927473847961173,False
2021-12-30 07:30:00,-1.13386304193602,False
2021-12-30 07:40:00,-0.8907758072131391,False
2021-12-30 07:50:00,-1.1270321802920418,False
2021-12-30 08:00:00,-0.9665419692355239,False
2021-12-30 08:10:00,-0.8397291275761701,False
2021-12-30 08:20:00,-0.9799121326698621,False
2021-12-30 08:30:00,,False
2021-12-30 08:40:00,-0.9811413703890346,False
2021-12-30 08:50:00,-0.9410776210724318,False
2021-12-30 09:00:00,-1.026883845804831,False
2021-12-30 09:10:00,-0.9234462485789161,False
2021-12-30 09:20:00,-0.9434233293875428,False
2021-12-30 09:30:00,-1.0092229205787915,False
2021-12-30 09:40:00,-1.0256348475999082,False
2021-12-30 09:50:00,-0.9564897480527094,False
2021-12-30 10:00:00,-1.013390722317942,False
2021-12-30 10:10:00,-0.9871991611162902,False
2021-12-30 10:20:00,-1.0479672587466198,False
2021-12-30 10:30:00,-1.025561848618397,False
2021-12-30 10:40:00,-0.9404763166375152,False
2021-12-30 10:50:00,-0.9838264737773961,False
2021-12-30 11:00:00,-0.9040281405304331,False
2021-12-30 11:10:00,-0.9266943188715396,False
2021-12-30 11:20:00,-0.9877587763983561,False
2021-12-30 11:30:00,-0.9469683375664931,False
2021-12-30 11:40:00,-0.9332804019692408,False
2021-12-30 11:50:00,-1.1441508860841287,False
2021-12-30 12:00:00,-0.9433211203586428,False
2021-12-30 12:10:00,-1.1373418787194194,False
2021-12-30 12:20:00,,False
2021-12-30 12:30:00,-0.9304402711294357,False
2021-12-30 12:40:00,,False
2021-12-30 12:50:00,-1.2179485182787473,False
2021-12-30 13:00:00,-0.9368968827848239,False
2021-12-30 13:10:00,-0.9049135325605987,False
2021-12-30 13:20:00,-0.9384486938414353,False
2021-12-30 13:30:00,-1.0843554616075946,False
2021-12-30 13:40:00,-1.0009200445045356,False
2021-12-30 13:50:00,-1.025005369901339,False
2021-12-30 14:00:00,-1.050180229635658,False
2021-12-30 14:10:00,-1.1051198956591635,False
2021-12-30 14:20:00,-1.070177395619255,False
2021-12-30 14:30:00,-1.0792312544077303,False
2021-12-30 14:40:00,-1.0032635330764845,False
2021-12-30 14:50:00,-1.0430361432153676,False
2021-12-30 15:00:00,,False
2021-12-30 15:10:00,-0.9935578248712922,False
2021-12-30 15:20:00,-1.1288050212947411,False
2021-12-30 15:30:00,-1.0836399467880815,False
2021-12-30 15:40:00,-1.0256589950028938,False
2021-12-30 15:50:00,-1.033130325221756,False
2021-12-30 16:00:00,-0.9070528580306563,False
2021-12-30 16:10:00,-0.8509905074615961,False
2021-12-30 16:20:00,-0.694580310561103,False
2021-12-30 16:30:00,-1.101317724507539,False
2021-12-30 16:40:00,-1.1146942858993791,False
2021-12-30 16:50:00,-0.8619164149130951,False
2021-12-30 17:00:00,-1.0574793257668482,False
2021-12-30 17:10:00,-0.9990822596012728,False
2021-12-30 17:20:00,-1.013824079941989,False
2021-12-30 17:30:00,-1.0618157933835541,False
2021-12-30 17:40:00,,False
2021-12-30 17:50:00,-0.9423549533467229,False
2021-12-30 18:00:00,-1.0352185653438106,False
2021-12-30 18:10:00,-1.0328515735720278,False
2021-12-30 18:20:00,-0.9777047390203804,False
2021-12-30 18:30:00,-0.8867865866768659,False
2021-12-30 18:40:00,-0.9754381029574981,False
2021-12-30 18:50:00,-1.143994556622606,False
2021-12-30 19:00:00,,False
2021-12-30 19:10:00,-1.046378176946953,False
2021-12-30 19:20:00,-1.0549621107749692,False
2021-12-30 19:30:00,-1.0875109718636526,False
2021-12-30 19:40:00,-1.027336741443284,False
2021-12-30 19:50:00,-1.094057624874821,False
2021-12-30 20:00:00,-1.105897795068679,False
2021-12-30 20:10:00,-0.913296417771885,False
2021-12-30 20:20:00,-0.967887625209379,False
2021-12-30 20:30:00,-1.1034234426956622,False
2021-12-30 20:40:00,-1.0333164637989736,False
2021-12-30 20:50:00,-1.127598124160835,False
2021-12-30 21:00:00,-1.08450682984518,False
2021-12-30 21:10:00,-0.9625497868597966,False
2021-12-30 21:20:00,-1.0200277538727383,False
2021-12-30 21:30:00,-1.1962701724841434,False
2021-12-30 21:40:00,-0.9393030440700415,False
2021-12-30 21:50:00,-0.9495681774553764,False
2021-12-30 22:00:00,-1.113366229004371,False
2021-12-30 22:10:00,-0.8827754797547356,False
2021-12-30 22:20:00,,False
2021-12-30 22:30:00,-0.9635988736274,False
2021-12-30 22:40:00,-0.9193193016598301,False
2021-12-30 22:50:00,-1.0763912878044832,False
2021-12-30 23:00:00,-1.2395660404162663,False
2021-12-30 23:10:00,-1.0601818230004065,False
2021-12-30 23:20:00,-1.0956912521016253,False
2021-12-30 23:30:00,-0.9314084156928178,False
2021-12-30 23:40:00,-1.085644141543355,False
2021-12-30 23:50:00,-1.0601804740449325,False
2021-12-31 00:00:00,-0.8379322346969909,False
2021-12-31 00:10:00,-1.056469622187975,False
2021-12-31 00:20:00,-1.013124920781262,False
2021-12-31 00:30:00,-0.9200852468227194,False
2021-12-31 00:40:00,-1.1234401189314753,False
2021-12-31 00:50:00,-0.9721623258116602,False
2021-12-31 01:00:00,-0.8754409404862239,False
2021-12-31 01:10:00,-0.9686680968053023,False
2021-12-31 01:20:00,-0.9615471049589455,False
2021-12-31 01:30:00,-0.8276393996549052,False
2021-12-31 01:40:00,-0.9659109431144858,False
2021-12-31 01:50:00,-0.9162971809774197,False
2021-12-31 02:00:00,-1.0611017247808463,False
2021-12-31 02:10:00,-1.0500333557710728,False
2021-12-31 02:20:00,-0.8345761705699558,False
2021-12-31 02:30:00,-1.0288162580332685,False
2021-12-31 02:40:00,-0.9470120290109648,False
2021-12-31 02:50:00,-0.9951504680854638,False
2021-12-31 03:00:00,-1.1144771597152228,False
2021-12-31 03:10:00,-1.0601320465137591,False
2021-12-31 03:20:00,-1.0271474169677488,False
2021-12-31 03:30:00,-1.055652707084,False
2021-12-31 03:40:00,-0.9341977230884142,False
2021-12-31 03:50:00,-1.001711589934765,False
2021-12-31 04:00:00,-0.8550650783625399,False
2021-12-31 04:10:00,-1.0770922309532136,False
2021-12-31 04:20:00,-1.0005146954090778,False
2021-12-31 04:30:00,-1.0089580766449766,False
2021-12-31 04:40:00,-1.1394539359967433,False
2021-12-31 04:50:00,-0.981538287400145,False
2021-12-31 05:00:00,-1.0432425530122638,False
2021-12-31 05:10:00,-1.101682640985811,False
2021-12-31 05:20:00,-0.8617899405230364,False
2021-12-31 05:30:00,-0.9065770454425532,False
2021-12-31 05:40:00,-0.8651942124713097,False
2021-12-31 05:50:00,-0.942422238270552,False
2021-12-31 06:00:00,-1.0134655763986482,False
2021-12-31 06:10:00,,False
2021-12-31 06:20:00,-0.9203925404370683,False
2021-12-31 06:30:00,-1.0531291115749228,False
2021-12-31 06:40:00,-0.8907127041459683,False
2021-12-31 06:50:00,-1.1730661492220893,False
2021-12-31 07:00:00,-0.8907584866584433,False
2021-12-31 07:10:00,-1.1620659836269716,False
2021-12-31 07:20:00,-1.1405530263247925,False
2021-12-31 07:30:00,-0.9853994213013514,False
2021-12-31 07:40:00,-1.2423830474146327,False
2021-12-31 07:50:00,-0.9459454104187635,False
2021-12-31 08:00:00,-0.8213157662394845,False
2021-12-31 08:10:00,-0.9671182910186183,False
2021-12-31 08:20:00,-1.0368180104755487,False
2021-12-31 08:30:00,-0.9317724610713831,False
2021-12-31 08:40:00,-1.1038972409569172,False
2021-12-31 08:50:00,-0.9934192107908297,False
2021-12-31 09:00:00,-1.1441246227214608,False
2021-12-31 09:10:00,-1.121617654786934,False
2021-12-31 09:20:00,,False
2021-12-31 09:30:00,-0.9991920666737295,False
2021-12-31 09:40:00,-0.8777384761485272,False
2021-12-31 09:50:00,-1.145213325197561,False
2021-12-31 10:00:00,-0.976762208111593,False
2021-12-31 10:10:00,-1.0295403697764596,False
2021-12-31 10:20:00,-1.0473927705421393,False
2021-12-31 10:30:00,-1.1642781377668823,False
2021-12-31 10:40:00,-1.0491374710439545,False
2021-12-31 10:50:00,-0.8664908235686553,False
2021-12-31 11:00:00,-1.0659236366122162,False
2021-12-31 11:10:00,-1.001991590252407,False
2021-12-31 11:20:00,-1.1215203503339886,False
2021-12-31 11:30:00,-0.9129317547713325,False
2021-12-31 11:40:00,-0.7689984347788791,False
2021-12-31 11:50:00,-1.0390864625141563,False
2021-12-31 12:00:00,,False
2021-12-31 12:10:00,-1.2649017668211364,False
2021-12-31 12:20:00,-1.033677021239059,False
2021-12-31 12:30:00,-1.0543553549488565,False
2021-12-31 12:40:00,-0.8084696553991683,False
2021-12-31 12:50:00,-1.0041129341785695,False
2021-12-31 13:00:00,-1.0037211147971952,False
2021-12-31 13:10:00,-0.9884682928317062,False
2021-12-31 13:20:00,-1.1945352355373038,False
2021-12-31 13:30:00,-1.0509359890714332,False
2021-12-31 13:40:00,,False
2021-12-31 13:50:00,-1.09243638747035,False
2021-12-31 14:00:00,-1.1999864572230288,False
2021-12-31 14:10:00,-0.9594849662268075,False
2021-12-31 14:20:00,-1.2438430693766271,False
2021-12-31 14:30:00,-0.9546261283290594,False
2021-12-31 14:40:00,-1.2004530737350858,False
2021-12-31 14:50:00,,False
2021-12-31 15:00:00,-0.8925346148009832,False
2021-12-31 15:10:00,-1.237172378338337,False
2021-12-31 15:20:00,-1.1619728255541752,False
2021-12-31 15:30:00,-0.931789800326912,False
2021-12-31 15:40:00,-0.9482763774760432,False
2021-12-31 15:50:00,-1.0047434875807006,False
2021-12-31 16:00:00,-0.9738074248729119,False
2021-12-31 16:10:00,-1.1156498058069517,False
2021-12-31 16:20:00,-1.0204715017206234,False
2021-12-31 16:30:00,-0.9604854262727919,False
2021-12-31 16:40:00,-0.9921127325956869,False
2021-12-31 16:50:00,-0.9031894419394478,False
2021-12-31 17:00:00,-0.8768606383415692,False
2021-12-31 17:10:00,-1.1757874067400786,False
2021-12-31 17:20:00,-1.0665384373549882,False
2021-12-31 17:30:00,-0.9098648232258489,False
2021-12-31 17:40:00,-1.1431949708955789,False
2021-12-31 17:50:00,-0.9796214823471696,False
2021-12-31 18:00:00,-1.1227454603464222,False
2021-12-31 18:10:00,-1.1597101464467374,False
2021-12-31 18:20:00,-1.1217494758226363,False
2021-12-31 18:30:00,-0.9883276470289504,False
2021-12-31 18:40:00,-1.2381713462200845,False
2021-12-31 18:50:00,-0.9914722107056347,False
2021-12-31 19:00:00,-1.0368874673782105,False
2021-12-31 19:10:00,-0.8502976282142939,False
2021-12-31 19:20:00,-1.1761426872610163,False
2021-12-31 19:30:00,-1.037242310241406,False
2021-12-31 19:40:00,-1.118856300568698,False
2021-12-31 19:50:00,-1.1670294160055756,False
2021-12-31 20:00:00,-0.9314856419277279,False
2021-12-31 20:10:00,-0.9687480826771029,False
2021-12-31 20:20:00,-0.9160365529472305,False
2021-12-31 20:30:00,-0.991530976665128,False
2021-12-31 20:40:00,-1.008411497167827,False
2021-12-31 20:50:00,-0.8095397245728038,False
2021-12-31 21:00:00,-1.0845735881067695,False
2021-12-31 21:10:00,-0.9630713396799456,False
2021-12-31 21:20:00,-1.0137174040898493,False
2021-12-31 21:30:00,-1.172003246612144,False
2021-12-31 21:40:00,-0.9123043122613168,False
2021-12-31 21:50:00,-1.0004517085026223,False
2021-12-31 22:00:00,-1.2674571956828415,False
2021-12-31 22:10:00,-1.0717286400074353,False
2021-12-31 22:20:00,-1.0317136788997334,False
2021-12-31 22:30:00,,False
2021-12-31 22:40:00,-0.9382367086635739,False
2021-12-31 22:50:00,-0.9417287128658173,False
2021-12-31 23:00:00,-1.0971807715722248,False
2021-12-31 23:10:00,-1.0247617778980755,False
2021-12-31 23:20:00,-0.8468299137516083,False
2021-12-31 23:30:00,-1.0120125741400672,False
2021-12-31 23:40:00,-0.9682392982897494,False
2021-12-31 23:50:00,-0.8150413578299828,False
2022-01-01 00:00:00,0.0,False
2022-01-01 00:10:00,,False
2022-01-01 00:20:00,0.0,False
2022-01-01 00:30:00,0.0,False
2022-01-01 00:40:00,0.0,False
2022-01-01 00:50:00,,False
2022-01-01 01:00:00,0.0,False
2022-01-01 01:10:00,0.0,False
2022-01-01 01:20:00,0.0,False
2022-01-01 01:30:00,0.0,False
2022-01-01 01:40:00,0.0,False
2022-01-01 01:50:00,0.0,False
2022-01-01 02:00:00,0.0,False
2022-01-01 02:10:00,0.0,False
2022-01-01 02:20:00,0.0,False
2022-01-01 02:30:00,0.0,False
2022-01-01 02:40:00,0.0,False
2022-01-01 02:50:00,0.0,False
2022-01-01 03:00:00,0.0,False
2022-01-01 03:10:00,0.0,False
2022-01-01 03:20:00,0.0,False
2022-01-01 03:30:00,0.0,False
2022-01-01 03:40:00,0.0,False
2022-01-01 03:50:00,0.0,False
2022-01-01 04:00:00,0.0,False
2022-01-01 04:10:00,0.0,False
2022-01-01 04:20:00,0.0,False
2022-01-01 04:30:00,0.0,False
2022-01-01 04:40:00,0.0,False
2022-01-01 04:50:00,0.0,False
2022-01-01 05:00:00,0.0,False
2022-01-01 05:10:00,0.0,False
2022-01-01 05:20:00,0.0,False
2022-01-01 05:30:00,0.0,False
2022-01-01 05:40:00,0.0,False
2022-01-01 05:50:00,,False
2022-01-01 06:00:00,0.0,False
2022-01-01 06:10:00,0.0,False
2022-01-01 06:20:00,0.0,False
2022-01-01 06:30:00,0.0,False
2022-01-01 06:40:00,0.0,False
2022-01-01 06:50:00,0.0,False
2022-01-01 07:00:00,0.0,False
2022-01-01 07:10:00,0.0,False
2022-01-01 07:20:00,0.0,False
2022-01-01 07:30:00,0.0,False
2022-01-01 07:40:00,,False
2022-01-01 07:50:00,0.0,False
2022-01-01 08:00:00,0.0,False
2022-01-01 08:10:00,0.0,False
2022-01-01 08:20:00,0.0,False
2022-01-01 08:30:00,0.0,False
2022-01-01 08:40:00,0.0,False
2022-01-01 08:50:00,0.0,False
2022-01-01 09:00:00,0.0,False
2022-01-01 09:10:00,0.0,False
2022-01-01 09:20:00,0.0,False
2022-01-01 09:30:00,0.0,False
2022-01-01 09:40:00,0.0,False
2022-01-01 09:50:00,0.0,False
2022-01-01 10:00:00,0.0,False
2022-01-01 10:10:00,0.0,False
2022-01-01 10:20:00,,False
2022-01-01 10:30:00,0.0,False
2022-01-01 10:40:00,0.0,False
2022-01-01 10:50:00,0.0,False
2022-01-01 11:00:00,0.0,False
2022-01-01 11:10:00,0.0,False
2022-01-01 11:20:00,0.0,False
2022-01-01 11:30:00,0.0,False
2022-01-01 11:40:00,0.0,False
2022-01-01 11:50:00,0.0,False
2022-01-01 12:00:00,0.0,False
2022-01-01 12:10:00,0.0,False
2022-01-01 12:20:00,0.0,False
2022-01-01 12:30:00,0.0,False
2022-01-01 12:40:00,0.0,False
2022-01-01 12:50:00,0.0,False
2022-01-01 13:00:00,0.0,False
2022-01-01 13:10:00,0.0,False
2022-01-01 13:20:00,0.0,False
2022-01-01 13:30:00,0.0,False
2022-01-01 13:40:00,0.0,False
2022-01-01 13:50:00,0.0,False
2022-01-01 14:00:00,0.0,False
2022-01-01 14:10:00,0.0,False
2022-01-01 14:20:00,0.0,False
2022-01-01 14:30:00,0.0,False
2022-01-01 14:40:00,0.0,False
2022-01-01 14:50:00,0.0,False
2022-01-01 15:00:00,0.0,False
2022-01-01 15:10:00,0.0,False
2022-01-01 15:20:00,0.0,False
2022-01-01 15:30:00,0.0,False
2022-01-01 15:40:00,0.0,False
2022-01-01 15:50:00,0.0,False
2022-01-01 16:00:00,0.0,False
2022-01-01 16:10:00,0.0,False
2022-01-01 16:20:00,0.0,False
2022-01-01 16:30:00,0.0,False
2022-01-01 16:40:00,0.0,False
2022-01-01 16:50:00,0.0,False
2022-01-01 17:00:00,0.0,False
2022-01-01 17:10:00,0.0,False
2022-01-01 17:20:00,,False
2022-01-01 17:30:00,0.0,False
2022-01-01 17:40:00,0.0,False
2022-01-01 17:50:00,0.0,False
2022-01-01 18:00:00,0.0,False
2022-01-01 18:10:00,0.0,False
2022-01-01 18:20:00,0.0,False
2022-01-01 18:30:00,0.0,False
2022-01-01 18:40:00,0.0,False
2022-01-01 18:50:00,,False
2022-01-01 19:00:00,0.0,False
2022-01-01 19:10:00,0.0,False
2022-01-01 19:20:00,0.0,False
2022-01-01 19:30:00,0.0,False
2022-01-01 19:40:00,,False
2022-01-01 19:50:00,0.0,False
2022-01-01 20:00:00,0.0,False
2022-01-01 20:10:00,0.0,False
2022-01-01 20:20:00,0.0,False
2022-01-01 20:30:00,0.0,False
2022-01-01 20:40:00,0.0,False
2022-01-01 20:50:00,0.0,False
2022-01-01 21:00:00,0.0,False
2022-01-01 21:10:00,0.0,False
2022-01-01 21:20:00,0.0,False
2022-01-01 21:30:00,0.0,False
2022-01-01 21:40:00,0.0,False
2022-01-01 21:50:00,0.0,False
2022-01-01 22:00:00,0.0,False
2022-01-01 22:10:00,0.0,False
2022-01-01 22:20:00,0.0,False
2022-01-01 22:30:00,0.0,False
2022-01-01 22:40:00,0.0,False
2022-01-01 22:50:00,0.0,False
2022-01-01 23:00:00,0.0,False
2022-01-01 23:10:00,0.0,False
2022-01-01 23:20:00,0.0,False
2022-01-01 23:30:00,0.0,False
2022-01-01 23:40:00,0.0,False
2022-01-01 23:50:00,0.0,False
2022-01-02 00:00:00,0.0,False
2022-01-02 00:10:00,0.0,False
2022-01-02 00:20:00,0.0,False
2022-01-02 00:30:00,0.0,False
2022-01-02 00:40:00,0.0,False
2022-01-02 00:50:00,0.0,False
2022-01-02 01:00:00,0.0,False
2022-01-02 01:10:00,0.0,False
2022-01-02 01:20:00,0.0,False
2022-01-02 01:30:00,0.0,False
2022-01-02 01:40:00,0.0,False
2022-01-02 01:50:00,0.0,False
2022-01-02 02:00:00,0.0,False
2022-01-02 02:10:00,0.0,False
2022-01-02 02:20:00,0.0,False
2022-01-02 02:30:00,0.0,False
2022-01-02 02:40:00,0.0,False
2022-01-02 02:50:00,0.0,False
2022-01-02 03:00:00,0.0,False
2022-01-02 03:10:00,0.0,False
2022-01-02 03:20:00,0.0,False
2022-01-02 03:30:00,0.0,False
2022-01-02 03:40:00,0.0,False
2022-01-02 03:50:00,0.0,False
2022-01-02 04:00:00,,False
2022-01-02 04:10:00,,False
2022-01-02 04:20:00,,False
2022-01-02 04:30:00,0.0,False
2022-01-02 04:40:00,0.0,False
2022-01-02 04:50:00,0.0,False
2022-01-02 05:00:00,0.0,False
2022-01-02 05:10:00,0.0,False
2022-01-02 05:20:00,0.0,False
2022-01-02 05:30:00,0.0,False
2022-01-02 05:40:00,0.0,False
2022-01-02 05:50:00,0.0,False
2022-01-02 06:00:00,0.0,False
2022-01-02 06:10:00,,False
2022-01-02 06:20:00,0.0,False
2022-01-02 06:30:00,0.0,False
2022-01-02 06:40:00,0.0,False
2022-01-02 06:50:00,0.0,False
2022-01-02 07:00:00,0.0,False
2022-01-02 07:10:00,0.0,False
2022-01-02 07:20:00,0.0,False
2022-01-02 07:30:00,0.0,False
2022-01-02 07:40:00,0.0,False
2022-01-02 07:50:00,0.0,False
2022-01-02 08:00:00,0.0,False
2022-01-02 08:10:00,0.0,False
2022-01-02 08:20:00,0.0,False
2022-01-02 08:30:00,0.0,False
2022-01-02 08:40:00,0.0,False
2022-01-02 08:50:00,,False
2022-01-02 09:00:00,0.0,False
2022-01-02 09:10:00,0.0,False
2022-01-02 09:20:00,0.0,False
2022-01-02 09:30:00,0.0,False
2022-01-02 09:40:00,0.0,False
2022-01-02 09:50:00,0.0,False
2022-01-02 10:00:00,0.0,False
2022-01-02 10:10:00,0.0,False
2022-01-02 10:20:00,0.0,False
2022-01-02 10:30:00,0.0,False
2022-01-02 10:40:00,0.0,False
2022-01-02 10:50:00,0.0,False
2022-01-02 11:00:00,0.0,False
2022-01-02 11:10:00,,False
2022-01-02 11:20:00,0.0,False
2022-01-02 11:30:00,0.0,False
2022-01-02 11:40:00,0.0,False
2022-01-02 11:50:00,0.0,False
2022-01-02 12:00:00,0.0,False
2022-01-02 12:10:00,0.0,False
2022-01-02 12:20:00,0.0,False
2022-01-02 12:30:00,0.0,False
2022-01-02 12:40:00,0.0,False
2022-01-02 12:50:00,0.0,False
2022-01-02 13:00:00,0.0,False
2022-01-02 13:10:00,0.0,False
2022-01-02 13:20:00,,False
2022-01-02 13:30:00,0.0,False
2022-01-02 13:40:00,0.0,False
2022-01-02 13:50:00,0.0,False
2022-01-02 14:00:00,0.0,False
2022-01-02 14:10:00,0.0,False
2022-01-02 14:20:00,0.0,False
2022-01-02 14:30:00,0.0,False
2022-01-02 14:40:00,,False
2022-01-02 14:50:00,0.0,False
2022-01-02 15:00:00,0.0,False
2022-01-02 15:10:00,0.0,False
2022-01-02 15:20:00,0.0,False
2022-01-02 15:30:00,,False
2022-01-02 15:40:00,,False
2022-01-02 15:50:00,0.0,False
2022-01-02 16:00:00,0.0,False
2022-01-02 16:10:00,0.0,False
2022-01-02 16:20:00,0.0,False
2022-01-02 16:30:00,0.0,False
2022-01-02 16:40:00,0.0,False
2022-01-02 16:50:00,0.0,False
2022-01-02 17:00:00,,False
2022-01-02 17:10:00,0.0,False
2022-01-02 17:20:00,0.0,False
2022-01-02 17:30:00,,False
2022-01-02 17:40:00,0.0,False
2022-01-02 17:50:00,0.0,False
2022-01-02 18:00:00,0.0,False
2022-01-02 18:10:00,0.0,False
2022-01-02 18:20:00,0.0,False
2022-01-02 18:30:00,0.0,False
2022-01-02 18:40:00,0.0,False
2022-01-02 18:50:00,,False
2022-01-02 19:00:00,0.0,False
2022-01-02 19:10:00,0.0,False
2022-01-02 19:20:00,0.0,False
2022-01-02 19:30:00,0.0,False
2022-01-02 19:40:00,0.0,False
2022-01-02 19:50:00,0.0,False
2022-01-02 20:00:00,0.0,False
2022-01-02 20:10:00,0.0,False
2022-01-02 20:20:00,0.0,False
2022-01-02 20:30:00,0.0,False
2022-01-02 20:40:00,0.0,False
2022-01-02 20:50:00,0.0,False
2022-01-02 21:00:00,0.0,False
2022-01-02 21:10:00,0.0,False
2022-01-02 21:20:00,0.0,False
2022-01-02 21:30:00,0.0,False
2022-01-02 21:40:00,0.0,False
2022-01-02 21:50:00,0.0,False
2022-01-02 22:00:00,0.0,False
2022-01-02 22:10:00,0.0,False
2022-01-02 22:20:00,0.0,False
2022-01-02 22:30:00,0.0,False
2022-01-02 22:40:00,0.0,False
2022-01-02 22:50:00,0.0,False
2022-01-02 23:00:00,,False
2022-01-02 23:10:00,0.0,False
2022-01-02 23:20:00,0.0,False
2022-01-02 23:30:00,0.0,False
2022-01-02 23:40:00,0.0,False
2022-01-02 23:50:00,0.0,False
2022-01-03 00:00:00,0.0,False
2022-01-03 00:10:00,0.0,False
2022-01-03 00:20:00,0.0,False
2022-01-03 00:30:00,0.0,False
2022-01-03 00:40:00,0.0,False
2022-01-03 00:50:00,0.0,False
2022-01-03 01:00:00,0.0,False
2022-01-03 01:10:00,0.0,False
2022-01-03 01:20:00,0.0,False
2022-01-03 01:30:00,0.0,False
2022-01-03 01:40:00,0.0,False
2022-01-03 01:50:00,0.0,False
2022-01-03 02:00:00,0.0,False
2022-01-03 02:10:00,0.0,False
2022-01-03 02:20:00,0.0,False
2022-01-03 02:30:00,0.0,False
2022-01-03 02:40:00,0.0,False
2022-01-03 02:50:00,,False
2022-01-03 03:00:00,0.0,False
2022-01-03 03:10:00,0.0,False
2022-01-03 03:20:00,0.0,False
2022-01-03 03:30:00,0.0,False
2022-01-03 03:40:00,0.0,False
2022-01-03 03:50:00,0.0,False
2022-01-03 04:00:00,0.0,False
2022-01-03 04:10:00,0.0,False
2022-01-03 04:20:00,0.0,False
2022-01-03 04:30:00,0.0,False
2022-01-03 04:40:00,0.0,False
2022-01-03 04:50:00,0.0,False
2022-01-03 05:00:00,0.0,False
2022-01-03 05:10:00,0.0,False
2022-01-03 05:20:00,0.0,False
2022-01-03 05:30:00,0.0,False
2022-01-03 05:40:00,0.0,False
2022-01-03 05:50:00,0.0,False
2022-01-03 06:00:00,0.0,False
2022-01-03 06:10:00,0.0,False
2022-01-03 06:20:00,0.0,False
2022-01-03 06:30:00,0.0,False
2022-01-03 06:40:00,0.0,False
2022-01-03 06:50:00,0.0,False
2022-01-03 07:00:00,0.0,False
2022-01-03 07:10:00,0.0,False
2022-01-03 07:20:00,0.0,False
2022-01-03 07:30:00,0.0,False
2022-01-03 07:40:00,0.0,False
2022-01-03 07:50:00,0.0,False
2022-01-03 08:00:00,0.0,False
2022-01-03 08:10:00,0.0,False
2022-01-03 08:20:00,0.0,False
2022-01-03 08:30:00,0.0,False
2022-01-03 08:40:00,0.0,False
2022-01-03 08:50:00,0.0,False
2022-01-03 09:00:00,0.0,False
2022-01-03 09:10:00,0.0,False
2022-01-03 09:20:00,0.0,False
2022-01-03 09:30:00,0.0,False
2022-01-03 09:40:00,0.0,False
2022-01-03 09:50:00,0.0,False
2022-01-03 10:00:00,0.0,False
2022-01-03 10:10:00,0.0,False
2022-01-03 10:20:00,0.0,False
2022-01-03 10:30:00,,False
2022-01-03 10:40:00,,False
2022-01-03 10:50:00,0.0,False
2022-01-03 11:00:00,0.0,False
2022-01-03 11:10:00,0.0,False
2022-01-03 11:20:00,,False
2022-01-03 11:30:00,0.0,False
2022-01-03 11:40:00,0.0,False
2022-01-03 11:50:00,0.0,False
2022-01-03 12:00:00,0.0,False
2022-01-03 12:10:00,0.0,False
2022-01-03 12:20:00,0.0,False
2022-01-03 12:30:00,0.0,False
2022-01-03 12:40:00,0.0,False
2022-01-03 12:50:00,0.0,False
2022-01-03 13:00:00,,False
2022-01-03 13:10:00,0.0,False
2022-01-03 13:20:00,0.0,False
2022-01-03 13:30:00,0.0,False
2022-01-03 13:40:00,0.0,False
2022-01-03 13:50:00,0.0,False
2022-01-03 14:00:00,0.0,False
2022-01-03 14:10:00,0.0,False
2022-01-03 14:20:00,0.0,False
2022-01-03 14:30:00,0.0,False
2022-01-03 14:40:00,0.0,False
2022-01-03 14:50:00,0.0,False
2022-01-03 15:00:00,0.0,False
2022-01-03 15:10:00,0.0,False
2022-01-03 15:20:00,0.0,False
2022-01-03 15:30:00,0.0,False
2022-01-03 15:40:00,0.0,False
2022-01-03 15:50:00,0.0,False
2022-01-03 16:00:00,0.0,False
2022-01-03 16:10:00,0.0,False
2022-01-03 16:20:00,0.0,False
2022-01-03 16:30:00,0.0,False
2022-01-03 16:40:00,0.0,False
2022-01-03 16:50:00,0.0,False
2022-01-03 17:00:00,0.0,False
2022-01-03 17:10:00,0.0,False
2022-01-03 17:20:00,0.0,False
2022-01-03 17:30:00,0.0,False
2022-01-03 17:40:00,0.0,False
2022-01-03 17:50:00,0.0,False
2022-01-03 18:00:00,0.0,False
2022-01-03 18:10:00,0.0,False
2022-01-03 18:20:00,0.0,False
2022-01-03 18:30:00,0.0,False
2022-01-03 18:40:00,0.0,False
2022-01-03 18:50:00,0.0,False
2022-01-03 19:00:00,0.0,False
2022-01-03 19:10:00,0.0,False
2022-01-03 19:20:00,0.0,False
2022-01-03 19:30:00,0.0,False
2022-01-03 19:40:00,0.0,False
2022-01-03 19:50:00,0.0,False
2022-01-03 20:00:00,0.0,False
2022-01-03 20:10:00,0.0,False
2022-01-03 20:20:00,0.0,False
2022-01-03 20:30:00,0.0,False
2022-01-03 20:40:00,0.0,False
2022-01-03 20:50:00,0.0,False
2022-01-03 21:00:00,0.0,False
2022-01-03 21:10:00,0.0,False
2022-01-03 21:20:00,0.0,False
2022-01-03 21:30:00,0.0,False
2022-01-03 21:40:00,0.0,False
2022-01-03 21:50:00,0.0,False
2022-01-03 22:00:00,0.0,False
2022-01-03 22:10:00,0.0,False
2022-01-03 22:20:00,0.0,False
2022-01-03 22:30:00,0.0,False
2022-01-03 22:40:00,0.0,False
2022-01-03 22:50:00,0.0,False
2022-01-03 23:00:00,0.0,False
2022-01-03 23:10:00,0.0,False
2022-01-03 23:20:00,0.0,False
2022-01-03 23:30:00,0.0,False
2022-01-03 23:40:00,0.0,False
2022-01-03 23:50:00,,False
2022-01-04 00:00:00,0.0,False
2022-01-04 00:10:00,0.0,False
2022-01-04 00:20:00,0.0,False
2022-01-04 00:30:00,0.0,False
2022-01-04 00:40:00,0.0,False
2022-01-04 00:50:00,0.0,False
2022-01-04 01:00:00,0.0,False
2022-01-04 01:10:00,0.0,False
2022-01-04 01:20:00,0.0,False
2022-01-04 01:30:00,0.0,False
2022-01-04 01:40:00,0.0,False
2022-01-04 01:50:00,0.0,False
2022-01-04 02:00:00,,False
2022-01-04 02:10:00,0.0,False
2022-01-04 02:20:00,0.0,False
2022-01-04 02:30:00,0.0,False
2022-01-04 02:40:00,0.0,False
2022-01-04 02:50:00,0.0,False
2022-01-04 03:00:00,0.0,False
2022-01-04 03:10:00,0.0,False
2022-01-04 03:20:00,0.0,False
2022-01-04 03:30:00,0.0,False
2022-01-04 03:40:00,0.0,False
2022-01-04 03:50:00,0.0,False
2022-01-04 04:00:00,,False
2022-01-04 04:10:00,0.0,False
2022-01-04 04:20:00,0.0,False
2022-01-04 04:30:00,0.0,False
2022-01-04 04:40:00,,False
2022-01-04 04:50:00,0.0,False
2022-01-04 05:00:00,0.0,False
2022-01-04 05:10:00,0.0,False
2022-01-04 05:20:00,0.0,False
2022-01-04 05:30:00,0.0,False
2022-01-04 05:40:00,0.0,False
2022-01-04 05:50:00,0.0,False
2022-01-04 06:00:00,,False
2022-01-04 06:10:00,0.0,False
2022-01-04 06:20:00,0.0,False
2022-01-04 06:30:00,0.0,False
2022-01-04 06:40:00,0.0,False
2022-01-04 06:50:00,0.0,False
2022-01-04 07:00:00,0.0,False
2022-01-04 07:10:00,0.0,False
2022-01-04 07:20:00,,False
2022-01-04 07:30:00,,False
2022-01-04 07:40:00,0.0,False
2022-01-04 07:50:00,0.0,False
2022-01-04 08:00:00,0.0,False
2022-01-04 08:10:00,0.0,False
2022-01-04 08:20:00,0.0,False
2022-01-04 08:30:00,0.0,False
2022-01-04 08:40:00,0.0,False
2022-01-04 08:50:00,0.0,False
2022-01-04 09:00:00,0.0,False
2022-01-04 09:10:00,0.0,False
2022-01-04 09:20:00,0.0,False
2022-01-04 09:30:00,0.0,False
2022-01-04 09:40:00,0.0,False
2022-01-04 09:50:00,0.0,False
2022-01-04 10:00:00,0.0,False
2022-01-04 10:10:00,0.0,False
2022-01-04 10:20:00,0.0,False
2022-01-04 10:30:00,0.0,False
2022-01-04 10:40:00,0.0,False
2022-01-04 10:50:00,0.0,False
2022-01-04 11:00:00,0.0,False
2022-01-04 11:10:00,0.0,False
2022-01-04 11:20:00,0.0,False
2022-01-04 11:30:00,0.0,False
2022-01-04 11:40:00,0.0,False
2022-01-04 11:50:00,0.0,False
2022-01-04 12:00:00,0.0,False
2022-01-04 12:10:00,0.0,False
2022-01-04 12:20:00,0.0,False
2022-01-04 12:30:00,0.0,False
2022-01-04 12:40:00,0.0,False
2022-01-04 12:50:00,0.0,False
2022-01-04 13:00:00,0.0,False
2022-01-04 13:10:00,0.0,False
2022-01-04 13:20:00,0.0,False
2022-01-04 13:30:00,0.0,False
2022-01-04 13:40:00,0.0,False
2022-01-04 13:50:00,0.0,False
2022-01-04 14:00:00,0.0,False
2022-01-04 14:10:00,0.0,False
2022-01-04 14:20:00,0.0,False
2022-01-04 14:30:00,0.0,False
2022-01-04 14:40:00,0.0,False
2022-01-04 14:50:00,0.0,False
2022-01-04 15:00:00,0.0,False
2022-01-04 15:10:00,0.0,False
2022-01-04 15:20:00,0.0,False
2022-01-04 15:30:00,0.0,False
2022-01-04 15:40:00,0.0,False
2022-01-04 15:50:00,0.0,False
2022-01-04 16:00:00,0.0,False
2022-01-04 16:10:00,0.0,False
2022-01-04 16:20:00,0.0,False
2022-01-04 16:30:00,0.0,False
2022-01-04 16:40:00,,False
2022-01-04 16:50:00,0.0,False
2022-01-04 17:00:00,0.0,False
2022-01-04 17:10:00,0.0,False
2022-01-04 17:20:00,0.0,False
2022-01-04 17:30:00,,False
2022-01-04 17:40:00,0.0,False
2022-01-04 17:50:00,0.0,False
2022-01-04 18:00:00,0.0,False
2022-01-04 18:10:00,0.0,False
2022-01-04 18:20:00,0.0,False
2022-01-04 18:30:00,0.0,False
2022-01-04 18:40:00,0.0,False
2022-01-04 18:50:00,0.0,False
2022-01-04 19:00:00,0.0,False
2022-01-04 19:10:00,0.0,False
2022-01-04 19:20:00,0.0,False
2022-01-04 19:30:00,0.0,False
2022-01-04 19:40:00,0.0,False
2022-01-04 19:50:00,0.0,False
2022-01-04 20:00:00,0.0,False
2022-01-04 20:10:00,,False
2022-01-04 20:20:00,0.0,False
2022-01-04 20:30:00,0.0,False
2022-01-04 20:40:00,0.0,False
2022-01-04 20:50:00,0.0,False
2022-01-04 21:00:00,0.0,False
2022-01-04 21:10:00,,False
2022-01-04 21:20:00,0.0,False
2022-01-04 21:30:00,0.0,False
2022-01-04 21:40:00,0.0,False
2022-01-04 21:50:00,0.0,False
2022-01-04 22:00:00,,False
2022-01-04 22:10:00,0.0,False
2022-01-04 22:20:00,0.0,False
2022-01-04 22:30:00,0.0,False
2022-01-04 22:40:00,0.0,False
2022-01-04 22:50:00,0.0,False
2022-01-04 23:00:00,0.0,False
2022-01-04 23:10:00,0.0,False
2022-01-04 23:20:00,0.0,False
2022-01-04 23:30:00,0.0,False
2022-01-04 23:40:00,0.0,False
2022-01-04 23:50:00,0.0,False
2022-01-05 00:00:00,0.0,False
2022-01-05 00:10:00,0.0,False
2022-01-05 00:20:00,0.0,False
2022-01-05 00:30:00,0.0,False
2022-01-05 00:40:00,0.0,False
2022-01-05 00:50:00,0.0,False
2022-01-05 01:00:00,0.0,False
2022-01-05 01:10:00,0.0,False
2022-01-05 01:20:00,0.0,False
2022-01-05 01:30:00,0.0,False
2022-01-05 01:40:00,0.0,False
2022-01-05 01:50:00,0.0,False
2022-01-05 02:00:00,0.0,False
2022-01-05 02:10:00,0.0,False
2022-01-05 02:20:00,0.0,False
2022-01-05 02:30:00,0.0,False
2022-01-05 02:40:00,0.0,False
2022-01-05 02:50:00,0.0,False
2022-01-05 03:00:00,0.0,False
2022-01-05 03:10:00,0.0,False
2022-01-05 03:20:00,0.0,False
2022-01-05 03:30:00,0.0,False
2022-01-05 03:40:00,0.0,False
2022-01-05 03:50:00,0.0,False
2022-01-05 04:00:00,0.0,False
2022-01-05 04:10:00,0.0,False
2022-01-05 04:20:00,0.0,False
2022-01-05 04:30:00,0.0,False
2022-01-05 04:40:00,0.0,False
2022-01-05 04:50:00,0.0,False
2022-01-05 05:00:00,0.0,False
2022-01-05 05:10:00,0.0,False
2022-01-05 05:20:00,0.0,False
2022-01-05 05:30:00,0.0,False
2022-01-05 05:40:00,0.0,False
2022-01-05 05:50:00,0.0,False
2022-01-05 06:00:00,0.0,False
2022-01-05 06:10:00,0.0,False
2022-01-05 06:20:00,0.0,False
2022-01-05 06:30:00,0.0,False
2022-01-05 06:40:00,0.0,False
2022-01-05 06:50:00,0.0,False
2022-01-05 07:00:00,0.0,False
2022-01-05 07:10:00,0.0,False
2022-01-05 07:20:00,0.0,False
2022-01-05 07:30:00,0.0,False
2022-01-05 07:40:00,0.0,False
2022-01-05 07:50:00,,False
2022-01-05 08:00:00,0.0,False
2022-01-05 08:10:00,0.0,False
2022-01-05 08:20:00,0.0,False
2022-01-05 08:30:00,0.0,False
2022-01-05 08:40:00,0.0,False
2022-01-05 08:50:00,0.0,False
2022-01-05 09:00:00,0.0,False
2022-01-05 09:10:00,0.0,False
2022-01-05 09:20:00,0.0,False
2022-01-05 09:30:00,0.0,False
2022-01-05 09:40:00,0.0,False
2022-01-05 09:50:00,0.0,False
2022-01-05 10:00:00,0.0,False
2022-01-05 10:10:00,0.0,False
2022-01-05 10:20:00,0.0,False
2022-01-05 10:30:00,0.0,False
2022-01-05 10:40:00,0.0,False
2022-01-05 10:50:00,0.0,False
2022-01-05 11:00:00,0.0,False
2022-01-05 11:10:00,0.0,False
2022-01-05 11:20:00,0.0,False
2022-01-05 11:30:00,0.0,False
2022-01-05 11:40:00,0.0,False
2022-01-05 11:50:00,0.0,False
2022-01-05 12:00:00,0.0,False
2022-01-05 12:10:00,0.0,False
2022-01-05 12:20:00,0.0,False
2022-01-05 12:30:00,0.0,False
2022-01-05 12:40:00,0.0,False
2022-01-05 12:50:00,0.0,False
2022-01-05 13:00:00,0.0,False
2022-01-05 13:10:00,0.0,False
2022-01-05 13:20:00,0.0,False
2022-01-05 13:30:00,0.0,False
2022-01-05 13:40:00,0.0,False
2022-01-05 13:50:00,0.0,False
2022-01-05 14:00:00,0.0,False
2022-01-05 14:10:00,0.0,False
2022-01-05 14:20:00,0.0,False
2022-01-05 14:30:00,0.0,False
2022-01-05 14:40:00,0.0,False
2022-01-05 14:50:00,,False
2022-01-05 15:00:00,0.0,False
2022-01-05 15:10:00,0.0,False
2022-01-05 15:20:00,0.0,False
2022-01-05 15:30:00,0.0,False
2022-01-05 15:40:00,0.0,False
2022-01-05 15:50:00,0.0,False
2022-01-05 16:00:00,0.0,False
2022-01-05 16:10:00,0.0,False
2022-01-05 16:20:00,0.0,False
2022-01-05 16:30:00,0.0,False
2022-01-05 16:40:00,0.0,False
2022-01-05 16:50:00,0.0,False
2022-01-05 17:00:00,,False
2022-01-05 17:10:00,0.0,False
2022-01-05 17:20:00,0.0,False
2022-01-05 17:30:00,0.0,False
2022-01-05 17:40:00,0.0,False
2022-01-05 17:50:00,0.0,False
2022-01-05 18:00:00,0.0,False
2022-01-05 18:10:00,0.0,False
2022-01-05 18:20:00,0.0,False
2022-01-05 18:30:00,0.0,False
2022-01-05 18:40:00,0.0,False
2022-01-05 18:50:00,,False
2022-01-05 19:00:00,0.0,False
2022-01-05 19:10:00,0.0,False
2022-01-05 19:20:00,0.0,False
2022-01-05 19:30:00,0.0,False
2022-01-05 19:40:00,0.0,False
2022-01-05 19:50:00,0.0,False
2022-01-05 20:00:00,0.0,False
2022-01-05 20:10:00,0.0,False
2022-01-05 20:20:00,0.0,False
2022-01-05 20:30:00,0.0,False
2022-01-05 20:40:00,,False
2022-01-05 20:50:00,0.0,False
2022-01-05 21:00:00,,False
2022-01-05 21:10:00,0.0,False
2022-01-05 21:20:00,0.0,False
2022-01-05 21:30:00,0.0,False
2022-01-05 21:40:00,0.0,False
2022-01-05 21:50:00,0.0,False
2022-01-05 22:00:00,0.0,False
2022-01-05 22:10:00,0.0,False
2022-01-05 22:20:00,0.0,False
2022-01-05 22:30:00,0.0,False
2022-01-05 22:40:00,0.0,False
2022-01-05 22:50:00,0.0,False
2022-01-05 23:00:00,0.0,False
2022-01-05 23:10:00,0.0,False
2022-01-05 23:20:00,0.0,False
2022-01-05 23:30:00,0.0,False
2022-01-05 23:40:00,0.0,False
2022-01-05 23:50:00,0.0,False
2022-01-06 00:00:00,0.0,False
2022-01-06 00:10:00,0.0,False
2022-01-06 00:20:00,0.0,False
2022-01-06 00:30:00,0.0,False
2022-01-06 00:40:00,0.0,False
2022-01-06 00:50:00,0.0,False
2022-01-06 01:00:00,0.0,False
2022-01-06 01:10:00,0.0,False
2022-01-06 01:20:00,0.0,False
2022-01-06 01:30:00,0.0,False
2022-01-06 01:40:00,0.0,False
2022-01-06 01:50:00,0.0,False
2022-01-06 02:00:00,0.0,False
2022-01-06 02:10:00,0.0,False
2022-01-06 02:20:00,0.0,False
2022-01-06 02:30:00,0.0,False
2022-01-06 02:40:00,0.0,False
2022-01-06 02:50:00,0.0,False
2022-01-06 03:00:00,0.0,False
2022-01-06 03:10:00,0.0,False
2022-01-06 03:20:00,0.0,False
2022-01-06 03:30:00,0.0,False
2022-01-06 03:40:00,0.0,False
2022-01-06 03:50:00,0.0,False
2022-01-06 04:00:00,0.0,False
2022-01-06 04:10:00,0.0,False
2022-01-06 04:20:00,0.0,False
2022-01-06 04:30:00,,False
2022-01-06 04:40:00,,False
2022-01-06 04:50:00,0.0,False
2022-01-06 05:00:00,0.0,False
2022-01-06 05:10:00,0.0,False
2022-01-06 05:20:00,0.0,False
2022-01-06 05:30:00,0.0,False
2022-01-06 05:40:00,0.0,False
2022-01-06 05:50:00,0.0,False
2022-01-06 06:00:00,,False
2022-01-06 06:10:00,0.0,False
2022-01-06 06:20:00,0.0,False
2022-01-06 06:30:00,0.0,False
2022-01-06 06:40:00,0.0,False
2022-01-06 06:50:00,0.0,False
2022-01-06 07:00:00,0.0,False
2022-01-06 07:10:00,0.0,False
2022-01-06 07:20:00,0.0,False
2022-01-06 07:30:00,0.0,False
2022-01-06 07:40:00,0.0,False
2022-01-06 07:50:00,0.0,False
2022-01-06 08:00:00,0.0,False
2022-01-06 08:10:00,0.0,False
2022-01-06 08:20:00,0.0,False
2022-01-06 08:30:00,0.0,False
2022-01-06 08:40:00,0.0,False
2022-01-06 08:50:00,0.0,False
2022-01-06 09:00:00,0.0,False
2022-01-06 09:10:00,0.0,False
2022-01-06 09:20:00,0.0,False
2022-01-06 09:30:00,0.0,False
2022-01-06 09:40:00,0.0,False
2022-01-06 09:50:00,0.0,False
2022-01-06 10:00:00,0.0,False
2022-01-06 10:10:00,0.0,False
2022-01-06 10:20:00,0.0,False
2022-01-06 10:30:00,0.0,False
2022-01-06 10:40:00,0.0,False
2022-01-06 10:50:00,0.0,False
2022-01-06 11:00:00,0.0,False
2022-01-06 11:10:00,0.0,False
2022-01-06 11:20:00,0.0,False
2022-01-06 11:30:00,0.0,False
2022-01-06 11:40:00,0.0,False
2022-01-06 11:50:00,0.0,False
2022-01-06 12:00:00,0.0,False
2022-01-06 12:10:00,0.0,False
2022-01-06 12:20:00,0.0,False
2022-01-06 12:30:00,0.0,False
2022-01-06 12:40:00,0.0,False
2022-01-06 12:50:00,0.0,False
2022-01-06 13:00:00,0.0,False
2022-01-06 13:10:00,0.0,False
2022-01-06 13:20:00,0.0,False
2022-01-06 13:30:00,0.0,False
2022-01-06 13:40:00,0.0,False
2022-01-06 13:50:00,0.0,False
2022-01-06 14:00:00,0.0,False
2022-01-06 14:10:00,0.0,False
2022-01-06 14:20:00,,False
2022-01-06 14:30:00,0.0,False
2022-01-06 14:40:00,0.0,False
2022-01-06 14:50:00,0.0,False
2022-01-06 15:00:00,0.0,False
2022-01-06 15:10:00,0.0,False
2022-01-06 15:20:00,0.0,False
2022-01-06 15:30:00,0.0,False
2022-01-06 15:40:00,0.0,False
2022-01-06 15:50:00,0.0,False
2022-01-06 16:00:00,0.0,False
2022-01-06 16:10:00,0.0,False
2022-01-06 16:20:00,0.0,False
2022-01-06 16:30:00,0.0,False
2022-01-06 16:40:00,0.0,False
2022-01-06 16:50:00,0.0,False
2022-01-06 17:00:00,0.0,False
2022-01-06 17:10:00,0.0,False
2022-01-06 17:20:00,0.0,False
2022-01-06 17:30:00,0.0,False
2022-01-06 17:40:00,0.0,False
2022-01-06 17:50:00,0.0,False
2022-01-06 18:00:00,0.0,False
2022-01-06 18:10:00,0.0,False
2022-01-06 18:20:00,0.0,False
2022-01-06 18:30:00,0.0,False
2022-01-06 18:40:00,0.0,False
2022-01-06 18:50:00,0.0,False
2022-01-06 19:00:00,0.0,False
2022-01-06 19:10:00,0.0,False
2022-01-06 19:20:00,0.0,False
2022-01-06 19:30:00,0.0,False
2022-01-06 19:40:00,0.0,False
2022-01-06 19:50:00,0.0,False
2022-01-06 20:00:00,0.0,False
2022-01-06 20:10:00,0.0,False
2022-01-06 20:20:00,0.0,False
2022-01-06 20:30:00,0.0,False
2022-01-06 20:40:00,0.0,False
2022-01-06 20:50:00,0.0,False
2022-01-06 21:00:00,0.0,False
2022-01-06 21:10:00,0.0,False
2022-01-06 21:20:00,0.0,False
2022-01-06 21:30:00,0.0,False
2022-01-06 21:40:00,0.0,False
2022-01-06 21:50:00,0.0,False
2022-01-06 22:00:00,0.0,False
2022-01-06 22:10:00,0.0,False
2022-01-06 22:20:00,0.0,False
2022-01-06 22:30:00,0.0,False
2022-01-06 22:40:00,0.0,False
2022-01-06 22:50:00,0.0,False
2022-01-06 23:00:00,0.0,False
2022-01-06 23:10:00,0.0,False
2022-01-06 23:20:00,0.0,False
2022-01-06 23:30:00,0.0,False
2022-01-06 23:40:00,0.0,False
2022-01-06 23:50:00,0.0,False
2022-01-07 00:00:00,0.0,False
2022-01-07 00:10:00,0.0,False
2022-01-07 00:20:00,0.0,False
2022-01-07 00:30:00,0.0,False
2022-01-07 00:40:00,0.0,False
2022-01-07 00:50:00,0.0,False
2022-01-07 01:00:00,0.0,False
2022-01-07 01:10:00,0.0,False
2022-01-07 01:20:00,0.0,False
2022-01-07 01:30:00,0.0,False
2022-01-07 01:40:00,0.0,False
2022-01-07 01:50:00,0.0,False
2022-01-07 02:00:00,0.0,False
2022-01-07 02:10:00,0.0,False
2022-01-07 02:20:00,0.0,False
2022-01-07 02:30:00,0.0,False
2022-01-07 02:40:00,0.0,False
2022-01-07 02:50:00,0.0,False
2022-01-07 03:00:00,0.0,False
2022-01-07 03:10:00,0.0,False
2022-01-07 03:20:00,0.0,False
2022-01-07 03:30:00,0.0,False
2022-01-07 03:40:00,,False
2022-01-07 03:50:00,0.0,False
2022-01-07 04:00:00,0.0,False
2022-01-07 04:10:00,0.0,False
2022-01-07 04:20:00,0.0,False
2022-01-07 04:30:00,0.0,False
2022-01-07 04:40:00,0.0,False
2022-01-07 04:50:00,0.0,False
2022-01-07 05:00:00,0.0,False
2022-01-07 05:10:00,0.0,False
2022-01-07 05:20:00,0.0,False
2022-01-07 05:30:00,0.0,False
2022-01-07 05:40:00,0.0,False
2022-01-07 05:50:00,0.0,False
2022-01-07 06:00:00,0.0,False
2022-01-07 06:10:00,0.0,False
2022-01-07 06:20:00,0.0,False
2022-01-07 06:30:00,0.0,False
2022-01-07 06:40:00,0.0,False
2022-01-07 06:50:00,0.0,False
2022-01-07 07:00:00,0.0,False
2022-01-07 07:10:00,0.0,False
2022-01-07 07:20:00,,False
2022-01-07 07:30:00,0.0,False
2022-01-07 07:40:00,0.0,False
2022-01-07 07:50:00,0.0,False
2022-01-07 08:00:00,0.0,False
2022-01-07 08:10:00,0.0,False
2022-01-07 08:20:00,0.0,False
2022-01-07 08:30:00,0.0,False
2022-01-07 08:40:00,0.0,False
2022-01-07 08:50:00,,False
2022-01-07 09:00:00,0.0,False
2022-01-07 09:10:00,0.0,False
2022-01-07 09:20:00,0.0,False
2022-01-07 09:30:00,0.0,False
2022-01-07 09:40:00,0.0,False
2022-01-07 09:50:00,0.0,False
2022-01-07 10:00:00,0.0,False
2022-01-07 10:10:00,0.0,False
2022-01-07 10:20:00,0.0,False
2022-01-07 10:30:00,0.0,False
2022-01-07 10:40:00,0.0,False
2022-01-07 10:50:00,0.0,False
2022-01-07 11:00:00,0.0,False
2022-01-07 11:10:00,0.0,False
2022-01-07 11:20:00,0.0,False
2022-01-07 11:30:00,0.0,False
2022-01-07 11:40:00,0.0,False
2022-01-07 11:50:00,0.0,False
2022-01-07 12:00:00,0.0,False
2022-01-07 12:10:00,0.0,False
2022-01-07 12:20:00,0.0,False
2022-01-07 12:30:00,0.0,False
2022-01-07 12:40:00,0.0,False
2022-01-07 12:50:00,0.0,False
2022-01-07 13:00:00,0.0,False
2022-01-07 13:10:00,0.0,False
2022-01-07 13:20:00,0.0,False
2022-01-07 13:30:00,0.0,False
2022-01-07 13:40:00,0.0,False
2022-01-07 13:50:00,0.0,False
2022-01-07 14:00:00,0.0,False
2022-01-07 14:10:00,0.0,False
2022-01-07 14:20:00,0.0,False
2022-01-07 14:30:00,,False
2022-01-07 14:40:00,0.0,False
2022-01-07 14:50:00,,False
2022-01-07 15:00:00,0.0,False
2022-01-07 15:10:00,0.0,False
2022-01-07 15:20:00,0.0,False
2022-01-07 15:30:00,0.0,False
2022-01-07 15:40:00,0.0,False
2022-01-07 15:50:00,0.0,False
2022-01-07 16:00:00,0.0,False
2022-01-07 16:10:00,0.0,False
2022-01-07 16:20:00,,False
2022-01-07 16:30:00,0.0,False
2022-01-07 16:40:00,0.0,False
2022-01-07 16:50:00,0.0,False
2022-01-07 17:00:00,0.0,False
2022-01-07 17:10:00,0.0,False
2022-01-07 17:20:00,0.0,False
2022-01-07 17:30:00,0.0,False
2022-01-07 17:40:00,0.0,False
2022-01-07 17:50:00,0.0,False
2022-01-07 18:00:00,0.0,False
2022-01-07 18:10:00,0.0,False
2022-01-07 18:20:00,0.0,False
2022-01-07 18:30:00,0.0,False
2022-01-07 18:40:00,0.0,False
2022-01-07 18:50:00,0.0,False
2022-01-07 19:00:00,0.0,False
2022-01-07 19:10:00,0.0,False
2022-01-07 19:20:00,,False
2022-01-07 19:30:00,0.0,False
2022-01-07 19:40:00,0.0,False
2022-01-07 19:50:00,0.0,False
2022-01-07 20:00:00,0.0,False
2022-01-07 20:10:00,0.0,False
2022-01-07 20:20:00,0.0,False
2022-01-07 20:30:00,,False
2022-01-07 20:40:00,0.0,False
2022-01-07 20:50:00,0.0,False
2022-01-07 21:00:00,0.0,False
2022-01-07 21:10:00,0.0,False
2022-01-07 21:20:00,0.0,False
2022-01-07 21:30:00,0.0,False
2022-01-07 21:40:00,0.0,False
2022-01-07 21:50:00,0.0,False
2022-01-07 22:00:00,0.0,False
2022-01-07 22:10:00,0.0,False
2022-01-07 22:20:00,,False
2022-01-07 22:30:00,0.0,False
2022-01-07 22:40:00,0.0,False
2022-01-07 22:50:00,0.0,False
2022-01-07 23:00:00,0.0,False
2022-01-07 23:10:00,0.0,False
2022-01-07 23:20:00,0.0,False
2022-01-07 23:30:00,0.0,False
2022-01-07 23:40:00,0.0,False
2022-01-07 23:50:00,0.0,False
2022-01-08 00:00:00,0.0,False
2022-01-08 00:10:00,0.0,False
2022-01-08 00:20:00,,False
2022-01-08 00:30:00,0.0,False
2022-01-08 00:40:00,0.0,False
2022-01-08 00:50:00,0.0,False
2022-01-08 01:00:00,0.0,False
2022-01-08 01:10:00,0.0,False
2022-01-08 01:20:00,0.0,False
2022-01-08 01:30:00,0.0,False
2022-01-08 01:40:00,0.0,False
2022-01-08 01:50:00,0.0,False
2022-01-08 02:00:00,0.0,False
2022-01-08 02:10:00,0.0,False
2022-01-08 02:20:00,0.0,False
2022-01-08 02:30:00,0.0,False
2022-01-08 02:40:00,0.0,False
2022-01-08 02:50:00,0.0,False
2022-01-08 03:00:00,0.0,False
2022-01-08 03:10:00,0.0,False
2022-01-08 03:20:00,0.0,False
2022-01-08 03:30:00,0.0,False
2022-01-08 03:40:00,0.0,False
2022-01-08 03:50:00,0.0,False
2022-01-08 04:00:00,0.0,False
2022-01-08 04:10:00,0.0,False
2022-01-08 04:20:00,0.0,False
2022-01-08 04:30:00,0.0,False
2022-01-08 04:40:00,0.0,False
2022-01-08 04:50:00,0.0,False
2022-01-08 05:00:00,0.0,False
2022-01-08 05:10:00,0.0,False
2022-01-08 05:20:00,0.0,False
2022-01-08 05:30:00,0.0,False
2022-01-08 05:40:00,,False
2022-01-08 05:50:00,0.0,False
2022-01-08 06:00:00,0.0,False
2022-01-08 06:10:00,0.0,False
2022-01-08 06:20:00,,False
2022-01-08 06:30:00,0.0,False
2022-01-08 06:40:00,0.0,False
2022-01-08 06:50:00,0.0,False
2022-01-08 07:00:00,0.0,False
2022-01-08 07:10:00,0.0,False
2022-01-08 07:20:00,0.0,False
2022-01-08 07:30:00,0.0,False
2022-01-08 07:40:00,,False
2022-01-08 07:50:00,0.0,False
2022-01-08 08:00:00,0.0,False
2022-01-08 08:10:00,0.0,False
2022-01-08 08:20:00,,False
2022-01-08 08:30:00,0.0,False
2022-01-08 08:40:00,0.0,False
2022-01-08 08:50:00,0.0,False
2022-01-08 09:00:00,0.0,False
2022-01-08 09:10:00,0.0,False
2022-01-08 09:20:00,,False
2022-01-08 09:30:00,0.0,False
2022-01-08 09:40:00,0.0,False
2022-01-08 09:50:00,0.0,False
2022-01-08 10:00:00,0.0,False
2022-01-08 10:10:00,0.0,False
2022-01-08 10:20:00,0.0,False
2022-01-08 10:30:00,0.0,False
2022-01-08 10:40:00,0.0,False
2022-01-08 10:50:00,0.0,False
2022-01-08 11:00:00,0.0,False
2022-01-08 11:10:00,0.0,False
2022-01-08 11:20:00,0.0,False
2022-01-08 11:30:00,0.0,False
2022-01-08 11:40:00,0.0,False
2022-01-08 11:50:00,0.0,False
2022-01-08 12:00:00,0.0,False
2022-01-08 12:10:00,0.0,False
2022-01-08 12:20:00,0.0,False
2022-01-08 12:30:00,0.0,False
2022-01-08 12:40:00,0.0,False
2022-01-08 12:50:00,0.0,False
2022-01-08 13:00:00,0.0,False
2022-01-08 13:10:00,0.0,False
2022-01-08 13:20:00,0.0,False
2022-01-08 13:30:00,0.0,False
2022-01-08 13:40:00,0.0,False
2022-01-08 13:50:00,0.0,False
2022-01-08 14:00:00,0.0,False
2022-01-08 14:10:00,0.0,False
2022-01-08 14:20:00,0.0,False
2022-01-08 14:30:00,0.0,False
2022-01-08 14:40:00,0.0,False
2022-01-08 14:50:00,0.0,False
2022-01-08 15:00:00,0.0,False
2022-01-08 15:10:00,0.0,False
2022-01-08 15:20:00,0.0,False
2022-01-08 15:30:00,0.0,False
2022-01-08 15:40:00,0.0,False
2022-01-08 15:50:00,0.0,False
2022-01-08 16:00:00,0.0,False
2022-01-08 16:10:00,0.0,False
2022-01-08 16:20:00,0.0,False
2022-01-08 16:30:00,0.0,False
2022-01-08 16:40:00,,False
2022-01-08 16:50:00,0.0,False
2022-01-08 17:00:00,0.0,False
2022-01-08 17:10:00,0.0,False
2022-01-08 17:20:00,0.0,False
2022-01-08 17:30:00,0.0,False
2022-01-08 17:40:00,0.0,False
2022-01-08 17:50:00,0.0,False
2022-01-08 18:00:00,0.0,False
2022-01-08 18:10:00,0.0,False
2022-01-08 18:20:00,0.0,False
2022-01-08 18:30:00,0.0,False
2022-01-08 18:40:00,0.0,False
2022-01-08 18:50:00,0.0,False
2022-01-08 19:00:00,0.0,False
2022-01-08 19:10:00,0.0,False
2022-01-08 19:20:00,0.0,False
2022-01-08 19:30:00,0.0,False
2022-01-08 19:40:00,0.0,False
2022-01-08 19:50:00,0.0,False
2022-01-08 20:00:00,0.0,False
2022-01-08 20:10:00,0.0,False
2022-01-08 20:20:00,0.0,False
2022-01-08 20:30:00,0.0,False
2022-01-08 20:40:00,0.0,False
2022-01-08 20:50:00,0.0,False
2022-01-08 21:00:00,0.0,False
2022-01-08 21:10:00,0.0,False
2022-01-08 21:20:00,0.0,False
2022-01-08 21:30:00,0.0,False
2022-01-08 21:40:00,0.0,False
2022-01-08 21:50:00,0.0,False
2022-01-08 22:00:00,0.0,False
2022-01-08 22:10:00,0.0,False
2022-01-08 22:20:00,0.0,False
2022-01-08 22:30:00,0.0,False
2022-01-08 22:40:00,0.0,False
2022-01-08 22:50:00,0.0,False
2022-01-08 23:00:00,0.0,False
2022-01-08 23:10:00,0.0,False
2022-01-08 23:20:00,0.0,False
2022-01-08 23:30:00,0.0,False
2022-01-08 23:40:00,0.0,False
2022-01-08 23:50:00,0.0,False
2022-01-09 00:00:00,0.0,False
2022-01-09 00:10:00,0.0,False
2022-01-09 00:20:00,0.0,False
2022-01-09 00:30:00,0.0,False
2022-01-09 00:40:00,0.0,False
2022-01-09 00:50:00,0.0,False
2022-01-09 01:00:00,0.0,False
2022-01-09 01:10:00,0.0,False
2022-01-09 01:20:00,0.0,False
2022-01-09 01:30:00,0.0,False
2022-01-09 01:40:00,,False
2022-01-09 01:50:00,0.0,False
2022-01-09 02:00:00,0.0,False
2022-01-09 02:10:00,0.0,False
2022-01-09 02:20:00,0.0,False
2022-01-09 02:30:00,0.0,False
2022-01-09 02:40:00,0.0,False
2022-01-09 02:50:00,0.0,False
2022-01-09 03:00:00,0.0,False
2022-01-09 03:10:00,0.0,False
2022-01-09 03:20:00,0.0,False
2022-01-09 03:30:00,0.0,False
2022-01-09 03:40:00,0.0,False
2022-01-09 03:50:00,0.0,False
2022-01-09 04:00:00,0.0,False
2022-01-09 04:10:00,0.0,False
2022-01-09 04:20:00,0.0,False
2022-01-09 04:30:00,0.0,False
2022-01-09 04:40:00,0.0,False
2022-01-09 04:50:00,0.0,False
2022-01-09 05:00:00,0.0,False
2022-01-09 05:10:00,0.0,False
2022-01-09 05:20:00,0.0,False
2022-01-09 05:30:00,0.0,False
2022-01-09 05:40:00,0.0,False
2022-01-09 05:50:00,0.0,False
2022-01-09 06:00:00,,False
2022-01-09 06:10:00,0.0,False
2022-01-09 06:20:00,0.0,False
2022-01-09 06:30:00,0.0,False
2022-01-09 06:40:00,0.0,False
2022-01-09 06:50:00,0.0,False
2022-01-09 07:00:00,0.0,False
2022-01-09 07:10:00,0.0,False
2022-01-09 07:20:00,0.0,False
2022-01-09 07:30:00,0.0,False
2022-01-09 07:40:00,0.0,False
2022-01-09 07:50:00,0.0,False
2022-01-09 08:00:00,0.0,False
2022-01-09 08:10:00,0.0,False
2022-01-09 08:20:00,0.0,False
2022-01-09 08:30:00,0.0,False
2022-01-09 08:40:00,0.0,False
2022-01-09 08:50:00,0.0,False
2022-01-09 09:00:00,0.0,False
2022-01-09 09:10:00,0.0,False
2022-01-09 09:20:00,0.0,False
2022-01-09 09:30:00,0.0,False
2022-01-09 09:40:00,0.0,False
2022-01-09 09:50:00,0.0,False
2022-01-09 10:00:00,0.0,False
2022-01-09 10:10:00,0.0,False
2022-01-09 10:20:00,0.0,False
2022-01-09 10:30:00,0.0,False
2022-01-09 10:40:00,0.0,False
2022-01-09 10:50:00,0.0,False
2022-01-09 11:00:00,,False
2022-01-09 11:10:00,0.0,False
2022-01-09 11:20:00,0.0,False
2022-01-09 11:30:00,0.0,False
2022-01-09 11:40:00,0.0,False
2022-01-09 11:50:00,0.0,False
2022-01-09 12:00:00,0.0,False
2022-01-09 12:10:00,0.0,False
2022-01-09 12:20:00,0.0,False
2022-01-09 12:30:00,,False
2022-01-09 12:40:00,0.0,False
2022-01-09 12:50:00,,False
2022-01-09 13:00:00,0.0,False
2022-01-09 13:10:00,0.0,False
2022-01-09 13:20:00,0.0,False
2022-01-09 13:30:00,0.0,False
2022-01-09 13:40:00,0.0,False
2022-01-09 13:50:00,0.0,False
2022-01-09 14:00:00,0.0,False
2022-01-09 14:10:00,0.0,False
2022-01-09 14:20:00,0.0,False
2022-01-09 14:30:00,0.0,False
2022-01-09 14:40:00,0.0,False
2022-01-09 14:50:00,0.0,False
2022-01-09 15:00:00,0.0,False
2022-01-09 15:10:00,0.0,False
2022-01-09 15:20:00,0.0,False
2022-01-09 15:30:00,0.0,False
2022-01-09 15:40:00,0.0,False
2022-01-09 15:50:00,0.0,False
2022-01-09 16:00:00,0.0,False
2022-01-09 16:10:00,0.0,False
2022-01-09 16:20:00,0.0,False
2022-01-09 16:30:00,0.0,False
2022-01-09 16:40:00,0.0,False
2022-01-09 16:50:00,0.0,False
2022-01-09 17:00:00,0.0,False
2022-01-09 17:10:00,0.0,False
2022-01-09 17:20:00,0.0,False
2022-01-09 17:30:00,0.0,False
2022-01-09 17:40:00,0.0,False
2022-01-09 17:50:00,0.0,False
2022-01-09 18:00:00,0.0,False
2022-01-09 18:10:00,0.0,False
2022-01-09 18:20:00,0.0,False
2022-01-09 18:30:00,0.0,False
2022-01-09 18:40:00,0.0,False
2022-01-09 18:50:00,0.0,False
2022-01-09 19:00:00,0.0,False
2022-01-09 19:10:00,0.0,False
2022-01-09 19:20:00,0.0,False
2022-01-09 19:30:00,0.0,False
2022-01-09 19:40:00,0.0,False
2022-01-09 19:50:00,0.0,False
2022-01-09 20:00:00,0.0,False
2022-01-09 20:10:00,0.0,False
2022-01-09 20:20:00,0.0,False
2022-01-09 20:30:00,0.0,False
2022-01-09 20:40:00,0.0,False
2022-01-09 20:50:00,0.0,False
2022-01-09 21:00:00,0.0,False
2022-01-09 21:10:00,0.0,False
2022-01-09 21:20:00,0.0,False
2022-01-09 21:30:00,0.0,False
2022-01-09 21:40:00,0.0,False
2022-01-09 21:50:00,0.0,False
2022-01-09 22:00:00,0.0,False
2022-01-09 22:10:00,0.0,False
2022-01-09 22:20:00,0.0,False
2022-01-09 22:30:00,0.0,False
2022-01-09 22:40:00,0.0,False
2022-01-09 22:50:00,0.0,False
2022-01-09 23:00:00,0.0,False
2022-01-09 23:10:00,0.0,False
2022-01-09 23:20:00,0.0,False
2022-01-09 23:30:00,0.0,False
2022-01-09 23:40:00,0.0,False
2022-01-09 23:50:00,0.0,False
2022-01-10 00:00:00,0.0,False
2022-01-10 00:10:00,0.0,False
2022-01-10 00:20:00,0.0,False
2022-01-10 00:30:00,0.0,False
2022-01-10 00:40:00,0.0,False
2022-01-10 00:50:00,0.0,False
2022-01-10 01:00:00,0.0,False
2022-01-10 01:10:00,0.0,False
2022-01-10 01:20:00,0.0,False
2022-01-10 01:30:00,,False
2022-01-10 01:40:00,0.0,False
2022-01-10 01:50:00,,False
2022-01-10 02:00:00,0.0,False
2022-01-10 02:10:00,0.0,False
2022-01-10 02:20:00,0.0,False
2022-01-10 02:30:00,0.0,False
2022-01-10 02:40:00,0.0,False
2022-01-10 02:50:00,0.0,False
2022-01-10 03:00:00,0.0,False
2022-01-10 03:10:00,0.0,False
2022-01-10 03:20:00,0.0,False
2022-01-10 03:30:00,0.0,False
2022-01-10 03:40:00,0.0,False
2022-01-10 03:50:00,0.0,False
2022-01-10 04:00:00,,False
2022-01-10 04:10:00,0.0,False
2022-01-10 04:20:00,,False
2022-01-10 04:30:00,0.0,False
2022-01-10 04:40:00,0.0,False
2022-01-10 04:50:00,0.0,False
2022-01-10 05:00:00,0.0,False
2022-01-10 05:10:00,0.0,False
2022-01-10 05:20:00,0.0,False
2022-01-10 05:30:00,0.0,False
2022-01-10 05:40:00,,False
2022-01-10 05:50:00,0.0,False
2022-01-10 06:00:00,0.0,False
2022-01-10 06:10:00,0.0,False
2022-01-10 06:20:00,0.0,False
2022-01-10 06:30:00,0.0,False
2022-01-10 06:40:00,0.0,False
2022-01-10 06:50:00,0.0,False
2022-01-10 07:00:00,0.0,False
2022-01-10 07:10:00,,False
2022-01-10 07:20:00,0.0,False
2022-01-10 07:30:00,0.0,False
2022-01-10 07:40:00,0.0,False
2022-01-10 07:50:00,0.0,False
2022-01-10 08:00:00,0.0,False
2022-01-10 08:10:00,0.0,False
2022-01-10 08:20:00,0.0,False
2022-01-10 08:30:00,0.0,False
2022-01-10 08:40:00,0.0,False
2022-01-10 08:50:00,0.0,False
2022-01-10 09:00:00,0.0,False
2022-01-10 09:10:00,0.0,False
2022-01-10 09:20:00,0.0,False
2022-01-10 09:30:00,0.0,False
2022-01-10 09:40:00,0.0,False
2022-01-10 09:50:00,0.0,False
2022-01-10 10:00:00,0.0,False
2022-01-10 10:10:00,0.0,False
2022-01-10 10:20:00,0.0,False
2022-01-10 10:30:00,0.0,False
2022-01-10 10:40:00,0.0,False
2022-01-10 10:50:00,0.0,False
2022-01-10 11:00:00,0.0,False
2022-01-10 11:10:00,0.0,False
2022-01-10 11:20:00,0.0,False
2022-01-10 11:30:00,0.0,False
2022-01-10 11:40:00,0.0,False
2022-01-10 11:50:00,,False
2022-01-10 12:00:00,0.0,False
2022-01-10 12:10:00,0.0,False
2022-01-10 12:20:00,0.0,False
2022-01-10 12:30:00,0.0,False
2022-01-10 12:40:00,0.0,False
2022-01-10 12:50:00,0.0,False
2022-01-10 13:00:00,0.0,False
2022-01-10 13:10:00,0.0,False
2022-01-10 13:20:00,0.0,False
2022-01-10 13:30:00,0.0,False
2022-01-10 13:40:00,0.0,False
2022-01-10 13:50:00,0.0,False
2022-01-10 14:00:00,0.0,False
2022-01-10 14:10:00,0.0,False
2022-01-10 14:20:00,0.0,False
2022-01-10 14:30:00,0.0,False
2022-01-10 14:40:00,0.0,False
2022-01-10 14:50:00,0.0,False
2022-01-10 15:00:00,0.0,False
2022-01-10 15:10:00,0.0,False
2022-01-10 15:20:00,0.0,False
2022-01-10 15:30:00,,False
2022-01-10 15:40:00,0.0,False
2022-01-10 15:50:00,0.0,False
2022-01-10 16:00:00,0.0,False
2022-01-10 16:10:00,0.0,False
2022-01-10 16:20:00,0.0,False
2022-01-10 16:30:00,0.0,False
2022-01-10 16:40:00,0.0,False
2022-01-10 16:50:00,0.0,False
2022-01-10 17:00:00,,False
2022-01-10 17:10:00,0.0,False
2022-01-10 17:20:00,0.0,False
2022-01-10 17:30:00,0.0,False
2022-01-10 17:40:00,,False
2022-01-10 17:50:00,0.0,False
2022-01-10 18:00:00,,False
2022-01-10 18:10:00,0.0,False
2022-01-10 18:20:00,0.0,False
2022-01-10 18:30:00,0.0,False
2022-01-10 18:40:00,0.0,False
2022-01-10 18:50:00,0.0,False
2022-01-10 19:00:00,0.0,False
2022-01-10 19:10:00,0.0,False
2022-01-10 19:20:00,0.0,False
2022-01-10 19:30:00,0.0,False
2022-01-10 19:40:00,0.0,False
2022-01-10 19:50:00,0.0,False
2022-01-10 20:00:00,0.0,False
2022-01-10 20:10:00,0.0,False
2022-01-10 20:20:00,0.0,False
2022-01-10 20:30:00,0.0,False
2022-01-10 20:40:00,0.0,False
2022-01-10 20:50:00,0.0,False
2022-01-10 21:00:00,0.0,False
2022-01-10 21:10:00,0.0,False
2022-01-10 21:20:00,0.0,False
2022-01-10 21:30:00,0.0,False
2022-01-10 21:40:00,0.0,False
2022-01-10 21:50:00,0.0,False
2022-01-10 22:00:00,0.0,False
2022-01-10 22:10:00,0.0,False
2022-01-10 22:20:00,0.0,False
2022-01-10 22:30:00,,False
2022-01-10 22:40:00,0.0,False
2022-01-10 22:50:00,0.0,False
2022-01-10 23:00:00,,False
2022-01-10 23:10:00,0.0,False
2022-01-10 23:20:00,0.0,False
2022-01-10 23:30:00,0.0,False
2022-01-10 23:40:00,0.0,False
2022-01-10 23:50:00,0.0,False
2022-01-11 00:00:00,0.0,False
2022-01-11 00:10:00,0.0,False
2022-01-11 00:20:00,,False
2022-01-11 00:30:00,0.0,False
2022-01-11 00:40:00,0.0,False
2022-01-11 00:50:00,0.0,False
2022-01-11 01:00:00,0.0,False
2022-01-11 01:10:00,0.0,False
2022-01-11 01:20:00,0.0,False
2022-01-11 01:30:00,0.0,False
2022-01-11 01:40:00,0.0,False
2022-01-11 01:50:00,0.0,False
2022-01-11 02:00:00,0.0,False
2022-01-11 02:10:00,0.0,False
2022-01-11 02:20:00,0.0,False
2022-01-11 02:30:00,0.0,False
2022-01-11 02:40:00,0.0,False
2022-01-11 02:50:00,0.0,False
2022-01-11 03:00:00,0.0,False
2022-01-11 03:10:00,0.0,False
2022-01-11 03:20:00,0.0,False
2022-01-11 03:30:00,0.0,False
2022-01-11 03:40:00,0.0,False
2022-01-11 03:50:00,0.0,False
2022-01-11 04:00:00,0.0,False
2022-01-11 04:10:00,0.0,False
2022-01-11 04:20:00,,False
2022-01-11 04:30:00,0.0,False
2022-01-11 04:40:00,0.0,False
2022-01-11 04:50:00,0.0,False
2022-01-11 05:00:00,0.0,False
2022-01-11 05:10:00,0.0,False
2022-01-11 05:20:00,0.0,False
2022-01-11 05:30:00,0.0,False
2022-01-11 05:40:00,0.0,False
2022-01-11 05:50:00,0.0,False
2022-01-11 06:00:00,0.0,False
2022-01-11 06:10:00,0.0,False
2022-01-11 06:20:00,0.0,False
2022-01-11 06:30:00,0.0,False
2022-01-11 06:40:00,0.0,False
2022-01-11 06:50:00,0.0,False
2022-01-11 07:00:00,0.0,False
2022-01-11 07:10:00,0.0,False
2022-01-11 07:20:00,0.0,False
2022-01-11 07:30:00,0.0,False
2022-01-11 07:40:00,0.0,False
2022-01-11 07:50:00,0.0,False
2022-01-11 08:00:00,0.0,False
2022-01-11 08:10:00,0.0,False
2022-01-11 08:20:00,0.0,False
2022-01-11 08:30:00,0.0,False
2022-01-11 08:40:00,0.0,False
2022-01-11 08:50:00,0.0,False
2022-01-11 09:00:00,0.0,False
2022-01-11 09:10:00,0.0,False
2022-01-11 09:20:00,0.0,False
2022-01-11 09:30:00,0.0,False
2022-01-11 09:40:00,0.0,False
2022-01-11 09:50:00,0.0,False
2022-01-11 10:00:00,0.0,False
2022-01-11 10:10:00,0.0,False
2022-01-11 10:20:00,0.0,False
2022-01-11 10:30:00,0.0,False
2022-01-11 10:40:00,0.0,False
2022-01-11 10:50:00,0.0,False
2022-01-11 11:00:00,0.0,False
2022-01-11 11:10:00,0.0,False
2022-01-11 11:20:00,0.0,False
2022-01-11 11:30:00,0.0,False
2022-01-11 11:40:00,0.0,False
2022-01-11 11:50:00,0.0,False
2022-01-11 12:00:00,0.0,False
2022-01-11 12:10:00,0.0,False
2022-01-11 12:20:00,0.0,False
2022-01-11 12:30:00,0.0,False
2022-01-11 12:40:00,0.0,False
2022-01-11 12:50:00,0.0,False
2022-01-11 13:00:00,0.0,False
2022-01-11 13:10:00,0.0,False
2022-01-11 13:20:00,0.0,False
2022-01-11 13:30:00,0.0,False
2022-01-11 13:40:00,0.0,False
2022-01-11 13:50:00,0.0,False
2022-01-11 14:00:00,0.0,False
2022-01-11 14:10:00,0.0,False
2022-01-11 14:20:00,0.0,False
2022-01-11 14:30:00,0.0,False
2022-01-11 14:40:00,0.0,False
2022-01-11 14:50:00,0.0,False
2022-01-11 15:00:00,0.0,False
2022-01-11 15:10:00,0.0,False
2022-01-11 15:20:00,0.0,False
2022-01-11 15:30:00,0.0,False
2022-01-11 15:40:00,0.0,False
2022-01-11 15:50:00,0.0,False
2022-01-11 16:00:00,0.0,False
2022-01-11 16:10:00,0.0,False
2022-01-11 16:20:00,0.0,False
2022-01-11 16:30:00,0.0,False
2022-01-11 16:40:00,0.0,False
2022-01-11 16:50:00,0.0,False
2022-01-11 17:00:00,0.0,False
2022-01-11 17:10:00,0.0,False
2022-01-11 17:20:00,0.0,False
2022-01-11 17:30:00,0.0,False
2022-01-11 17:40:00,0.0,False
2022-01-11 17:50:00,0.0,False
2022-01-11 18:00:00,0.0,False
2022-01-11 18:10:00,0.0,False
2022-01-11 18:20:00,0.0,False
2022-01-11 18:30:00,0.0,False
2022-01-11 18:40:00,0.0,False
2022-01-11 18:50:00,0.0,False
2022-01-11 19:00:00,0.0,False
2022-01-11 19:10:00,0.0,False
2022-01-11 19:20:00,0.0,False
2022-01-11 19:30:00,0.0,False
2022-01-11 19:40:00,0.0,False
2022-01-11 19:50:00,0.0,False
2022-01-11 20:00:00,0.0,False
2022-01-11 20:10:00,0.0,False
2022-01-11 20:20:00,0.0,False
2022-01-11 20:30:00,0.0,False
2022-01-11 20:40:00,0.0,False
2022-01-11 20:50:00,0.0,False
2022-01-11 21:00:00,0.0,False
2022-01-11 21:10:00,0.0,False
2022-01-11 21:20:00,0.0,False
2022-01-11 21:30:00,0.0,False
2022-01-11 21:40:00,0.0,False
2022-01-11 21:50:00,0.0,False
2022-01-11 22:00:00,0.0,False
2022-01-11 22:10:00,0.0,False
2022-01-11 22:20:00,0.0,False
2022-01-11 22:30:00,0.0,False
2022-01-11 22:40:00,0.0,False
2022-01-11 22:50:00,0.0,False
2022-01-11 23:00:00,0.0,False
2022-01-11 23:10:00,0.0,False
2022-01-11 23:20:00,0.0,False
2022-01-11 23:30:00,0.0,False
2022-01-11 23:40:00,0.0,False
2022-01-11 23:50:00,0.0,False
2022-01-12 00:00:00,0.0,False
2022-01-12 00:10:00,0.0,False
2022-01-12 00:20:00,0.0,False
2022-01-12 00:30:00,,False
2022-01-12 00:40:00,0.0,False
2022-01-12 00:50:00,0.0,False
2022-01-12 01:00:00,0.0,False
2022-01-12 01:10:00,0.0,False
2022-01-12 01:20:00,0.0,False
2022-01-12 01:30:00,0.0,False
2022-01-12 01:40:00,0.0,False
2022-01-12 01:50:00,0.0,False
2022-01-12 02:00:00,0.0,False
2022-01-12 02:10:00,0.0,False
2022-01-12 02:20:00,0.0,False
2022-01-12 02:30:00,0.0,False
2022-01-12 02:40:00,0.0,False
2022-01-12 02:50:00,0.0,False
2022-01-12 03:00:00,0.0,False
2022-01-12 03:10:00,,False
2022-01-12 03:20:00,0.0,False
2022-01-12 03:30:00,0.0,False
2022-01-12 03:40:00,0.0,False
2022-01-12 03:50:00,0.0,False
2022-01-12 04:00:00,0.0,False
2022-01-12 04:10:00,0.0,False
2022-01-12 04:20:00,0.0,False
2022-01-12 04:30:00,0.0,False
2022-01-12 04:40:00,0.0,False
2022-01-12 04:50:00,0.0,False
2022-01-12 05:00:00,0.0,False
2022-01-12 05:10:00,0.0,False
2022-01-12 05:20:00,0.0,False
2022-01-12 05:30:00,0.0,False
2022-01-12 05:40:00,,False
2022-01-12 05:50:00,0.0,False
2022-01-12 06:00:00,0.0,False
2022-01-12 06:10:00,,False
2022-01-12 06:20:00,0.0,False
2022-01-12 06:30:00,0.0,False
2022-01-12 06:40:00,0.0,False
2022-01-12 06:50:00,0.0,False
2022-01-12 07:00:00,0.0,False
2022-01-12 07:10:00,0.0,False
2022-01-12 07:20:00,0.0,False
2022-01-12 07:30:00,0.0,False
2022-01-12 07:40:00,0.0,False
2022-01-12 07:50:00,0.0,False
2022-01-12 08:00:00,0.0,False
2022-01-12 08:10:00,0.0,False
2022-01-12 08:20:00,0.0,False
2022-01-12 08:30:00,0.0,False
2022-01-12 08:40:00,0.0,False
2022-01-12 08:50:00,0.0,False
2022-01-12 09:00:00,0.0,False
2022-01-12 09:10:00,0.0,False
2022-01-12 09:20:00,0.0,False
2022-01-12 09:30:00,0.0,False
2022-01-12 09:40:00,0.0,False
2022-01-12 09:50:00,0.0,False
2022-01-12 10:00:00,0.0,False
2022-01-12 10:10:00,0.0,False
2022-01-12 10:20:00,0.0,False
2022-01-12 10:30:00,0.0,False
2022-01-12 10:40:00,0.0,False
2022-01-12 10:50:00,0.0,False
2022-01-12 11:00:00,0.0,False
2022-01-12 11:10:00,0.0,False
2022-01-12 11:20:00,0.0,False
2022-01-12 11:30:00,0.0,False
2022-01-12 11:40:00,0.0,False
2022-01-12 11:50:00,0.0,False
2022-01-12 12:00:00,0.0,False
2022-01-12 12:10:00,0.0,False
2022-01-12 12:20:00,0.0,False
2022-01-12 12:30:00,0.0,False
2022-01-12 12:40:00,,False
2022-01-12 12:50:00,0.0,False
2022-01-12 13:00:00,0.0,False
2022-01-12 13:10:00,0.0,False
2022-01-12 13:20:00,0.0,False
2022-01-12 13:30:00,0.0,False
2022-01-12 13:40:00,0.0,False
2022-01-12 13:50:00,0.0,False
2022-01-12 14:00:00,0.0,False
2022-01-12 14:10:00,0.0,False
2022-01-12 14:20:00,0.0,False
2022-01-12 14:30:00,0.0,False
2022-01-12 14:40:00,0.0,False
2022-01-12 14:50:00,,False
2022-01-12 15:00:00,0.0,False
2022-01-12 15:10:00,0.0,False
2022-01-12 15:20:00,0.0,False
2022-01-12 15:30:00,0.0,False
2022-01-12 15:40:00,0.0,False
2022-01-12 15:50:00,0.0,False
2022-01-12 16:00:00,0.0,False
2022-01-12 16:10:00,0.0,False
2022-01-12 16:20:00,0.0,False
2022-01-12 16:30:00,,False
2022-01-12 16:40:00,0.0,False
2022-01-12 16:50:00,0.0,False
2022-01-12 17:00:00,0.0,False
2022-01-12 17:10:00,0.0,False
2022-01-12 17:20:00,0.0,False
2022-01-12 17:30:00,0.0,False
2022-01-12 17:40:00,0.0,False
2022-01-12 17:50:00,0.0,False
2022-01-12 18:00:00,0.0,False
2022-01-12 18:10:00,0.0,False
2022-01-12 18:20:00,0.0,False
2022-01-12 18:30:00,0.0,False
2022-01-12 18:40:00,0.0,False
2022-01-12 18:50:00,0.0,False
2022-01-12 19:00:00,0.0,False
2022-01-12 19:10:00,0.0,False
2022-01-12 19:20:00,0.0,False
2022-01-12 19:30:00,0.0,False
2022-01-12 19:40:00,0.0,False
2022-01-12 19:50:00,0.0,False
2022-01-12 20:00:00,0.0,False
2022-01-12 20:10:00,0.0,False
2022-01-12 20:20:00,0.0,False
2022-01-12 20:30:00,0.0,False
2022-01-12 20:40:00,0.0,False
2022-01-12 20:50:00,0.0,False
2022-01-12 21:00:00,0.0,False
2022-01-12 21:10:00,0.0,False
2022-01-12 21:20:00,0.0,False
2022-01-12 21:30:00,0.0,False
2022-01-12 21:40:00,0.0,False
2022-01-12 21:50:00,0.0,False
2022-01-12 22:00:00,0.0,False
2022-01-12 22:10:00,0.0,False
2022-01-12 22:20:00,0.0,False
2022-01-12 22:30:00,0.0,False
2022-01-12 22:40:00,0.0,False
2022-01-12 22:50:00,0.0,False
2022-01-12 23:00:00,0.0,False
2022-01-12 23:10:00,0.0,False
2022-01-12 23:20:00,0.0,False
2022-01-12 23:30:00,0.0,False
2022-01-12 23:40:00,0.0,False
2022-01-12 23:50:00,0.0,False
2022-01-13 00:00:00,0.0,False
2022-01-13 00:10:00,0.0,False
2022-01-13 00:20:00,0.0,False
2022-01-13 00:30:00,0.0,False
2022-01-13 00:40:00,0.0,False
2022-01-13 00:50:00,0.0,False
2022-01-13 01:00:00,0.0,False
2022-01-13 01:10:00,0.0,False
2022-01-13 01:20:00,0.0,False
2022-01-13 01:30:00,,False
2022-01-13 01:40:00,0.0,False
2022-01-13 01:50:00,0.0,False
2022-01-13 02:00:00,0.0,False
2022-01-13 02:10:00,0.0,False
2022-01-13 02:20:00,0.0,False
2022-01-13 02:30:00,0.0,False
2022-01-13 02:40:00,0.0,False
2022-01-13 02:50:00,0.0,False
2022-01-13 03:00:00,0.0,False
2022-01-13 03:10:00,0.0,False
2022-01-13 03:20:00,0.0,False
2022-01-13 03:30:00,0.0,False
2022-01-13 03:40:00,0.0,False
2022-01-13 03:50:00,0.0,False
2022-01-13 04:00:00,0.0,False
2022-01-13 04:10:00,0.0,False
2022-01-13 04:20:00,0.0,False
2022-01-13 04:30:00,0.0,False
2022-01-13 04:40:00,0.0,False
2022-01-13 04:50:00,0.0,False
2022-01-13 05:00:00,0.0,False
2022-01-13 05:10:00,0.0,False
2022-01-13 05:20:00,0.0,False
2022-01-13 05:30:00,0.0,False
2022-01-13 05:40:00,0.0,False
2022-01-13 05:50:00,0.0,False
2022-01-13 06:00:00,0.0,False
2022-01-13 06:10:00,0.0,False
2022-01-13 06:20:00,,False
2022-01-13 06:30:00,0.0,False
2022-01-13 06:40:00,0.0,False
2022-01-13 06:50:00,0.0,False
2022-01-13 07:00:00,0.0,False
2022-01-13 07:10:00,0.0,False
2022-01-13 07:20:00,0.0,False
2022-01-13 07:30:00,0.0,False
2022-01-13 07:40:00,0.0,False
2022-01-13 07:50:00,,False
2022-01-13 08:00:00,0.0,False
2022-01-13 08:10:00,0.0,False
2022-01-13 08:20:00,0.0,False
2022-01-13 08:30:00,0.0,False
2022-01-13 08:40:00,0.0,False
2022-01-13 08:50:00,0.0,False
2022-01-13 09:00:00,0.0,False
2022-01-13 09:10:00,0.0,False
2022-01-13 09:20:00,0.0,False
2022-01-13 09:30:00,0.0,False
2022-01-13 09:40:00,0.0,False
2022-01-13 09:50:00,0.0,False
2022-01-13 10:00:00,0.0,False
2022-01-13 10:10:00,0.0,False
2022-01-13 10:20:00,0.0,False
2022-01-13 10:30:00,0.0,False
2022-01-13 10:40:00,0.0,False
2022-01-13 10:50:00,0.0,False
2022-01-13 11:00:00,0.0,False
2022-01-13 11:10:00,0.0,False
2022-01-13 11:20:00,0.0,False
2022-01-13 11:30:00,0.0,False
2022-01-13 11:40:00,0.0,False
2022-01-13 11:50:00,0.0,False
2022-01-13 12:00:00,0.0,False
2022-01-13 12:10:00,0.0,False
2022-01-13 12:20:00,0.0,False
2022-01-13 12:30:00,0.0,False
2022-01-13 12:40:00,0.0,False
2022-01-13 12:50:00,0.0,False
2022-01-13 13:00:00,0.0,False
2022-01-13 13:10:00,0.0,False
2022-01-13 13:20:00,0.0,False
2022-01-13 13:30:00,0.0,False
2022-01-13 13:40:00,0.0,False
2022-01-13 13:50:00,0.0,False
2022-01-13 14:00:00,0.0,False
2022-01-13 14:10:00,,False
2022-01-13 14:20:00,0.0,False
2022-01-13 14:30:00,0.0,False
2022-01-13 14:40:00,0.0,False
2022-01-13 14:50:00,0.0,False
2022-01-13 15:00:00,0.0,False
2022-01-13 15:10:00,0.0,False
2022-01-13 15:20:00,0.0,False
2022-01-13 15:30:00,0.0,False
2022-01-13 15:40:00,0.0,False
2022-01-13 15:50:00,0.0,False
2022-01-13 16:00:00,0.0,False
2022-01-13 16:10:00,0.0,False
2022-01-13 16:20:00,0.0,False
2022-01-13 16:30:00,0.0,False
2022-01-13 16:40:00,0.0,False
2022-01-13 16:50:00,0.0,False
2022-01-13 17:00:00,0.0,False
2022-01-13 17:10:00,,False
2022-01-13 17:20:00,0.0,False
2022-01-13 17:30:00,0.0,False
2022-01-13 17:40:00,0.0,False
2022-01-13 17:50:00,0.0,False
2022-01-13 18:00:00,0.0,False
2022-01-13 18:10:00,0.0,False
2022-01-13 18:20:00,0.0,False
2022-01-13 18:30:00,0.0,False
2022-01-13 18:40:00,0.0,False
2022-01-13 18:50:00,0.0,False
2022-01-13 19:00:00,0.0,False
2022-01-13 19:10:00,0.0,False
2022-01-13 19:20:00,0.0,False
2022-01-13 19:30:00,0.0,False
2022-01-13 19:40:00,0.0,False
2022-01-13 19:50:00,0.0,False
2022-01-13 20:00:00,0.0,False
2022-01-13 20:10:00,0.0,False
2022-01-13 20:20:00,0.0,False
2022-01-13 20:30:00,0.0,False
2022-01-13 20:40:00,0.0,False
2022-01-13 20:50:00,,False
2022-01-13 21:00:00,0.0,False
2022-01-13 21:10:00,0.0,False
2022-01-13 21:20:00,0.0,False
2022-01-13 21:30:00,0.0,False
2022-01-13 21:40:00,0.0,False
2022-01-13 21:50:00,0.0,False
2022-01-13 22:00:00,0.0,False
2022-01-13 22:10:00,0.0,False
2022-01-13 22:20:00,0.0,False
2022-01-13 22:30:00,,False
2022-01-13 22:40:00,0.0,False
2022-01-13 22:50:00,0.0,False
2022-01-13 23:00:00,0.0,False
2022-01-13 23:10:00,0.0,False
2022-01-13 23:20:00,0.0,False
2022-01-13 23:30:00,0.0,False
2022-01-13 23:40:00,0.0,False
2022-01-13 23:50:00,0.0,False
2022-01-14 00:00:00,0.0,False
2022-01-14 00:10:00,0.0,False
2022-01-14 00:20:00,0.0,False
2022-01-14 00:30:00,0.0,False
2022-01-14 00:40:00,0.0,False
2022-01-14 00:50:00,0.0,False
2022-01-14 01:00:00,0.0,False
2022-01-14 01:10:00,0.0,False
2022-01-14 01:20:00,0.0,False
2022-01-14 01:30:00,0.0,False
2022-01-14 01:40:00,0.0,False
2022-01-14 01:50:00,0.0,False
2022-01-14 02:00:00,0.0,False
2022-01-14 02:10:00,0.0,False
2022-01-14 02:20:00,0.0,False
2022-01-14 02:30:00,0.0,False
2022-01-14 02:40:00,0.0,False
2022-01-14 02:50:00,0.0,False
2022-01-14 03:00:00,0.0,False
2022-01-14 03:10:00,0.0,False
2022-01-14 03:20:00,0.0,False
2022-01-14 03:30:00,0.0,False
2022-01-14 03:40:00,0.0,False
2022-01-14 03:50:00,0.0,False
2022-01-14 04:00:00,0.0,False
2022-01-14 04:10:00,0.0,False
2022-01-14 04:20:00,0.0,False
2022-01-14 04:30:00,0.0,False
2022-01-14 04:40:00,0.0,False
2022-01-14 04:50:00,0.0,False
2022-01-14 05:00:00,0.0,False
2022-01-14 05:10:00,0.0,False
2022-01-14 05:20:00,0.0,False
2022-01-14 05:30:00,0.0,False
2022-01-14 05:40:00,0.0,False
2022-01-14 05:50:00,0.0,False
2022-01-14 06:00:00,0.0,False
2022-01-14 06:10:00,0.0,False
2022-01-14 06:20:00,0.0,False
2022-01-14 06:30:00,0.0,False
2022-01-14 06:40:00,0.0,False
2022-01-14 06:50:00,0.0,False
2022-01-14 07:00:00,0.0,False
2022-01-14 07:10:00,0.0,False
2022-01-14 07:20:00,0.0,False
2022-01-14 07:30:00,0.0,False
2022-01-14 07:40:00,0.0,False
2022-01-14 07:50:00,0.0,False
2022-01-14 08:00:00,0.0,False
2022-01-14 08:10:00,0.0,False
2022-01-14 08:20:00,0.0,False
2022-01-14 08:30:00,0.0,False
2022-01-14 08:40:00,0.0,False
2022-01-14 08:50:00,0.0,False
2022-01-14 09:00:00,,False
2022-01-14 09:10:00,0.0,False
2022-01-14 09:20:00,0.0,False
2022-01-14 09:30:00,0.0,False
2022-01-14 09:40:00,0.0,False
2022-01-14 09:50:00,0.0,False
2022-01-14 10:00:00,0.0,False
2022-01-14 10:10:00,0.0,False
2022-01-14 10:20:00,0.0,False
2022-01-14 10:30:00,0.0,False
2022-01-14 10:40:00,0.0,False
2022-01-14 10:50:00,0.0,False
2022-01-14 11:00:00,0.0,False
2022-01-14 11:10:00,0.0,False
2022-01-14 11:20:00,0.0,False
2022-01-14 11:30:00,0.0,False
2022-01-14 11:40:00,0.0,False
2022-01-14 11:50:00,0.0,False
2022-01-14 12:00:00,0.0,False
2022-01-14 12:10:00,0.0,False
2022-01-14 12:20:00,0.0,False
2022-01-14 12:30:00,0.0,False
2022-01-14 12:40:00,0.0,False
2022-01-14 12:50:00,0.0,False
2022-01-14 13:00:00,0.0,False
2022-01-14 13:10:00,0.0,False
2022-01-14 13:20:00,,False
2022-01-14 13:30:00,0.0,False
2022-01-14 13:40:00,0.0,False
2022-01-14 13:50:00,0.0,False
2022-01-14 14:00:00,0.0,False
2022-01-14 14:10:00,0.0,False
2022-01-14 14:20:00,0.0,False
2022-01-14 14:30:00,0.0,False
2022-01-14 14:40:00,,False
2022-01-14 14:50:00,0.0,False
2022-01-14 15:00:00,0.0,False
2022-01-14 15:10:00,0.0,False
2022-01-14 15:20:00,0.0,False
2022-01-14 15:30:00,0.0,False
2022-01-14 15:40:00,0.0,False
2022-01-14 15:50:00,0.0,False
2022-01-14 16:00:00,0.0,False
2022-01-14 16:10:00,0.0,False
2022-01-14 16:20:00,0.0,False
2022-01-14 16:30:00,0.0,False
2022-01-14 16:40:00,0.0,False
2022-01-14 16:50:00,0.0,False
2022-01-14 17:00:00,0.0,False
2022-01-14 17:10:00,0.0,False
2022-01-14 17:20:00,0.0,False
2022-01-14 17:30:00,0.0,False
2022-01-14 17:40:00,0.0,False
2022-01-14 17:50:00,0.0,False
2022-01-14 18:00:00,0.0,False
2022-01-14 18:10:00,0.0,False
2022-01-14 18:20:00,0.0,False
2022-01-14 18:30:00,0.0,False
2022-01-14 18:40:00,0.0,False
2022-01-14 18:50:00,0.0,False
2022-01-14 19:00:00,0.0,False
2022-01-14 19:10:00,0.0,False
2022-01-14 19:20:00,0.0,False
2022-01-14 19:30:00,0.0,False
2022-01-14 19:40:00,,False
2022-01-14 19:50:00,0.0,False
2022-01-14 20:00:00,0.0,False
2022-01-14 20:10:00,0.0,False
2022-01-14 20:20:00,0.0,False
2022-01-14 20:30:00,0.0,False
2022-01-14 20:40:00,0.0,False
2022-01-14 20:50:00,0.0,False
2022-01-14 21:00:00,0.0,False
2022-01-14 21:10:00,0.0,False
2022-01-14 21:20:00,0.0,False
2022-01-14 21:30:00,0.0,False
2022-01-14 21:40:00,0.0,False
2022-01-14 21:50:00,0.0,False
2022-01-14 22:00:00,0.0,False
2022-01-14 22:10:00,0.0,False
2022-01-14 22:20:00,0.0,False
2022-01-14 22:30:00,0.0,False
2022-01-14 22:40:00,0.0,False
2022-01-14 22:50:00,0.0,False
2022-01-14 23:00:00,0.0,False
2022-01-14 23:10:00,0.0,False
2022-01-14 23:20:00,0.0,False
2022-01-14 23:30:00,0.0,False
2022-01-14 23:40:00,0.0,False
2022-01-14 23:50:00,0.0,False
2022-01-15 00:00:00,0.0,False
2022-01-15 00:10:00,0.0,False
2022-01-15 00:20:00,0.0,False
2022-01-15 00:30:00,0.0,False
2022-01-15 00:40:00,0.0,False
2022-01-15 00:50:00,,False
2022-01-15 01:00:00,0.0,False
2022-01-15 01:10:00,,False
2022-01-15 01:20:00,0.0,False
2022-01-15 01:30:00,0.0,False
2022-01-15 01:40:00,0.0,False
2022-01-15 01:50:00,0.0,False
2022-01-15 02:00:00,0.0,False
2022-01-15 02:10:00,0.0,False
2022-01-15 02:20:00,0.0,False
2022-01-15 02:30:00,0.0,False
2022-01-15 02:40:00,0.0,False
2022-01-15 02:50:00,,False
2022-01-15 03:00:00,0.0,False
2022-01-15 03:10:00,0.0,False
2022-01-15 03:20:00,0.0,False
2022-01-15 03:30:00,0.0,False
2022-01-15 03:40:00,0.0,False
2022-01-15 03:50:00,0.0,False
2022-01-15 04:00:00,0.0,False
2022-01-15 04:10:00,,False
2022-01-15 04:20:00,,False
2022-01-15 04:30:00,0.0,False
2022-01-15 04:40:00,0.0,False
2022-01-15 04:50:00,0.0,False
2022-01-15 05:00:00,0.0,False
2022-01-15 05:10:00,0.0,False
2022-01-15 05:20:00,0.0,False
2022-01-15 05:30:00,0.0,False
2022-01-15 05:40:00,0.0,False
2022-01-15 05:50:00,0.0,False
2022-01-15 06:00:00,0.0,False
2022-01-15 06:10:00,0.0,False
2022-01-15 06:20:00,0.0,False
2022-01-15 06:30:00,0.0,False
2022-01-15 06:40:00,0.0,False
2022-01-15 06:50:00,0.0,False
2022-01-15 07:00:00,0.0,False
2022-01-15 07:10:00,0.0,False
2022-01-15 07:20:00,0.0,False
2022-01-15 07:30:00,0.0,False
2022-01-15 07:40:00,0.0,False
2022-01-15 07:50:00,0.0,False
2022-01-15 08:00:00,0.0,False
2022-01-15 08:10:00,0.0,False
2022-01-15 08:20:00,0.0,False
2022-01-15 08:30:00,0.0,False
2022-01-15 08:40:00,0.0,False
2022-01-15 08:50:00,0.0,False
2022-01-15 09:00:00,0.0,False
2022-01-15 09:10:00,0.0,False
2022-01-15 09:20:00,0.0,False
2022-01-15 09:30:00,0.0,False
2022-01-15 09:40:00,0.0,False
2022-01-15 09:50:00,0.0,False
2022-01-15 10:00:00,0.0,False
2022-01-15 10:10:00,0.0,False
2022-01-15 10:20:00,0.0,False
2022-01-15 10:30:00,,False
2022-01-15 10:40:00,0.0,False
2022-01-15 10:50:00,0.0,False
2022-01-15 11:00:00,0.0,False
2022-01-15 11:10:00,0.0,False
2022-01-15 11:20:00,0.0,False
2022-01-15 11:30:00,0.0,False
2022-01-15 11:40:00,,False
2022-01-15 11:50:00,0.0,False
2022-01-15 12:00:00,0.0,False
2022-01-15 12:10:00,0.0,False
2022-01-15 12:20:00,0.0,False
2022-01-15 12:30:00,0.0,False
2022-01-15 12:40:00,0.0,False
2022-01-15 12:50:00,0.0,False
2022-01-15 13:00:00,0.0,False
2022-01-15 13:10:00,0.0,False
2022-01-15 13:20:00,0.0,False
2022-01-15 13:30:00,0.0,False
2022-01-15 13:40:00,0.0,False
2022-01-15 13:50:00,0.0,False
2022-01-15 14:00:00,0.0,False
2022-01-15 14:10:00,0.0,False
2022-01-15 14:20:00,0.0,False
2022-01-15 14:30:00,0.0,False
2022-01-15 14:40:00,0.0,False
2022-01-15 14:50:00,0.0,False
2022-01-15 15:00:00,0.0,False
2022-01-15 15:10:00,0.0,False
2022-01-15 15:20:00,0.0,False
2022-01-15 15:30:00,0.0,False
2022-01-15 15:40:00,,False
2022-01-15 15:50:00,0.0,False
2022-01-15 16:00:00,0.0,False
2022-01-15 16:10:00,0.0,False
2022-01-15 16:20:00,0.0,False
2022-01-15 16:30:00,0.0,False
2022-01-15 16:40:00,0.0,False
2022-01-15 16:50:00,0.0,False
2022-01-15 17:00:00,0.0,False
2022-01-15 17:10:00,0.0,False
2022-01-15 17:20:00,0.0,False
2022-01-15 17:30:00,0.0,False
2022-01-15 17:40:00,0.0,False
2022-01-15 17:50:00,0.0,False
2022-01-15 18:00:00,0.0,False
2022-01-15 18:10:00,0.0,False
2022-01-15 18:20:00,0.0,False
2022-01-15 18:30:00,0.0,False
2022-01-15 18:40:00,0.0,False
2022-01-15 18:50:00,0.0,False
2022-01-15 19:00:00,0.0,False
2022-01-15 19:10:00,0.0,False
2022-01-15 19:20:00,0.0,False
2022-01-15 19:30:00,0.0,False
2022-01-15 19:40:00,0.0,False
2022-01-15 19:50:00,0.0,False
2022-01-15 20:00:00,0.0,False
2022-01-15 20:10:00,0.0,False
2022-01-15 20:20:00,0.0,False
2022-01-15 20:30:00,0.0,False
2022-01-15 20:40:00,0.0,False
2022-01-15 20:50:00,0.0,False
2022-01-15 21:00:00,0.0,False
2022-01-15 21:10:00,0.0,False
2022-01-15 21:20:00,0.0,False
2022-01-15 21:30:00,0.0,False
2022-01-15 21:40:00,0.0,False
2022-01-15 21:50:00,0.0,False
2022-01-15 22:00:00,0.0,False
2022-01-15 22:10:00,0.0,False
2022-01-15 22:20:00,0.0,False
2022-01-15 22:30:00,0.0,False
2022-01-15 22:40:00,0.0,False
2022-01-15 22:50:00,0.0,False
2022-01-15 23:00:00,0.0,False
2022-01-15 23:10:00,0.0,False
2022-01-15 23:20:00,,False
2022-01-15 23:30:00,0.0,False
2022-01-15 23:40:00,0.0,False
2022-01-15 23:50:00,0.0,False
2022-01-16 00:00:00,0.0,False
2022-01-16 00:10:00,,False
2022-01-16 00:20:00,0.0,False
2022-01-16 00:30:00,0.0,False
2022-01-16 00:40:00,0.0,False
2022-01-16 00:50:00,0.0,False
2022-01-16 01:00:00,0.0,False
2022-01-16 01:10:00,0.0,False
2022-01-16 01:20:00,0.0,False
2022-01-16 01:30:00,0.0,False
2022-01-16 01:40:00,0.0,False
2022-01-16 01:50:00,0.0,False
2022-01-16 02:00:00,0.0,False
2022-01-16 02:10:00,0.0,False
2022-01-16 02:20:00,0.0,False
2022-01-16 02:30:00,0.0,False
2022-01-16 02:40:00,0.0,False
2022-01-16 02:50:00,0.0,False
2022-01-16 03:00:00,0.0,False
2022-01-16 03:10:00,0.0,False
2022-01-16 03:20:00,0.0,False
2022-01-16 03:30:00,0.0,False
2022-01-16 03:40:00,0.0,False
2022-01-16 03:50:00,0.0,False
2022-01-16 04:00:00,0.0,False
2022-01-16 04:10:00,0.0,False
2022-01-16 04:20:00,,False
2022-01-16 04:30:00,0.0,False
2022-01-16 04:40:00,0.0,False
2022-01-16 04:50:00,0.0,False
2022-01-16 05:00:00,0.0,False
2022-01-16 05:10:00,0.0,False
2022-01-16 05:20:00,0.0,False
2022-01-16 05:30:00,0.0,False
2022-01-16 05:40:00,0.0,False
2022-01-16 05:50:00,0.0,False
2022-01-16 06:00:00,0.0,False
2022-01-16 06:10:00,0.0,False
2022-01-16 06:20:00,0.0,False
2022-01-16 06:30:00,0.0,False
2022-01-16 06:40:00,0.0,False
2022-01-16 06:50:00,0.0,False
2022-01-16 07:00:00,0.0,False
2022-01-16 07:10:00,0.0,False
2022-01-16 07:20:00,0.0,False
2022-01-16 07:30:00,0.0,False
2022-01-16 07:40:00,,False
2022-01-16 07:50:00,0.0,False
2022-01-16 08:00:00,0.0,False
2022-01-16 08:10:00,0.0,False
2022-01-16 08:20:00,0.0,False
2022-01-16 08:30:00,0.0,False
2022-01-16 08:40:00,0.0,False
2022-01-16 08:50:00,0.0,False
2022-01-16 09:00:00,0.0,False
2022-01-16 09:10:00,0.0,False
2022-01-16 09:20:00,0.0,False
2022-01-16 09:30:00,0.0,False
2022-01-16 09:40:00,,False
2022-01-16 09:50:00,0.0,False
2022-01-16 10:00:00,0.0,False
2022-01-16 10:10:00,0.0,False
2022-01-16 10:20:00,0.0,False
2022-01-16 10:30:00,0.0,False
2022-01-16 10:40:00,0.0,False
2022-01-16 10:50:00,0.0,False
2022-01-16 11:00:00,0.0,False
2022-01-16 11:10:00,0.0,False
2022-01-16 11:20:00,0.0,False
2022-01-16 11:30:00,0.0,False
2022-01-16 11:40:00,0.0,False
2022-01-16 11:50:00,0.0,False
2022-01-16 12:00:00,0.0,False
2022-01-16 12:10:00,0.0,False
2022-01-16 12:20:00,0.0,False
2022-01-16 12:30:00,,False
2022-01-16 12:40:00,0.0,False
2022-01-16 12:50:00,0.0,False
2022-01-16 13:00:00,0.0,False
2022-01-16 13:10:00,0.0,False
2022-01-16 13:20:00,0.0,False
2022-01-16 13:30:00,0.0,False
2022-01-16 13:40:00,0.0,False
2022-01-16 13:50:00,0.0,False
2022-01-16 14:00:00,0.0,False
2022-01-16 14:10:00,0.0,False
2022-01-16 14:20:00,0.0,False
2022-01-16 14:30:00,0.0,False
2022-01-16 14:40:00,0.0,False
2022-01-16 14:50:00,,False
2022-01-16 15:00:00,0.0,False
2022-01-16 15:10:00,0.0,False
2022-01-16 15:20:00,0.0,False
2022-01-16 15:30:00,0.0,False
2022-01-16 15:40:00,0.0,False
2022-01-16 15:50:00,0.0,False
2022-01-16 16:00:00,0.0,False
2022-01-16 16:10:00,0.0,False
2022-01-16 16:20:00,0.0,False
2022-01-16 16:30:00,,False
2022-01-16 16:40:00,0.0,False
2022-01-16 16:50:00,0.0,False
2022-01-16 17:00:00,0.0,False
2022-01-16 17:10:00,0.0,False
2022-01-16 17:20:00,0.0,False
2022-01-16 17:30:00,0.0,False
2022-01-16 17:40:00,0.0,False
2022-01-16 17:50:00,0.0,False
2022-01-16 18:00:00,0.0,False
2022-01-16 18:10:00,0.0,False
2022-01-16 18:20:00,0.0,False
2022-01-16 18:30:00,,False
2022-01-16 18:40:00,0.0,False
2022-01-16 18:50:00,0.0,False
2022-01-16 19:00:00,0.0,False
2022-01-16 19:10:00,0.0,False
2022-01-16 19:20:00,0.0,False
2022-01-16 19:30:00,0.0,False
2022-01-16 19:40:00,0.0,False
2022-01-16 19:50:00,0.0,False
2022-01-16 20:00:00,0.0,False
2022-01-16 20:10:00,0.0,False
2022-01-16 20:20:00,0.0,False
2022-01-16 20:30:00,0.0,False
2022-01-16 20:40:00,0.0,False
2022-01-16 20:50:00,0.0,False
2022-01-16 21:00:00,0.0,False
2022-01-16 21:10:00,0.0,False
2022-01-16 21:20:00,0.0,False
2022-01-16 21:30:00,0.0,False
2022-01-16 21:40:00,,False
2022-01-16 21:50:00,0.0,False
2022-01-16 22:00:00,0.0,False
2022-01-16 22:10:00,0.0,False
2022-01-16 22:20:00,0.0,False
2022-01-16 22:30:00,,False
2022-01-16 22:40:00,0.0,False
2022-01-16 22:50:00,0.0,False
2022-01-16 23:00:00,0.0,False
2022-01-16 23:10:00,0.0,False
2022-01-16 23:20:00,0.0,False
2022-01-16 23:30:00,0.0,False
2022-01-16 23:40:00,0.0,False
2022-01-16 23:50:00,0.0,False
2022-01-17 00:00:00,0.0,False
2022-01-17 00:10:00,0.0,False
2022-01-17 00:20:00,0.0,False
2022-01-17 00:30:00,0.0,False
2022-01-17 00:40:00,0.0,False
2022-01-17 00:50:00,0.0,False
2022-01-17 01:00:00,0.0,False
2022-01-17 01:10:00,0.0,False
2022-01-17 01:20:00,0.0,False
2022-01-17 01:30:00,0.0,False
2022-01-17 01:40:00,0.0,False
2022-01-17 01:50:00,0.0,False
2022-01-17 02:00:00,0.0,False
2022-01-17 02:10:00,0.0,False
2022-01-17 02:20:00,0.0,False
2022-01-17 02:30:00,0.0,False
2022-01-17 02:40:00,0.0,False
2022-01-17 02:50:00,0.0,False
2022-01-17 03:00:00,0.0,False
2022-01-17 03:10:00,0.0,False
2022-01-17 03:20:00,0.0,False
2022-01-17 03:30:00,0.0,False
2022-01-17 03:40:00,0.0,False
2022-01-17 03:50:00,0.0,False
2022-01-17 04:00:00,,False
2022-01-17 04:10:00,0.0,False
2022-01-17 04:20:00,0.0,False
2022-01-17 04:30:00,0.0,False
2022-01-17 04:40:00,0.0,False
2022-01-17 04:50:00,0.0,False
2022-01-17 05:00:00,0.0,False
2022-01-17 05:10:00,0.0,False
2022-01-17 05:20:00,0.0,False
2022-01-17 05:30:00,0.0,False
2022-01-17 05:40:00,0.0,False
2022-01-17 05:50:00,0.0,False
2022-01-17 06:00:00,0.0,False
2022-01-17 06:10:00,0.0,False
2022-01-17 06:20:00,0.0,False
2022-01-17 06:30:00,0.0,False
2022-01-17 06:40:00,0.0,False
2022-01-17 06:50:00,0.0,False
2022-01-17 07:00:00,0.0,False
2022-01-17 07:10:00,0.0,False
2022-01-17 07:20:00,0.0,False
2022-01-17 07:30:00,0.0,False
2022-01-17 07:40:00,0.0,False
2022-01-17 07:50:00,0.0,False
2022-01-17 08:00:00,0.0,False
2022-01-17 08:10:00,0.0,False
2022-01-17 08:20:00,0.0,False
2022-01-17 08:30:00,0.0,False
2022-01-17 08:40:00,,False
2022-01-17 08:50:00,0.0,False
2022-01-17 09:00:00,0.0,False
2022-01-17 09:10:00,0.0,False
2022-01-17 09:20:00,0.0,False
2022-01-17 09:30:00,,False
2022-01-17 09:40:00,0.0,False
2022-01-17 09:50:00,0.0,False
2022-01-17 10:00:00,0.0,False
2022-01-17 10:10:00,0.0,False
2022-01-17 10:20:00,0.0,False
2022-01-17 10:30:00,0.0,False
2022-01-17 10:40:00,0.0,False
2022-01-17 10:50:00,,False
2022-01-17 11:00:00,0.0,False
2022-01-17 11:10:00,0.0,False
2022-01-17 11:20:00,0.0,False
2022-01-17 11:30:00,0.0,False
2022-01-17 11:40:00,0.0,False
2022-01-17 11:50:00,0.0,False
2022-01-17 12:00:00,0.0,False
2022-01-17 12:10:00,0.0,False
2022-01-17 12:20:00,0.0,False
2022-01-17 12:30:00,,False
2022-01-17 12:40:00,0.0,False
2022-01-17 12:50:00,0.0,False
2022-01-17 13:00:00,0.0,False
2022-01-17 13:10:00,0.0,False
2022-01-17 13:20:00,0.0,False
2022-01-17 13:30:00,0.0,False
2022-01-17 13:40:00,0.0,False
2022-01-17 13:50:00,0.0,False
2022-01-17 14:00:00,0.0,False
2022-01-17 14:10:00,0.0,False
2022-01-17 14:20:00,0.0,False
2022-01-17 14:30:00,0.0,False
2022-01-17 14:40:00,0.0,False
2022-01-17 14:50:00,0.0,False
2022-01-17 15:00:00,0.0,False
2022-01-17 15:10:00,0.0,False
2022-01-17 15:20:00,0.0,False
2022-01-17 15:30:00,0.0,False
2022-01-17 15:40:00,0.0,False
2022-01-17 15:50:00,0.0,False
2022-01-17 16:00:00,0.0,False
2022-01-17 16:10:00,0.0,False
2022-01-17 16:20:00,0.0,False
2022-01-17 16:30:00,0.0,False
2022-01-17 16:40:00,,False
2022-01-17 16:50:00,0.0,False
2022-01-17 17:00:00,0.0,False
2022-01-17 17:10:00,0.0,False
2022-01-17 17:20:00,0.0,False
2022-01-17 17:30:00,0.0,False
2022-01-17 17:40:00,0.0,False
2022-01-17 17:50:00,0.0,False
2022-01-17 18:00:00,0.0,False
2022-01-17 18:10:00,0.0,False
2022-01-17 18:20:00,0.0,False
2022-01-17 18:30:00,0.0,False
2022-01-17 18:40:00,0.0,False
2022-01-17 18:50:00,0.0,False
2022-01-17 19:00:00,0.0,False
2022-01-17 19:10:00,0.0,False
2022-01-17 19:20:00,0.0,False
2022-01-17 19:30:00,0.0,False
2022-01-17 19:40:00,0.0,False
2022-01-17 19:50:00,0.0,False
2022-01-17 20:00:00,0.0,False
2022-01-17 20:10:00,0.0,False
2022-01-17 20:20:00,,False
2022-01-17 20:30:00,0.0,False
2022-01-17 20:40:00,0.0,False
2022-01-17 20:50:00,0.0,False
2022-01-17 21:00:00,0.0,False
2022-01-17 21:10:00,0.0,False
2022-01-17 21:20:00,0.0,False
2022-01-17 21:30:00,0.0,False
2022-01-17 21:40:00,0.0,False
2022-01-17 21:50:00,0.0,False
2022-01-17 22:00:00,0.0,False
2022-01-17 22:10:00,0.0,False
2022-01-17 22:20:00,0.0,False
2022-01-17 22:30:00,0.0,False
2022-01-17 22:40:00,0.0,False
2022-01-17 22:50:00,0.0,False
2022-01-17 23:00:00,0.0,False
2022-01-17 23:10:00,0.0,False
2022-01-17 23:20:00,0.0,False
2022-01-17 23:30:00,0.0,False
2022-01-17 23:40:00,0.0,False
2022-01-17 23:50:00,0.0,False
2022-01-18 00:00:00,0.0,False
2022-01-18 00:10:00,0.0,False
2022-01-18 00:20:00,0.0,False
2022-01-18 00:30:00,0.0,False
2022-01-18 00:40:00,0.0,False
2022-01-18 00:50:00,0.0,False
2022-01-18 01:00:00,0.0,False
2022-01-18 01:10:00,0.0,False
2022-01-18 01:20:00,0.0,False
2022-01-18 01:30:00,0.0,False
2022-01-18 01:40:00,,False
2022-01-18 01:50:00,0.0,False
2022-01-18 02:00:00,0.0,False
2022-01-18 02:10:00,0.0,False
2022-01-18 02:20:00,0.0,False
2022-01-18 02:30:00,,False
2022-01-18 02:40:00,0.0,False
2022-01-18 02:50:00,0.0,False
2022-01-18 03:00:00,0.0,False
2022-01-18 03:10:00,0.0,False
2022-01-18 03:20:00,0.0,False
2022-01-18 03:30:00,0.0,False
2022-01-18 03:40:00,0.0,False
2022-01-18 03:50:00,0.0,False
2022-01-18 04:00:00,0.0,False
2022-01-18 04:10:00,0.0,False
2022-01-18 04:20:00,0.0,False
2022-01-18 04:30:00,0.0,False
2022-01-18 04:40:00,0.0,False
2022-01-18 04:50:00,0.0,False
2022-01-18 05:00:00,0.0,False
2022-01-18 05:10:00,0.0,False
2022-01-18 05:20:00,0.0,False
2022-01-18 05:30:00,0.0,False
2022-01-18 05:40:00,0.0,False
2022-01-18 05:50:00,0.0,False
2022-01-18 06:00:00,0.0,False
2022-01-18 06:10:00,0.0,False
2022-01-18 06:20:00,0.0,False
2022-01-18 06:30:00,0.0,False
2022-01-18 06:40:00,0.0,False
2022-01-18 06:50:00,0.0,False
2022-01-18 07:00:00,,False
2022-01-18 07:10:00,0.0,False
2022-01-18 07:20:00,0.0,False
2022-01-18 07:30:00,0.0,False
2022-01-18 07:40:00,0.0,False
2022-01-18 07:50:00,0.0,False
2022-01-18 08:00:00,0.0,False
2022-01-18 08:10:00,0.0,False
2022-01-18 08:20:00,0.0,False
2022-01-18 08:30:00,0.0,False
2022-01-18 08:40:00,0.0,False
2022-01-18 08:50:00,0.0,False
2022-01-18 09:00:00,0.0,False
2022-01-18 09:10:00,0.0,False
2022-01-18 09:20:00,0.0,False
2022-01-18 09:30:00,0.0,False
2022-01-18 09:40:00,0.0,False
2022-01-18 09:50:00,0.0,False
2022-01-18 10:00:00,0.0,False
2022-01-18 10:10:00,0.0,False
2022-01-18 10:20:00,0.0,False
2022-01-18 10:30:00,0.0,False
2022-01-18 10:40:00,0.0,False
2022-01-18 10:50:00,0.0,False
2022-01-18 11:00:00,0.0,False
2022-01-18 11:10:00,0.0,False
2022-01-18 11:20:00,0.0,False
2022-01-18 11:30:00,,False
2022-01-18 11:40:00,0.0,False
2022-01-18 11:50:00,0.0,False
2022-01-18 12:00:00,0.0,False
2022-01-18 12:10:00,0.0,False
2022-01-18 12:20:00,0.0,False
2022-01-18 12:30:00,0.0,False
2022-01-18 12:40:00,0.0,False
2022-01-18 12:50:00,0.0,False
2022-01-18 13:00:00,0.0,False
2022-01-18 13:10:00,,False
2022-01-18 13:20:00,0.0,False
2022-01-18 13:30:00,,False
2022-01-18 13:40:00,0.0,False
2022-01-18 13:50:00,0.0,False
2022-01-18 14:00:00,0.0,False
2022-01-18 14:10:00,0.0,False
2022-01-18 14:20:00,0.0,False
2022-01-18 14:30:00,0.0,False
2022-01-18 14:40:00,0.0,False
2022-01-18 14:50:00,0.0,False
2022-01-18 15:00:00,0.0,False
2022-01-18 15:10:00,0.0,False
2022-01-18 15:20:00,0.0,False
2022-01-18 15:30:00,0.0,False
2022-01-18 15:40:00,0.0,False
2022-01-18 15:50:00,0.0,False
2022-01-18 16:00:00,0.0,False
2022-01-18 16:10:00,0.0,False
2022-01-18 16:20:00,0.0,False
2022-01-18 16:30:00,0.0,False
2022-01-18 16:40:00,0.0,False
2022-01-18 16:50:00,0.0,False
2022-01-18 17:00:00,0.0,False
2022-01-18 17:10:00,0.0,False
2022-01-18 17:20:00,0.0,False
2022-01-18 17:30:00,0.0,False
2022-01-18 17:40:00,0.0,False
2022-01-18 17:50:00,0.0,False
2022-01-18 18:00:00,0.0,False
2022-01-18 18:10:00,0.0,False
2022-01-18 18:20:00,0.0,False
2022-01-18 18:30:00,0.0,False
2022-01-18 18:40:00,0.0,False
2022-01-18 18:50:00,0.0,False
2022-01-18 19:00:00,0.0,False
2022-01-18 19:10:00,0.0,False
2022-01-18 19:20:00,0.0,False
2022-01-18 19:30:00,0.0,False
2022-01-18 19:40:00,0.0,False
2022-01-18 19:50:00,0.0,False
2022-01-18 20:00:00,0.0,False
2022-01-18 20:10:00,0.0,False
2022-01-18 20:20:00,0.0,False
2022-01-18 20:30:00,0.0,False
2022-01-18 20:40:00,0.0,False
2022-01-18 20:50:00,0.0,False
2022-01-18 21:00:00,0.0,False
2022-01-18 21:10:00,0.0,False
2022-01-18 21:20:00,0.0,False
2022-01-18 21:30:00,0.0,False
2022-01-18 21:40:00,0.0,False
2022-01-18 21:50:00,0.0,False
2022-01-18 22:00:00,0.0,False
2022-01-18 22:10:00,0.0,False
2022-01-18 22:20:00,0.0,False
2022-01-18 22:30:00,0.0,False
2022-01-18 22:40:00,0.0,False
2022-01-18 22:50:00,0.0,False
2022-01-18 23:00:00,0.0,False
2022-01-18 23:10:00,0.0,False
2022-01-18 23:20:00,0.0,False
2022-01-18 23:30:00,0.0,False
2022-01-18 23:40:00,0.0,False
2022-01-18 23:50:00,0.0,False
2022-01-19 00:00:00,0.0,False
2022-01-19 00:10:00,0.0,False
2022-01-19 00:20:00,0.0,False
2022-01-19 00:30:00,0.0,False
2022-01-19 00:40:00,0.0,False
2022-01-19 00:50:00,0.0,False
2022-01-19 01:00:00,0.0,False
2022-01-19 01:10:00,0.0,False
2022-01-19 01:20:00,0.0,False
2022-01-19 01:30:00,0.0,False
2022-01-19 01:40:00,0.0,False
2022-01-19 01:50:00,0.0,False
2022-01-19 02:00:00,0.0,False
2022-01-19 02:10:00,0.0,False
2022-01-19 02:20:00,0.0,False
2022-01-19 02:30:00,0.0,False
2022-01-19 02:40:00,0.0,False
2022-01-19 02:50:00,0.0,False
2022-01-19 03:00:00,0.0,False
2022-01-19 03:10:00,,False
2022-01-19 03:20:00,0.0,False
2022-01-19 03:30:00,0.0,False
2022-01-19 03:40:00,0.0,False
2022-01-19 03:50:00,0.0,False
2022-01-19 04:00:00,0.0,False
2022-01-19 04:10:00,0.0,False
2022-01-19 04:20:00,0.0,False
2022-01-19 04:30:00,0.0,False
2022-01-19 04:40:00,0.0,False
2022-01-19 04:50:00,0.0,False
2022-01-19 05:00:00,0.0,False
2022-01-19 05:10:00,0.0,False
2022-01-19 05:20:00,0.0,False
2022-01-19 05:30:00,0.0,False
2022-01-19 05:40:00,0.0,False
2022-01-19 05:50:00,0.0,False
2022-01-19 06:00:00,0.0,False
2022-01-19 06:10:00,,False
2022-01-19 06:20:00,0.0,False
2022-01-19 06:30:00,0.0,False
2022-01-19 06:40:00,0.0,False
2022-01-19 06:50:00,0.0,False
2022-01-19 07:00:00,0.0,False
2022-01-19 07:10:00,0.0,False
2022-01-19 07:20:00,0.0,False
2022-01-19 07:30:00,0.0,False
2022-01-19 07:40:00,0.0,False
2022-01-19 07:50:00,0.0,False
2022-01-19 08:00:00,0.0,False
2022-01-19 08:10:00,0.0,False
2022-01-19 08:20:00,0.0,False
2022-01-19 08:30:00,0.0,False
2022-01-19 08:40:00,0.0,False
2022-01-19 08:50:00,0.0,False
2022-01-19 09:00:00,0.0,False
2022-01-19 09:10:00,0.0,False
2022-01-19 09:20:00,0.0,False
2022-01-19 09:30:00,0.0,False
2022-01-19 09:40:00,0.0,False
2022-01-19 09:50:00,0.0,False
2022-01-19 10:00:00,0.0,False
2022-01-19 10:10:00,0.0,False
2022-01-19 10:20:00,,False
2022-01-19 10:30:00,0.0,False
2022-01-19 10:40:00,0.0,False
2022-01-19 10:50:00,0.0,False
2022-01-19 11:00:00,0.0,False
2022-01-19 11:10:00,0.0,False
2022-01-19 11:20:00,0.0,False
2022-01-19 11:30:00,0.0,False
2022-01-19 11:40:00,0.0,False
2022-01-19 11:50:00,0.0,False
2022-01-19 12:00:00,0.0,False
2022-01-19 12:10:00,0.0,False
2022-01-19 12:20:00,0.0,False
2022-01-19 12:30:00,0.0,False
2022-01-19 12:40:00,0.0,False
2022-01-19 12:50:00,0.0,False
2022-01-19 13:00:00,0.0,False
2022-01-19 13:10:00,0.0,False
2022-01-19 13:20:00,0.0,False
2022-01-19 13:30:00,0.0,False
2022-01-19 13:40:00,0.0,False
2022-01-19 13:50:00,0.0,False
2022-01-19 14:00:00,0.0,False
2022-01-19 14:10:00,0.0,False
2022-01-19 14:20:00,,False
2022-01-19 14:30:00,0.0,False
2022-01-19 14:40:00,0.0,False
2022-01-19 14:50:00,0.0,False
2022-01-19 15:00:00,0.0,False
2022-01-19 15:10:00,,False
2022-01-19 15:20:00,0.0,False
2022-01-19 15:30:00,0.0,False
2022-01-19 15:40:00,0.0,False
2022-01-19 15:50:00,0.0,False
2022-01-19 16:00:00,0.0,False
2022-01-19 16:10:00,0.0,False
2022-01-19 16:20:00,0.0,False
2022-01-19 16:30:00,0.0,False
2022-01-19 16:40:00,0.0,False
2022-01-19 16:50:00,0.0,False
2022-01-19 17:00:00,0.0,False
2022-01-19 17:10:00,0.0,False
2022-01-19 17:20:00,0.0,False
2022-01-19 17:30:00,0.0,False
2022-01-19 17:40:00,0.0,False
2022-01-19 17:50:00,0.0,False
2022-01-19 18:00:00,0.0,False
2022-01-19 18:10:00,0.0,False
2022-01-19 18:20:00,0.0,False
2022-01-19 18:30:00,0.0,False
2022-01-19 18:40:00,0.0,False
2022-01-19 18:50:00,,False
2022-01-19 19:00:00,0.0,False
2022-01-19 19:10:00,0.0,False
2022-01-19 19:20:00,0.0,False
2022-01-19 19:30:00,0.0,False
2022-01-19 19:40:00,0.0,False
2022-01-19 19:50:00,0.0,False
2022-01-19 20:00:00,0.0,False
2022-01-19 20:10:00,0.0,False
2022-01-19 20:20:00,0.0,False
2022-01-19 20:30:00,0.0,False
2022-01-19 20:40:00,0.0,False
2022-01-19 20:50:00,0.0,False
2022-01-19 21:00:00,0.0,False
2022-01-19 21:10:00,0.0,False
2022-01-19 21:20:00,0.0,False
2022-01-19 21:30:00,0.0,False
2022-01-19 21:40:00,0.0,False
2022-01-19 21:50:00,0.0,False
2022-01-19 22:00:00,0.0,False
2022-01-19 22:10:00,0.0,False
2022-01-19 22:20:00,0.0,False
2022-01-19 22:30:00,0.0,False
2022-01-19 22:40:00,0.0,False
2022-01-19 22:50:00,0.0,False
2022-01-19 23:00:00,0.0,False
2022-01-19 23:10:00,0.0,False
2022-01-19 23:20:00,0.0,False
2022-01-19 23:30:00,0.0,False
2022-01-19 23:40:00,0.0,False
2022-01-19 23:50:00,0.0,False
2022-01-20 00:00:00,0.0,False
2022-01-20 00:10:00,0.0,False
2022-01-20 00:20:00,0.0,False
2022-01-20 00:30:00,0.0,False
2022-01-20 00:40:00,0.0,False
2022-01-20 00:50:00,0.0,False
2022-01-20 01:00:00,0.0,False
2022-01-20 01:10:00,0.0,False
2022-01-20 01:20:00,0.0,False
2022-01-20 01:30:00,0.0,False
2022-01-20 01:40:00,,False
2022-01-20 01:50:00,0.0,False
2022-01-20 02:00:00,,False
2022-01-20 02:10:00,0.0,False
2022-01-20 02:20:00,0.0,False
2022-01-20 02:30:00,0.0,False
2022-01-20 02:40:00,0.0,False
2022-01-20 02:50:00,0.0,False
2022-01-20 03:00:00,0.0,False
2022-01-20 03:10:00,0.0,False
2022-01-20 03:20:00,0.0,False
2022-01-20 03:30:00,0.0,False
2022-01-20 03:40:00,,False
2022-01-20 03:50:00,0.0,False
2022-01-20 04:00:00,0.0,False
2022-01-20 04:10:00,0.0,False
2022-01-20 04:20:00,0.0,False
2022-01-20 04:30:00,0.0,False
2022-01-20 04:40:00,0.0,False
2022-01-20 04:50:00,0.0,False
2022-01-20 05:00:00,0.0,False
2022-01-20 05:10:00,0.0,False
2022-01-20 05:20:00,0.0,False
2022-01-20 05:30:00,0.0,False
2022-01-20 05:40:00,0.0,False
2022-01-20 05:50:00,0.0,False
2022-01-20 06:00:00,0.0,False
2022-01-20 06:10:00,0.0,False
2022-01-20 06:20:00,0.0,False
2022-01-20 06:30:00,0.0,False
2022-01-20 06:40:00,0.0,False
2022-01-20 06:50:00,0.0,False
2022-01-20 07:00:00,0.0,False
2022-01-20 07:10:00,0.0,False
2022-01-20 07:20:00,0.0,False
2022-01-20 07:30:00,0.0,False
2022-01-20 07:40:00,0.0,False
2022-01-20 07:50:00,0.0,False
2022-01-20 08:00:00,0.0,False
2022-01-20 08:10:00,0.0,False
2022-01-20 08:20:00,0.0,False
2022-01-20 08:30:00,0.0,False
2022-01-20 08:40:00,0.0,False
2022-01-20 08:50:00,0.0,False
2022-01-20 09:00:00,,False
2022-01-20 09:10:00,0.0,False
2022-01-20 09:20:00,0.0,False
2022-01-20 09:30:00,0.0,False
2022-01-20 09:40:00,0.0,False
2022-01-20 09:50:00,0.0,False
2022-01-20 10:00:00,0.0,False
2022-01-20 10:10:00,0.0,False
2022-01-20 10:20:00,0.0,False
2022-01-20 10:30:00,,False
2022-01-20 10:40:00,0.0,False
2022-01-20 10:50:00,,False
2022-01-20 11:00:00,0.0,False
2022-01-20 11:10:00,0.0,False
2022-01-20 11:20:00,0.0,False
2022-01-20 11:30:00,0.0,False
2022-01-20 11:40:00,0.0,False
2022-01-20 11:50:00,0.0,False
2022-01-20 12:00:00,0.0,False
2022-01-20 12:10:00,0.0,False
2022-01-20 12:20:00,0.0,False
2022-01-20 12:30:00,0.0,False
2022-01-20 12:40:00,0.0,False
2022-01-20 12:50:00,0.0,False
2022-01-20 13:00:00,,False
2022-01-20 13:10:00,0.0,False
2022-01-20 13:20:00,0.0,False
2022-01-20 13:30:00,0.0,False
2022-01-20 13:40:00,0.0,False
2022-01-20 13:50:00,0.0,False
2022-01-20 14:00:00,0.0,False
2022-01-20 14:10:00,0.0,False
2022-01-20 14:20:00,0.0,False
2022-01-20 14:30:00,0.0,False
2022-01-20 14:40:00,0.0,False
2022-01-20 14:50:00,,False
2022-01-20 15:00:00,0.0,False
2022-01-20 15:10:00,0.0,False
2022-01-20 15:20:00,0.0,False
2022-01-20 15:30:00,0.0,False
2022-01-20 15:40:00,0.0,False
2022-01-20 15:50:00,0.0,False
2022-01-20 16:00:00,0.0,False
2022-01-20 16:10:00,0.0,False
2022-01-20 16:20:00,0.0,False
2022-01-20 16:30:00,0.0,False
2022-01-20 16:40:00,0.0,False
2022-01-20 16:50:00,0.0,False
2022-01-20 17:00:00,0.0,False
2022-01-20 17:10:00,0.0,False
2022-01-20 17:20:00,0.0,False
2022-01-20 17:30:00,0.0,False
2022-01-20 17:40:00,0.0,False
2022-01-20 17:50:00,0.0,False
2022-01-20 18:00:00,0.0,False
2022-01-20 18:10:00,0.0,False
2022-01-20 18:20:00,0.0,False
2022-01-20 18:30:00,0.0,False
2022-01-20 18:40:00,0.0,False
2022-01-20 18:50:00,0.0,False
2022-01-20 19:00:00,0.0,False
2022-01-20 19:10:00,0.0,False
2022-01-20 19:20:00,0.0,False
2022-01-20 19:30:00,0.0,False
2022-01-20 19:40:00,0.0,False
2022-01-20 19:50:00,0.0,False
2022-01-20 20:00:00,0.0,False
2022-01-20 20:10:00,0.0,False
2022-01-20 20:20:00,0.0,False
2022-01-20 20:30:00,0.0,False
2022-01-20 20:40:00,0.0,False
2022-01-20 20:50:00,0.0,False
2022-01-20 21:00:00,0.0,False
2022-01-20 21:10:00,0.0,False
2022-01-20 21:20:00,,False
2022-01-20 21:30:00,0.0,False
2022-01-20 21:40:00,,False
2022-01-20 21:50:00,0.0,False
2022-01-20 22:00:00,0.0,False
2022-01-20 22:10:00,0.0,False
2022-01-20 22:20:00,0.0,False
2022-01-20 22:30:00,,False
2022-01-20 22:40:00,0.0,False
2022-01-20 22:50:00,0.0,False
2022-01-20 23:00:00,0.0,False
2022-01-20 23:10:00,0.0,False
2022-01-20 23:20:00,0.0,False
2022-01-20 23:30:00,0.0,False
2022-01-20 23:40:00,0.0,False
2022-01-20 23:50:00,0.0,False
2022-01-21 00:00:00,,False
2022-01-21 00:10:00,0.0,False
2022-01-21 00:20:00,0.0,False
2022-01-21 00:30:00,0.0,False
2022-01-21 00:40:00,0.0,False
2022-01-21 00:50:00,0.0,False
2022-01-21 01:00:00,,False
2022-01-21 01:10:00,0.0,False
2022-01-21 01:20:00,0.0,False
2022-01-21 01:30:00,,False
2022-01-21 01:40:00,0.0,False
2022-01-21 01:50:00,0.0,False
2022-01-21 02:00:00,0.0,False
2022-01-21 02:10:00,0.0,False
2022-01-21 02:20:00,0.0,False
2022-01-21 02:30:00,0.0,False
2022-01-21 02:40:00,0.0,False
2022-01-21 02:50:00,0.0,False
2022-01-21 03:00:00,0.0,False
2022-01-21 03:10:00,0.0,False
2022-01-21 03:20:00,0.0,False
2022-01-21 03:30:00,0.0,False
2022-01-21 03:40:00,0.0,False
2022-01-21 03:50:00,0.0,False
2022-01-21 04:00:00,0.0,False
2022-01-21 04:10:00,0.0,False
2022-01-21 04:20:00,0.0,False
2022-01-21 04:30:00,0.0,False
2022-01-21 04:40:00,0.0,False
2022-01-21 04:50:00,0.0,False
2022-01-21 05:00:00,0.0,False
2022-01-21 05:10:00,0.0,False
2022-01-21 05:20:00,0.0,False
2022-01-21 05:30:00,0.0,False
2022-01-21 05:40:00,0.0,False
2022-01-21 05:50:00,0.0,False
2022-01-21 06:00:00,0.0,False
2022-01-21 06:10:00,0.0,False
2022-01-21 06:20:00,0.0,False
2022-01-21 06:30:00,0.0,False
2022-01-21 06:40:00,0.0,False
2022-01-21 06:50:00,0.0,False
2022-01-21 07:00:00,0.0,False
2022-01-21 07:10:00,0.0,False
2022-01-21 07:20:00,0.0,False
2022-01-21 07:30:00,0.0,False
2022-01-21 07:40:00,0.0,False
2022-01-21 07:50:00,0.0,False
2022-01-21 08:00:00,0.0,False
2022-01-21 08:10:00,0.0,False
2022-01-21 08:20:00,0.0,False
2022-01-21 08:30:00,0.0,False
2022-01-21 08:40:00,0.0,False
2022-01-21 08:50:00,0.0,False
2022-01-21 09:00:00,0.0,False
2022-01-21 09:10:00,0.0,False
2022-01-21 09:20:00,0.0,False
2022-01-21 09:30:00,0.0,False
2022-01-21 09:40:00,,False
2022-01-21 09:50:00,0.0,False
2022-01-21 10:00:00,0.0,False
2022-01-21 10:10:00,0.0,False
2022-01-21 10:20:00,0.0,False
2022-01-21 10:30:00,0.0,False
2022-01-21 10:40:00,,False
2022-01-21 10:50:00,0.0,False
2022-01-21 11:00:00,0.0,False
2022-01-21 11:10:00,0.0,False
2022-01-21 11:20:00,0.0,False
2022-01-21 11:30:00,0.0,False
2022-01-21 11:40:00,0.0,False
2022-01-21 11:50:00,0.0,False
2022-01-21 12:00:00,,False
2022-01-21 12:10:00,0.0,False
2022-01-21 12:20:00,0.0,False
2022-01-21 12:30:00,0.0,False
2022-01-21 12:40:00,0.0,False
2022-01-21 12:50:00,0.0,False
2022-01-21 13:00:00,0.0,False
2022-01-21 13:10:00,0.0,False
2022-01-21 13:20:00,0.0,False
2022-01-21 13:30:00,0.0,False
2022-01-21 13:40:00,0.0,False
2022-01-21 13:50:00,0.0,False
2022-01-21 14:00:00,0.0,False
2022-01-21 14:10:00,0.0,False
2022-01-21 14:20:00,0.0,False
2022-01-21 14:30:00,0.0,False
2022-01-21 14:40:00,0.0,False
2022-01-21 14:50:00,0.0,False
2022-01-21 15:00:00,0.0,False
2022-01-21 15:10:00,0.0,False
2022-01-21 15:20:00,,False
2022-01-21 15:30:00,0.0,False
2022-01-21 15:40:00,0.0,False
2022-01-21 15:50:00,0.0,False
2022-01-21 16:00:00,0.0,False
2022-01-21 16:10:00,0.0,False
2022-01-21 16:20:00,0.0,False
2022-01-21 16:30:00,0.0,False
2022-01-21 16:40:00,0.0,False
2022-01-21 16:50:00,0.0,False
2022-01-21 17:00:00,0.0,False
2022-01-21 17:10:00,0.0,False
2022-01-21 17:20:00,0.0,False
2022-01-21 17:30:00,0.0,False
2022-01-21 17:40:00,,False
2022-01-21 17:50:00,0.0,False
2022-01-21 18:00:00,0.0,False
2022-01-21 18:10:00,0.0,False
2022-01-21 18:20:00,0.0,False
2022-01-21 18:30:00,0.0,False
2022-01-21 18:40:00,0.0,False
2022-01-21 18:50:00,0.0,False
2022-01-21 19:00:00,0.0,False
2022-01-21 19:10:00,0.0,False
2022-01-21 19:20:00,0.0,False
2022-01-21 19:30:00,0.0,False
2022-01-21 19:40:00,0.0,False
2022-01-21 19:50:00,0.0,False
2022-01-21 20:00:00,,False
2022-01-21 20:10:00,0.0,False
2022-01-21 20:20:00,0.0,False
2022-01-21 20:30:00,0.0,False
2022-01-21 20:40:00,0.0,False
2022-01-21 20:50:00,0.0,False
2022-01-21 21:00:00,0.0,False
2022-01-21 21:10:00,0.0,False
2022-01-21 21:20:00,0.0,False
2022-01-21 21:30:00,0.0,False
2022-01-21 21:40:00,0.0,False
2022-01-21 21:50:00,0.0,False
2022-01-21 22:00:00,0.0,False
2022-01-21 22:10:00,0.0,False
2022-01-21 22:20:00,0.0,False
2022-01-21 22:30:00,0.0,False
2022-01-21 22:40:00,0.0,False
2022-01-21 22:50:00,0.0,False
2022-01-21 23:00:00,0.0,False
2022-01-21 23:10:00,0.0,False
2022-01-21 23:20:00,0.0,False
2022-01-21 23:30:00,0.0,False
2022-01-21 23:40:00,0.0,False
2022-01-21 23:50:00,0.0,False
2022-01-22 00:00:00,,False
2022-01-22 00:10:00,0.0,False
2022-01-22 00:20:00,0.0,False
2022-01-22 00:30:00,0.0,False
2022-01-22 00:40:00,,False
2022-01-22 00:50:00,0.0,False
2022-01-22 01:00:00,0.0,False
2022-01-22 01:10:00,0.0,False
2022-01-22 01:20:00,0.0,False
2022-01-22 01:30:00,,False
2022-01-22 01:40:00,0.0,False
2022-01-22 01:50:00,0.0,False
2022-01-22 02:00:00,0.0,False
2022-01-22 02:10:00,0.0,False
2022-01-22 02:20:00,0.0,False
2022-01-22 02:30:00,0.0,False
2022-01-22 02:40:00,0.0,False
2022-01-22 02:50:00,0.0,False
2022-01-22 03:00:00,0.0,False
2022-01-22 03:10:00,0.0,False
2022-01-22 03:20:00,0.0,False
2022-01-22 03:30:00,0.0,False
2022-01-22 03:40:00,0.0,False
2022-01-22 03:50:00,,False
2022-01-22 04:00:00,0.0,False
2022-01-22 04:10:00,0.0,False
2022-01-22 04:20:00,0.0,False
2022-01-22 04:30:00,0.0,False
2022-01-22 04:40:00,0.0,False
2022-01-22 04:50:00,0.0,False
2022-01-22 05:00:00,0.0,False
2022-01-22 05:10:00,0.0,False
2022-01-22 05:20:00,0.0,False
2022-01-22 05:30:00,0.0,False
2022-01-22 05:40:00,0.0,False
2022-01-22 05:50:00,0.0,False
2022-01-22 06:00:00,0.0,False
2022-01-22 06:10:00,0.0,False
2022-01-22 06:20:00,0.0,False
2022-01-22 06:30:00,0.0,False
2022-01-22 06:40:00,0.0,False
2022-01-22 06:50:00,0.0,False
2022-01-22 07:00:00,0.0,False
2022-01-22 07:10:00,0.0,False
2022-01-22 07:20:00,0.0,False
2022-01-22 07:30:00,0.0,False
2022-01-22 07:40:00,0.0,False
2022-01-22 07:50:00,0.0,False
2022-01-22 08:00:00,0.0,False
2022-01-22 08:10:00,0.0,False
2022-01-22 08:20:00,0.0,False
2022-01-22 08:30:00,0.0,False
2022-01-22 08:40:00,0.0,False
2022-01-22 08:50:00,0.0,False
2022-01-22 09:00:00,0.0,False
2022-01-22 09:10:00,0.0,False
2022-01-22 09:20:00,0.0,False
2022-01-22 09:30:00,0.0,False
2022-01-22 09:40:00,0.0,False
2022-01-22 09:50:00,0.0,False
2022-01-22 10:00:00,0.0,False
2022-01-22 10:10:00,0.0,False
2022-01-22 10:20:00,0.0,False
2022-01-22 10:30:00,0.0,False
2022-01-22 10:40:00,0.0,False
2022-01-22 10:50:00,0.0,False
2022-01-22 11:00:00,0.0,False
2022-01-22 11:10:00,0.0,False
2022-01-22 11:20:00,0.0,False
2022-01-22 11:30:00,0.0,False
2022-01-22 11:40:00,0.0,False
2022-01-22 11:50:00,0.0,False
2022-01-22 12:00:00,0.0,False
2022-01-22 12:10:00,0.0,False
2022-01-22 12:20:00,0.0,False
2022-01-22 12:30:00,0.0,False
2022-01-22 12:40:00,0.0,False
2022-01-22 12:50:00,0.0,False
2022-01-22 13:00:00,0.0,False
2022-01-22 13:10:00,0.0,False
2022-01-22 13:20:00,0.0,False
2022-01-22 13:30:00,,False
2022-01-22 13:40:00,0.0,False
2022-01-22 13:50:00,0.0,False
2022-01-22 14:00:00,0.0,False
2022-01-22 14:10:00,0.0,False
2022-01-22 14:20:00,0.0,False
2022-01-22 14:30:00,0.0,False
2022-01-22 14:40:00,0.0,False
2022-01-22 14:50:00,0.0,False
2022-01-22 15:00:00,0.0,False
2022-01-22 15:10:00,0.0,False
2022-01-22 15:20:00,0.0,False
2022-01-22 15:30:00,0.0,False
2022-01-22 15:40:00,0.0,False
2022-01-22 15:50:00,0.0,False
2022-01-22 16:00:00,0.0,False
2022-01-22 16:10:00,0.0,False
2022-01-22 16:20:00,0.0,False
2022-01-22 16:30:00,0.0,False
2022-01-22 16:40:00,0.0,False
2022-01-22 16:50:00,0.0,False
2022-01-22 17:00:00,0.0,False
2022-01-22 17:10:00,0.0,False
2022-01-22 17:20:00,0.0,False
2022-01-22 17:30:00,0.0,False
2022-01-22 17:40:00,0.0,False
2022-01-22 17:50:00,0.0,False
2022-01-22 18:00:00,0.0,False
2022-01-22 18:10:00,0.0,False
2022-01-22 18:20:00,0.0,False
2022-01-22 18:30:00,0.0,False
2022-01-22 18:40:00,0.0,False
2022-01-22 18:50:00,0.0,False
2022-01-22 19:00:00,0.0,False
2022-01-22 19:10:00,,False
2022-01-22 19:20:00,0.0,False
2022-01-22 19:30:00,0.0,False
2022-01-22 19:40:00,0.0,False
2022-01-22 19:50:00,0.0,False
2022-01-22 20:00:00,,False
2022-01-22 20:10:00,0.0,False
2022-01-22 20:20:00,0.0,False
2022-01-22 20:30:00,0.0,False
2022-01-22 20:40:00,0.0,False
2022-01-22 20:50:00,0.0,False
2022-01-22 21:00:00,0.0,False
2022-01-22 21:10:00,0.0,False
2022-01-22 21:20:00,0.0,False
2022-01-22 21:30:00,0.0,False
2022-01-22 21:40:00,0.0,False
2022-01-22 21:50:00,0.0,False
2022-01-22 22:00:00,0.0,False
2022-01-22 22:10:00,0.0,False
2022-01-22 22:20:00,0.0,False
2022-01-22 22:30:00,0.0,False
2022-01-22 22:40:00,0.0,False
2022-01-22 22:50:00,0.0,False
2022-01-22 23:00:00,0.0,False
2022-01-22 23:10:00,0.0,False
2022-01-22 23:20:00,0.0,False
2022-01-22 23:30:00,0.0,False
2022-01-22 23:40:00,0.0,False
2022-01-22 23:50:00,,False
2022-01-23 00:00:00,0.0,False
2022-01-23 00:10:00,0.0,False
2022-01-23 00:20:00,0.0,False
2022-01-23 00:30:00,0.0,False
2022-01-23 00:40:00,0.0,False
2022-01-23 00:50:00,0.0,False
2022-01-23 01:00:00,0.0,False
2022-01-23 01:10:00,0.0,False
2022-01-23 01:20:00,0.0,False
2022-01-23 01:30:00,0.0,False
2022-01-23 01:40:00,0.0,False
2022-01-23 01:50:00,0.0,False
2022-01-23 02:00:00,0.0,False
2022-01-23 02:10:00,0.0,False
2022-01-23 02:20:00,0.0,False
2022-01-23 02:30:00,0.0,False
2022-01-23 02:40:00,0.0,False
2022-01-23 02:50:00,0.0,False
2022-01-23 03:00:00,0.0,False
2022-01-23 03:10:00,0.0,False
2022-01-23 03:20:00,0.0,False
2022-01-23 03:30:00,0.0,False
2022-01-23 03:40:00,0.0,False
2022-01-23 03:50:00,0.0,False
2022-01-23 04:00:00,0.0,False
2022-01-23 04:10:00,0.0,False
2022-01-23 04:20:00,0.0,False
2022-01-23 04:30:00,0.0,False
2022-01-23 04:40:00,0.0,False
2022-01-23 04:50:00,0.0,False
2022-01-23 05:00:00,0.0,False
2022-01-23 05:10:00,0.0,False
2022-01-23 05:20:00,0.0,False
2022-01-23 05:30:00,0.0,False
2022-01-23 05:40:00,0.0,False
2022-01-23 05:50:00,0.0,False
2022-01-23 06:00:00,0.0,False
2022-01-23 06:10:00,0.0,False
2022-01-23 06:20:00,0.0,False
2022-01-23 06:30:00,0.0,False
2022-01-23 06:40:00,0.0,False
2022-01-23 06:50:00,0.0,False
2022-01-23 07:00:00,0.0,False
2022-01-23 07:10:00,0.0,False
2022-01-23 07:20:00,0.0,False
2022-01-23 07:30:00,0.0,False
2022-01-23 07:40:00,0.0,False
2022-01-23 07:50:00,,False
2022-01-23 08:00:00,0.0,False
2022-01-23 08:10:00,0.0,False
2022-01-23 08:20:00,0.0,False
2022-01-23 08:30:00,0.0,False
2022-01-23 08:40:00,0.0,False
2022-01-23 08:50:00,0.0,False
2022-01-23 09:00:00,0.0,False
2022-01-23 09:10:00,0.0,False
2022-01-23 09:20:00,0.0,False
2022-01-23 09:30:00,0.0,False
2022-01-23 09:40:00,0.0,False
2022-01-23 09:50:00,0.0,False
2022-01-23 10:00:00,0.0,False
2022-01-23 10:10:00,0.0,False
2022-01-23 10:20:00,0.0,False
2022-01-23 10:30:00,0.0,False
2022-01-23 10:40:00,0.0,False
2022-01-23 10:50:00,0.0,False
2022-01-23 11:00:00,0.0,False
2022-01-23 11:10:00,0.0,False
2022-01-23 11:20:00,0.0,False
2022-01-23 11:30:00,0.0,False
2022-01-23 11:40:00,0.0,False
2022-01-23 11:50:00,0.0,False
2022-01-23 12:00:00,0.0,False
2022-01-23 12:10:00,0.0,False
2022-01-23 12:20:00,0.0,False
2022-01-23 12:30:00,0.0,False
2022-01-23 12:40:00,0.0,False
2022-01-23 12:50:00,0.0,False
2022-01-23 13:00:00,0.0,False
2022-01-23 13:10:00,0.0,False
2022-01-23 13:20:00,,False
2022-01-23 13:30:00,0.0,False
2022-01-23 13:40:00,0.0,False
2022-01-23 13:50:00,0.0,False
2022-01-23 14:00:00,0.0,False
2022-01-23 14:10:00,0.0,False
2022-01-23 14:20:00,0.0,False
2022-01-23 14:30:00,,False
2022-01-23 14:40:00,,False
2022-01-23 14:50:00,0.0,False
2022-01-23 15:00:00,0.0,False
2022-01-23 15:10:00,0.0,False
2022-01-23 15:20:00,0.0,False
2022-01-23 15:30:00,0.0,False
2022-01-23 15:40:00,0.0,False
2022-01-23 15:50:00,,False
2022-01-23 16:00:00,0.0,False
2022-01-23 16:10:00,0.0,False
2022-01-23 16:20:00,0.0,False
2022-01-23 16:30:00,0.0,False
2022-01-23 16:40:00,0.0,False
2022-01-23 16:50:00,0.0,False
2022-01-23 17:00:00,0.0,False
2022-01-23 17:10:00,0.0,False
2022-01-23 17:20:00,0.0,False
2022-01-23 17:30:00,0.0,False
2022-01-23 17:40:00,0.0,False
2022-01-23 17:50:00,0.0,False
2022-01-23 18:00:00,,False
2022-01-23 18:10:00,0.0,False
2022-01-23 18:20:00,0.0,False
2022-01-23 18:30:00,0.0,False
2022-01-23 18:40:00,0.0,False
2022-01-23 18:50:00,0.0,False
2022-01-23 19:00:00,0.0,False
2022-01-23 19:10:00,0.0,False
2022-01-23 19:20:00,0.0,False
2022-01-23 19:30:00,,False
2022-01-23 19:40:00,0.0,False
2022-01-23 19:50:00,0.0,False
2022-01-23 20:00:00,0.0,False
2022-01-23 20:10:00,0.0,False
2022-01-23 20:20:00,0.0,False
2022-01-23 20:30:00,0.0,False
2022-01-23 20:40:00,0.0,False
2022-01-23 20:50:00,0.0,False
2022-01-23 21:00:00,0.0,False
2022-01-23 21:10:00,0.0,False
2022-01-23 21:20:00,0.0,False
2022-01-23 21:30:00,0.0,False
2022-01-23 21:40:00,0.0,False
2022-01-23 21:50:00,0.0,False
2022-01-23 22:00:00,0.0,False
2022-01-23 22:10:00,0.0,False
2022-01-23 22:20:00,0.0,False
2022-01-23 22:30:00,0.0,False
2022-01-23 22:40:00,0.0,False
2022-01-23 22:50:00,0.0,False
2022-01-23 23:00:00,0.0,False
2022-01-23 23:10:00,0.0,False
2022-01-23 23:20:00,0.0,False
2022-01-23 23:30:00,0.0,False
2022-01-23 23:40:00,0.0,False
2022-01-23 23:50:00,0.0,False
2022-01-24 00:00:00,,False
2022-01-24 00:10:00,0.0,False
2022-01-24 00:20:00,0.0,False
2022-01-24 00:30:00,0.0,False
2022-01-24 00:40:00,0.0,False
2022-01-24 00:50:00,0.0,False
2022-01-24 01:00:00,0.0,False
2022-01-24 01:10:00,0.0,False
2022-01-24 01:20:00,0.0,False
2022-01-24 01:30:00,0.0,False
2022-01-24 01:40:00,0.0,False
2022-01-24 01:50:00,0.0,False
2022-01-24 02:00:00,0.0,False
2022-01-24 02:10:00,0.0,False
2022-01-24 02:20:00,0.0,False
2022-01-24 02:30:00,0.0,False
2022-01-24 02:40:00,0.0,False
2022-01-24 02:50:00,0.0,False
2022-01-24 03:00:00,0.0,False
2022-01-24 03:10:00,0.0,False
2022-01-24 03:20:00,0.0,False
2022-01-24 03:30:00,0.0,False
2022-01-24 03:40:00,0.0,False
2022-01-24 03:50:00,0.0,False
2022-01-24 04:00:00,0.0,False
2022-01-24 04:10:00,0.0,False
2022-01-24 04:20:00,0.0,False
2022-01-24 04:30:00,,False
2022-01-24 04:40:00,0.0,False
2022-01-24 04:50:00,0.0,False
2022-01-24 05:00:00,,False
2022-01-24 05:10:00,0.0,False
2022-01-24 05:20:00,0.0,False
2022-01-24 05:30:00,0.0,False
2022-01-24 05:40:00,0.0,False
2022-01-24 05:50:00,0.0,False
2022-01-24 06:00:00,0.0,False
2022-01-24 06:10:00,0.0,False
2022-01-24 06:20:00,,False
2022-01-24 06:30:00,0.0,False
2022-01-24 06:40:00,,False
2022-01-24 06:50:00,0.0,False
2022-01-24 07:00:00,0.0,False
2022-01-24 07:10:00,0.0,False
2022-01-24 07:20:00,,False
2022-01-24 07:30:00,,False
2022-01-24 07:40:00,0.0,False
2022-01-24 07:50:00,0.0,False
2022-01-24 08:00:00,0.0,False
2022-01-24 08:10:00,,False
2022-01-24 08:20:00,0.0,False
2022-01-24 08:30:00,0.0,False
2022-01-24 08:40:00,0.0,False
2022-01-24 08:50:00,0.0,False
2022-01-24 09:00:00,0.0,False
2022-01-24 09:10:00,0.0,False
2022-01-24 09:20:00,,False
2022-01-24 09:30:00,0.0,False
2022-01-24 09:40:00,0.0,False
2022-01-24 09:50:00,0.0,False
2022-01-24 10:00:00,0.0,False
2022-01-24 10:10:00,0.0,False
2022-01-24 10:20:00,0.0,False
2022-01-24 10:30:00,0.0,False
2022-01-24 10:40:00,0.0,False
2022-01-24 10:50:00,0.0,False
2022-01-24 11:00:00,0.0,False
2022-01-24 11:10:00,0.0,False
2022-01-24 11:20:00,0.0,False
2022-01-24 11:30:00,0.0,False
2022-01-24 11:40:00,0.0,False
2022-01-24 11:50:00,0.0,False
2022-01-24 12:00:00,0.0,False
2022-01-24 12:10:00,,False
2022-01-24 12:20:00,0.0,False
2022-01-24 12:30:00,0.0,False
2022-01-24 12:40:00,0.0,False
2022-01-24 12:50:00,0.0,False
2022-01-24 13:00:00,0.0,False
2022-01-24 13:10:00,0.0,False
2022-01-24 13:20:00,0.0,False
2022-01-24 13:30:00,0.0,False
2022-01-24 13:40:00,0.0,False
2022-01-24 13:50:00,0.0,False
2022-01-24 14:00:00,0.0,False
2022-01-24 14:10:00,0.0,False
2022-01-24 14:20:00,0.0,False
2022-01-24 14:30:00,0.0,False
2022-01-24 14:40:00,0.0,False
2022-01-24 14:50:00,0.0,False
2022-01-24 15:00:00,0.0,False
2022-01-24 15:10:00,0.0,False
2022-01-24 15:20:00,0.0,False
2022-01-24 15:30:00,0.0,False
2022-01-24 15:40:00,0.0,False
2022-01-24 15:50:00,0.0,False
2022-01-24 16:00:00,0.0,False
2022-01-24 16:10:00,0.0,False
2022-01-24 16:20:00,0.0,False
2022-01-24 16:30:00,0.0,False
2022-01-24 16:40:00,0.0,False
2022-01-24 16:50:00,0.0,False
2022-01-24 17:00:00,0.0,False
2022-01-24 17:10:00,0.0,False
2022-01-24 17:20:00,0.0,False
2022-01-24 17:30:00,0.0,False
2022-01-24 17:40:00,0.0,False
2022-01-24 17:50:00,0.0,False
2022-01-24 18:00:00,0.0,False
2022-01-24 18:10:00,0.0,False
2022-01-24 18:20:00,0.0,False
2022-01-24 18:30:00,0.0,False
2022-01-24 18:40:00,0.0,False
2022-01-24 18:50:00,0.0,False
2022-01-24 19:00:00,0.0,False
2022-01-24 19:10:00,0.0,False
2022-01-24 19:20:00,0.0,False
2022-01-24 19:30:00,0.0,False
2022-01-24 19:40:00,0.0,False
2022-01-24 19:50:00,0.0,False
2022-01-24 20:00:00,0.0,False
2022-01-24 20:10:00,0.0,False
2022-01-24 20:20:00,0.0,False
2022-01-24 20:30:00,,False
2022-01-24 20:40:00,0.0,False
2022-01-24 20:50:00,0.0,False
2022-01-24 21:00:00,0.0,False
2022-01-24 21:10:00,0.0,False
2022-01-24 21:20:00,0.0,False
2022-01-24 21:30:00,0.0,False
2022-01-24 21:40:00,0.0,False
2022-01-24 21:50:00,0.0,False
2022-01-24 22:00:00,0.0,False
2022-01-24 22:10:00,0.0,False
2022-01-24 22:20:00,0.0,False
2022-01-24 22:30:00,0.0,False
2022-01-24 22:40:00,0.0,False
2022-01-24 22:50:00,0.0,False
2022-01-24 23:00:00,0.0,False
2022-01-24 23:10:00,0.0,False
2022-01-24 23:20:00,0.0,False
2022-01-24 23:30:00,0.0,False
2022-01-24 23:40:00,0.0,False
2022-01-24 23:50:00,0.0,False
2022-01-25 00:00:00,0.0,False
2022-01-25 00:10:00,0.0,False
2022-01-25 00:20:00,0.0,False
2022-01-25 00:30:00,0.0,False
2022-01-25 00:40:00,0.0,False
2022-01-25 00:50:00,0.0,False
2022-01-25 01:00:00,0.0,False
2022-01-25 01:10:00,0.0,False
2022-01-25 01:20:00,0.0,False
2022-01-25 01:30:00,,False
2022-01-25 01:40:00,0.0,False
2022-01-25 01:50:00,0.0,False
2022-01-25 02:00:00,0.0,False
2022-01-25 02:10:00,0.0,False
2022-01-25 02:20:00,,False
2022-01-25 02:30:00,0.0,False
2022-01-25 02:40:00,0.0,False
2022-01-25 02:50:00,0.0,False
2022-01-25 03:00:00,0.0,False
2022-01-25 03:10:00,0.0,False
2022-01-25 03:20:00,0.0,False
2022-01-25 03:30:00,,False
2022-01-25 03:40:00,0.0,False
2022-01-25 03:50:00,0.0,False
2022-01-25 04:00:00,0.0,False
2022-01-25 04:10:00,0.0,False
2022-01-25 04:20:00,0.0,False
2022-01-25 04:30:00,0.0,False
2022-01-25 04:40:00,0.0,False
2022-01-25 04:50:00,0.0,False
2022-01-25 05:00:00,0.0,False
2022-01-25 05:10:00,0.0,False
2022-01-25 05:20:00,0.0,False
2022-01-25 05:30:00,0.0,False
2022-01-25 05:40:00,0.0,False
2022-01-25 05:50:00,0.0,False
2022-01-25 06:00:00,,False
2022-01-25 06:10:00,0.0,False
2022-01-25 06:20:00,0.0,False
2022-01-25 06:30:00,0.0,False
2022-01-25 06:40:00,0.0,False
2022-01-25 06:50:00,0.0,False
2022-01-25 07:00:00,0.0,False
2022-01-25 07:10:00,0.0,False
2022-01-25 07:20:00,0.0,False
2022-01-25 07:30:00,0.0,False
2022-01-25 07:40:00,0.0,False
2022-01-25 07:50:00,0.0,False
2022-01-25 08:00:00,0.0,False
2022-01-25 08:10:00,0.0,False
2022-01-25 08:20:00,0.0,False
2022-01-25 08:30:00,0.0,False
2022-01-25 08:40:00,0.0,False
2022-01-25 08:50:00,0.0,False
2022-01-25 09:00:00,0.0,False
2022-01-25 09:10:00,0.0,False
2022-01-25 09:20:00,0.0,False
2022-01-25 09:30:00,0.0,False
2022-01-25 09:40:00,0.0,False
2022-01-25 09:50:00,0.0,False
2022-01-25 10:00:00,0.0,False
2022-01-25 10:10:00,0.0,False
2022-01-25 10:20:00,0.0,False
2022-01-25 10:30:00,0.0,False
2022-01-25 10:40:00,0.0,False
2022-01-25 10:50:00,0.0,False
2022-01-25 11:00:00,0.0,False
2022-01-25 11:10:00,0.0,False
2022-01-25 11:20:00,0.0,False
2022-01-25 11:30:00,0.0,False
2022-01-25 11:40:00,0.0,False
2022-01-25 11:50:00,0.0,False
2022-01-25 12:00:00,0.0,False
2022-01-25 12:10:00,0.0,False
2022-01-25 12:20:00,,False
2022-01-25 12:30:00,0.0,False
2022-01-25 12:40:00,0.0,False
2022-01-25 12:50:00,0.0,False
2022-01-25 13:00:00,0.0,False
2022-01-25 13:10:00,0.0,False
2022-01-25 13:20:00,0.0,False
2022-01-25 13:30:00,0.0,False
2022-01-25 13:40:00,0.0,False
2022-01-25 13:50:00,0.0,False
2022-01-25 14:00:00,0.0,False
2022-01-25 14:10:00,0.0,False
2022-01-25 14:20:00,0.0,False
2022-01-25 14:30:00,0.0,False
2022-01-25 14:40:00,0.0,False
2022-01-25 14:50:00,0.0,False
2022-01-25 15:00:00,0.0,False
2022-01-25 15:10:00,0.0,False
2022-01-25 15:20:00,0.0,False
2022-01-25 15:30:00,0.0,False
2022-01-25 15:40:00,0.0,False
2022-01-25 15:50:00,0.0,False
2022-01-25 16:00:00,0.0,False
2022-01-25 16:10:00,0.0,False
2022-01-25 16:20:00,0.0,False
2022-01-25 16:30:00,0.0,False
2022-01-25 16:40:00,0.0,False
2022-01-25 16:50:00,0.0,False
2022-01-25 17:00:00,0.0,False
2022-01-25 17:10:00,0.0,False
2022-01-25 17:20:00,0.0,False
2022-01-25 17:30:00,,False
2022-01-25 17:40:00,0.0,False
2022-01-25 17:50:00,0.0,False
2022-01-25 18:00:00,0.0,False
2022-01-25 18:10:00,0.0,False
2022-01-25 18:20:00,0.0,False
2022-01-25 18:30:00,0.0,False
2022-01-25 18:40:00,0.0,False
2022-01-25 18:50:00,0.0,False
2022-01-25 19:00:00,,False
2022-01-25 19:10:00,0.0,False
2022-01-25 19:20:00,0.0,False
2022-01-25 19:30:00,0.0,False
2022-01-25 19:40:00,0.0,False
2022-01-25 19:50:00,0.0,False
2022-01-25 20:00:00,0.0,False
2022-01-25 20:10:00,0.0,False
2022-01-25 20:20:00,0.0,False
2022-01-25 20:30:00,0.0,False
2022-01-25 20:40:00,0.0,False
2022-01-25 20:50:00,0.0,False
2022-01-25 21:00:00,,False
2022-01-25 21:10:00,0.0,False
2022-01-25 21:20:00,0.0,False
2022-01-25 21:30:00,0.0,False
2022-01-25 21:40:00,0.0,False
2022-01-25 21:50:00,0.0,False
2022-01-25 22:00:00,0.0,False
2022-01-25 22:10:00,0.0,False
2022-01-25 22:20:00,0.0,False
2022-01-25 22:30:00,0.0,False
2022-01-25 22:40:00,0.0,False
2022-01-25 22:50:00,,False
2022-01-25 23:00:00,0.0,False
2022-01-25 23:10:00,0.0,False
2022-01-25 23:20:00,0.0,False
2022-01-25 23:30:00,0.0,False
2022-01-25 23:40:00,,False
2022-01-25 23:50:00,0.0,False
2022-01-26 00:00:00,0.0,False
2022-01-26 00:10:00,0.0,False
2022-01-26 00:20:00,0.0,False
2022-01-26 00:30:00,0.0,False
2022-01-26 00:40:00,0.0,False
2022-01-26 00:50:00,0.0,False
2022-01-26 01:00:00,0.0,False
2022-01-26 01:10:00,0.0,False
2022-01-26 01:20:00,0.0,False
2022-01-26 01:30:00,0.0,False
2022-01-26 01:40:00,0.0,False
2022-01-26 01:50:00,0.0,False
2022-01-26 02:00:00,0.0,False
2022-01-26 02:10:00,0.0,False
2022-01-26 02:20:00,0.0,False
2022-01-26 02:30:00,0.0,False
2022-01-26 02:40:00,0.0,False
2022-01-26 02:50:00,0.0,False
2022-01-26 03:00:00,0.0,False
2022-01-26 03:10:00,0.0,False
2022-01-26 03:20:00,0.0,False
2022-01-26 03:30:00,0.0,False
2022-01-26 03:40:00,0.0,False
2022-01-26 03:50:00,0.0,False
2022-01-26 04:00:00,0.0,False
2022-01-26 04:10:00,0.0,False
2022-01-26 04:20:00,0.0,False
2022-01-26 04:30:00,0.0,False
2022-01-26 04:40:00,0.0,False
2022-01-26 04:50:00,,False
2022-01-26 05:00:00,0.0,False
2022-01-26 05:10:00,0.0,False
2022-01-26 05:20:00,,False
2022-01-26 05:30:00,,False
2022-01-26 05:40:00,0.0,False
2022-01-26 05:50:00,0.0,False
2022-01-26 06:00:00,0.0,False
2022-01-26 06:10:00,0.0,False
2022-01-26 06:20:00,0.0,False
2022-01-26 06:30:00,0.0,False
2022-01-26 06:40:00,0.0,False
2022-01-26 06:50:00,0.0,False
2022-01-26 07:00:00,0.0,False
2022-01-26 07:10:00,0.0,False
2022-01-26 07:20:00,0.0,False
2022-01-26 07:30:00,0.0,False
2022-01-26 07:40:00,0.0,False
2022-01-26 07:50:00,0.0,False
2022-01-26 08:00:00,0.0,False
2022-01-26 08:10:00,0.0,False
2022-01-26 08:20:00,0.0,False
2022-01-26 08:30:00,0.0,False
2022-01-26 08:40:00,0.0,False
2022-01-26 08:50:00,0.0,False
2022-01-26 09:00:00,0.0,False
2022-01-26 09:10:00,0.0,False
2022-01-26 09:20:00,0.0,False
2022-01-26 09:30:00,0.0,False
2022-01-26 09:40:00,0.0,False
2022-01-26 09:50:00,0.0,False
2022-01-26 10:00:00,0.0,False
2022-01-26 10:10:00,0.0,False
2022-01-26 10:20:00,0.0,False
2022-01-26 10:30:00,0.0,False
2022-01-26 10:40:00,0.0,False
2022-01-26 10:50:00,0.0,False
2022-01-26 11:00:00,0.0,False
2022-01-26 11:10:00,0.0,False
2022-01-26 11:20:00,0.0,False
2022-01-26 11:30:00,0.0,False
2022-01-26 11:40:00,0.0,False
2022-01-26 11:50:00,0.0,False
2022-01-26 12:00:00,0.0,False
2022-01-26 12:10:00,0.0,False
2022-01-26 12:20:00,,False
2022-01-26 12:30:00,0.0,False
2022-01-26 12:40:00,0.0,False
2022-01-26 12:50:00,0.0,False
2022-01-26 13:00:00,0.0,False
2022-01-26 13:10:00,0.0,False
2022-01-26 13:20:00,0.0,False
2022-01-26 13:30:00,0.0,False
2022-01-26 13:40:00,0.0,False
2022-01-26 13:50:00,0.0,False
2022-01-26 14:00:00,0.0,False
2022-01-26 14:10:00,0.0,False
2022-01-26 14:20:00,0.0,False
2022-01-26 14:30:00,0.0,False
2022-01-26 14:40:00,0.0,False
2022-01-26 14:50:00,0.0,False
2022-01-26 15:00:00,0.0,False
2022-01-26 15:10:00,0.0,False
2022-01-26 15:20:00,0.0,False
2022-01-26 15:30:00,0.0,False
2022-01-26 15:40:00,0.0,False
2022-01-26 15:50:00,0.0,False
2022-01-26 16:00:00,0.0,False
2022-01-26 16:10:00,0.0,False
2022-01-26 16:20:00,0.0,False
2022-01-26 16:30:00,0.0,False
2022-01-26 16:40:00,0.0,False
2022-01-26 16:50:00,,False
2022-01-26 17:00:00,0.0,False
2022-01-26 17:10:00,0.0,False
2022-01-26 17:20:00,0.0,False
2022-01-26 17:30:00,0.0,False
2022-01-26 17:40:00,0.0,False
2022-01-26 17:50:00,0.0,False
2022-01-26 18:00:00,0.0,False
2022-01-26 18:10:00,0.0,False
2022-01-26 18:20:00,0.0,False
2022-01-26 18:30:00,0.0,False
2022-01-26 18:40:00,0.0,False
2022-01-26 18:50:00,0.0,False
2022-01-26 19:00:00,0.0,False
2022-01-26 19:10:00,0.0,False
2022-01-26 19:20:00,0.0,False
2022-01-26 19:30:00,0.0,False
2022-01-26 19:40:00,0.0,False
2022-01-26 19:50:00,0.0,False
2022-01-26 20:00:00,0.0,False
2022-01-26 20:10:00,0.0,False
2022-01-26 20:20:00,0.0,False
2022-01-26 20:30:00,0.0,False
2022-01-26 20:40:00,0.0,False
2022-01-26 20:50:00,0.0,False
2022-01-26 21:00:00,0.0,False
2022-01-26 21:10:00,0.0,False
2022-01-26 21:20:00,0.0,False
2022-01-26 21:30:00,0.0,False
2022-01-26 21:40:00,0.0,False
2022-01-26 21:50:00,0.0,False
2022-01-26 22:00:00,0.0,False
2022-01-26 22:10:00,0.0,False
2022-01-26 22:20:00,0.0,False
2022-01-26 22:30:00,0.0,False
2022-01-26 22:40:00,0.0,False
2022-01-26 22:50:00,0.0,False
2022-01-26 23:00:00,0.0,False
2022-01-26 23:10:00,0.0,False
2022-01-26 23:20:00,0.0,False
2022-01-26 23:30:00,0.0,False
2022-01-26 23:40:00,0.0,False
2022-01-26 23:50:00,0.0,False
2022-01-27 00:00:00,0.0,False
2022-01-27 00:10:00,,False
2022-01-27 00:20:00,0.0,False
2022-01-27 00:30:00,0.0,False
2022-01-27 00:40:00,0.0,False
2022-01-27 00:50:00,0.0,False
2022-01-27 01:00:00,0.0,False
2022-01-27 01:10:00,0.0,False
2022-01-27 01:20:00,0.0,False
2022-01-27 01:30:00,0.0,False
2022-01-27 01:40:00,0.0,False
2022-01-27 01:50:00,0.0,False
2022-01-27 02:00:00,0.0,False
2022-01-27 02:10:00,0.0,False
2022-01-27 02:20:00,0.0,False
2022-01-27 02:30:00,0.0,False
2022-01-27 02:40:00,,False
2022-01-27 02:50:00,0.0,False
2022-01-27 03:00:00,0.0,False
2022-01-27 03:10:00,,False
2022-01-27 03:20:00,0.0,False
2022-01-27 03:30:00,0.0,False
2022-01-27 03:40:00,0.0,False
2022-01-27 03:50:00,0.0,False
2022-01-27 04:00:00,0.0,False
2022-01-27 04:10:00,0.0,False
2022-01-27 04:20:00,0.0,False
2022-01-27 04:30:00,0.0,False
2022-01-27 04:40:00,0.0,False
2022-01-27 04:50:00,0.0,False
2022-01-27 05:00:00,0.0,False
2022-01-27 05:10:00,0.0,False
2022-01-27 05:20:00,0.0,False
2022-01-27 05:30:00,,False
2022-01-27 05:40:00,0.0,False
2022-01-27 05:50:00,0.0,False
2022-01-27 06:00:00,0.0,False
2022-01-27 06:10:00,0.0,False
2022-01-27 06:20:00,0.0,False
2022-01-27 06:30:00,0.0,False
2022-01-27 06:40:00,0.0,False
2022-01-27 06:50:00,0.0,False
2022-01-27 07:00:00,0.0,False
2022-01-27 07:10:00,0.0,False
2022-01-27 07:20:00,0.0,False
2022-01-27 07:30:00,0.0,False
2022-01-27 07:40:00,0.0,False
2022-01-27 07:50:00,0.0,False
2022-01-27 08:00:00,0.0,False
2022-01-27 08:10:00,0.0,False
2022-01-27 08:20:00,0.0,False
2022-01-27 08:30:00,0.0,False
2022-01-27 08:40:00,0.0,False
2022-01-27 08:50:00,0.0,False
2022-01-27 09:00:00,0.0,False
2022-01-27 09:10:00,0.0,False
2022-01-27 09:20:00,0.0,False
2022-01-27 09:30:00,0.0,False
2022-01-27 09:40:00,0.0,False
2022-01-27 09:50:00,0.0,False
2022-01-27 10:00:00,0.0,False
2022-01-27 10:10:00,0.0,False
2022-01-27 10:20:00,0.0,False
2022-01-27 10:30:00,0.0,False
2022-01-27 10:40:00,0.0,False
2022-01-27 10:50:00,0.0,False
2022-01-27 11:00:00,0.0,False
2022-01-27 11:10:00,0.0,False
2022-01-27 11:20:00,,False
2022-01-27 11:30:00,0.0,False
2022-01-27 11:40:00,0.0,False
2022-01-27 11:50:00,0.0,False
2022-01-27 12:00:00,0.0,False
2022-01-27 12:10:00,0.0,False
2022-01-27 12:20:00,0.0,False
2022-01-27 12:30:00,0.0,False
2022-01-27 12:40:00,0.0,False
2022-01-27 12:50:00,0.0,False
2022-01-27 13:00:00,0.0,False
2022-01-27 13:10:00,0.0,False
2022-01-27 13:20:00,0.0,False
2022-01-27 13:30:00,0.0,False
2022-01-27 13:40:00,0.0,False
2022-01-27 13:50:00,,False
2022-01-27 14:00:00,0.0,False
2022-01-27 14:10:00,0.0,False
2022-01-27 14:20:00,0.0,False
2022-01-27 14:30:00,0.0,False
2022-01-27 14:40:00,0.0,False
2022-01-27 14:50:00,0.0,False
2022-01-27 15:00:00,0.0,False
2022-01-27 15:10:00,0.0,False
2022-01-27 15:20:00,0.0,False
2022-01-27 15:30:00,0.0,False
2022-01-27 15:40:00,0.0,False
2022-01-27 15:50:00,0.0,False
2022-01-27 16:00:00,0.0,False
2022-01-27 16:10:00,0.0,False
2022-01-27 16:20:00,0.0,False
2022-01-27 16:30:00,0.0,False
2022-01-27 16:40:00,0.0,False
2022-01-27 16:50:00,0.0,False
2022-01-27 17:00:00,0.0,False
2022-01-27 17:10:00,0.0,False
2022-01-27 17:20:00,0.0,False
2022-01-27 17:30:00,0.0,False
2022-01-27 17:40:00,,False
2022-01-27 17:50:00,0.0,False
2022-01-27 18:00:00,0.0,False
2022-01-27 18:10:00,0.0,False
2022-01-27 18:20:00,0.0,False
2022-01-27 18:30:00,0.0,False
2022-01-27 18:40:00,0.0,False
2022-01-27 18:50:00,0.0,False
2022-01-27 19:00:00,0.0,False
2022-01-27 19:10:00,0.0,False
2022-01-27 19:20:00,0.0,False
2022-01-27 19:30:00,0.0,False
2022-01-27 19:40:00,0.0,False
2022-01-27 19:50:00,0.0,False
2022-01-27 20:00:00,0.0,False
2022-01-27 20:10:00,0.0,False
2022-01-27 20:20:00,0.0,False
2022-01-27 20:30:00,0.0,False
2022-01-27 20:40:00,0.0,False
2022-01-27 20:50:00,0.0,False
2022-01-27 21:00:00,0.0,False
2022-01-27 21:10:00,0.0,False
2022-01-27 21:20:00,0.0,False
2022-01-27 21:30:00,0.0,False
2022-01-27 21:40:00,0.0,False
2022-01-27 21:50:00,0.0,False
2022-01-27 22:00:00,0.0,False
2022-01-27 22:10:00,0.0,False
2022-01-27 22:20:00,0.0,False
2022-01-27 22:30:00,0.0,False
2022-01-27 22:40:00,0.0,False
2022-01-27 22:50:00,0.0,False
2022-01-27 23:00:00,0.0,False
2022-01-27 23:10:00,0.0,False
2022-01-27 23:20:00,0.0,False
2022-01-27 23:30:00,0.0,False
2022-01-27 23:40:00,0.0,False
2022-01-27 23:50:00,0.0,False
2022-01-28 00:00:00,0.0,False
2022-01-28 00:10:00,0.0,False
2022-01-28 00:20:00,0.0,False
2022-01-28 00:30:00,0.0,False
2022-01-28 00:40:00,0.0,False
2022-01-28 00:50:00,0.0,False
2022-01-28 01:00:00,0.0,False
2022-01-28 01:10:00,0.0,False
2022-01-28 01:20:00,0.0,False
2022-01-28 01:30:00,0.0,False
2022-01-28 01:40:00,0.0,False
2022-01-28 01:50:00,0.0,False
2022-01-28 02:00:00,0.0,False
2022-01-28 02:10:00,0.0,False
2022-01-28 02:20:00,0.0,False
2022-01-28 02:30:00,0.0,False
2022-01-28 02:40:00,0.0,False
2022-01-28 02:50:00,,False
2022-01-28 03:00:00,0.0,False
2022-01-28 03:10:00,0.0,False
2022-01-28 03:20:00,0.0,False
2022-01-28 03:30:00,0.0,False
2022-01-28 03:40:00,0.0,False
2022-01-28 03:50:00,0.0,False
2022-01-28 04:00:00,0.0,False
2022-01-28 04:10:00,0.0,False
2022-01-28 04:20:00,0.0,False
2022-01-28 04:30:00,0.0,False
2022-01-28 04:40:00,0.0,False
2022-01-28 04:50:00,0.0,False
2022-01-28 05:00:00,0.0,False
2022-01-28 05:10:00,0.0,False
2022-01-28 05:20:00,0.0,False
2022-01-28 05:30:00,0.0,False
2022-01-28 05:40:00,0.0,False
2022-01-28 05:50:00,0.0,False
2022-01-28 06:00:00,0.0,False
2022-01-28 06:10:00,0.0,False
2022-01-28 06:20:00,0.0,False
2022-01-28 06:30:00,0.0,False
2022-01-28 06:40:00,0.0,False
2022-01-28 06:50:00,0.0,False
2022-01-28 07:00:00,0.0,False
2022-01-28 07:10:00,0.0,False
2022-01-28 07:20:00,0.0,False
2022-01-28 07:30:00,0.0,False
2022-01-28 07:40:00,0.0,False
2022-01-28 07:50:00,0.0,False
2022-01-28 08:00:00,,False
2022-01-28 08:10:00,0.0,False
2022-01-28 08:20:00,0.0,False
2022-01-28 08:30:00,0.0,False
2022-01-28 08:40:00,0.0,False
2022-01-28 08:50:00,0.0,False
2022-01-28 09:00:00,0.0,False
2022-01-28 09:10:00,0.0,False
2022-01-28 09:20:00,0.0,False
2022-01-28 09:30:00,0.0,False
2022-01-28 09:40:00,0.0,False
2022-01-28 09:50:00,0.0,False
2022-01-28 10:00:00,0.0,False
2022-01-28 10:10:00,0.0,False
2022-01-28 10:20:00,0.0,False
2022-01-28 10:30:00,0.0,False
2022-01-28 10:40:00,0.0,False
2022-01-28 10:50:00,0.0,False
2022-01-28 11:00:00,0.0,False
2022-01-28 11:10:00,0.0,False
2022-01-28 11:20:00,0.0,False
2022-01-28 11:30:00,0.0,False
2022-01-28 11:40:00,0.0,False
2022-01-28 11:50:00,0.0,False
2022-01-28 12:00:00,0.0,False
2022-01-28 12:10:00,0.0,False
2022-01-28 12:20:00,0.0,False
2022-01-28 12:30:00,0.0,False
2022-01-28 12:40:00,0.0,False
2022-01-28 12:50:00,0.0,False
2022-01-28 13:00:00,0.0,False
2022-01-28 13:10:00,0.0,False
2022-01-28 13:20:00,0.0,False
2022-01-28 13:30:00,0.0,False
2022-01-28 13:40:00,0.0,False
2022-01-28 13:50:00,0.0,False
2022-01-28 14:00:00,0.0,False
2022-01-28 14:10:00,0.0,False
2022-01-28 14:20:00,,False
2022-01-28 14:30:00,0.0,False
2022-01-28 14:40:00,0.0,False
2022-01-28 14:50:00,0.0,False
2022-01-28 15:00:00,0.0,False
2022-01-28 15:10:00,0.0,False
2022-01-28 15:20:00,0.0,False
2022-01-28 15:30:00,0.0,False
2022-01-28 15:40:00,0.0,False
2022-01-28 15:50:00,0.0,False
2022-01-28 16:00:00,0.0,False
2022-01-28 16:10:00,0.0,False
2022-01-28 16:20:00,0.0,False
2022-01-28 16:30:00,0.0,False
2022-01-28 16:40:00,0.0,False
2022-01-28 16:50:00,0.0,False
2022-01-28 17:00:00,0.0,False
2022-01-28 17:10:00,0.0,False
2022-01-28 17:20:00,0.0,False
2022-01-28 17:30:00,0.0,False
2022-01-28 17:40:00,0.0,False
2022-01-28 17:50:00,0.0,False
2022-01-28 18:00:00,0.0,False
2022-01-28 18:10:00,0.0,False
2022-01-28 18:20:00,0.0,False
2022-01-28 18:30:00,0.0,False
2022-01-28 18:40:00,0.0,False
2022-01-28 18:50:00,0.0,False
2022-01-28 19:00:00,0.0,False
2022-01-28 19:10:00,0.0,False
2022-01-28 19:20:00,0.0,False
2022-01-28 19:30:00,,False
2022-01-28 19:40:00,0.0,False
2022-01-28 19:50:00,0.0,False
2022-01-28 20:00:00,0.0,False
2022-01-28 20:10:00,0.0,False
2022-01-28 20:20:00,0.0,False
2022-01-28 20:30:00,0.0,False
2022-01-28 20:40:00,0.0,False
2022-01-28 20:50:00,0.0,False
2022-01-28 21:00:00,0.0,False
2022-01-28 21:10:00,0.0,False
2022-01-28 21:20:00,0.0,False
2022-01-28 21:30:00,,False
2022-01-28 21:40:00,0.0,False
2022-01-28 21:50:00,0.0,False
2022-01-28 22:00:00,0.0,False
2022-01-28 22:10:00,0.0,False
2022-01-28 22:20:00,0.0,False
2022-01-28 22:30:00,0.0,False
2022-01-28 22:40:00,0.0,False
2022-01-28 22:50:00,0.0,False
2022-01-28 23:00:00,0.0,False
2022-01-28 23:10:00,0.0,False
2022-01-28 23:20:00,0.0,False
2022-01-28 23:30:00,0.0,False
2022-01-28 23:40:00,0.0,False
2022-01-28 23:50:00,,False
2022-01-29 00:00:00,0.0,False
2022-01-29 00:10:00,0.0,False
2022-01-29 00:20:00,0.0,False
2022-01-29 00:30:00,0.0,False
2022-01-29 00:40:00,0.0,False
2022-01-29 00:50:00,0.0,False
2022-01-29 01:00:00,0.0,False
2022-01-29 01:10:00,0.0,False
2022-01-29 01:20:00,0.0,False
2022-01-29 01:30:00,0.0,False
2022-01-29 01:40:00,0.0,False
2022-01-29 01:50:00,0.0,False
2022-01-29 02:00:00,0.0,False
2022-01-29 02:10:00,0.0,False
2022-01-29 02:20:00,0.0,False
2022-01-29 02:30:00,0.0,False
2022-01-29 02:40:00,0.0,False
2022-01-29 02:50:00,,False
2022-01-29 03:00:00,0.0,False
2022-01-29 03:10:00,0.0,False
2022-01-29 03:20:00,0.0,False
2022-01-29 03:30:00,0.0,False
2022-01-29 03:40:00,0.0,False
2022-01-29 03:50:00,0.0,False
2022-01-29 04:00:00,0.0,False
2022-01-29 04:10:00,0.0,False
2022-01-29 04:20:00,0.0,False
2022-01-29 04:30:00,0.0,False
2022-01-29 04:40:00,0.0,False
2022-01-29 04:50:00,0.0,False
2022-01-29 05:00:00,0.0,False
2022-01-29 05:10:00,0.0,False
2022-01-29 05:20:00,0.0,False
2022-01-29 05:30:00,0.0,False
2022-01-29 05:40:00,0.0,False
2022-01-29 05:50:00,0.0,False
2022-01-29 06:00:00,0.0,False
2022-01-29 06:10:00,0.0,False
2022-01-29 06:20:00,0.0,False
2022-01-29 06:30:00,0.0,False
2022-01-29 06:40:00,0.0,False
2022-01-29 06:50:00,0.0,False
2022-01-29 07:00:00,0.0,False
2022-01-29 07:10:00,0.0,False
2022-01-29 07:20:00,0.0,False
2022-01-29 07:30:00,0.0,False
2022-01-29 07:40:00,0.0,False
2022-01-29 07:50:00,0.0,False
2022-01-29 08:00:00,0.0,False
2022-01-29 08:10:00,0.0,False
2022-01-29 08:20:00,0.0,False
2022-01-29 08:30:00,0.0,False
2022-01-29 08:40:00,0.0,False
2022-01-29 08:50:00,0.0,False
2022-01-29 09:00:00,0.0,False
2022-01-29 09:10:00,0.0,False
2022-01-29 09:20:00,0.0,False
2022-01-29 09:30:00,0.0,False
2022-01-29 09:40:00,0.0,False
2022-01-29 09:50:00,0.0,False
2022-01-29 10:00:00,0.0,False
2022-01-29 10:10:00,0.0,False
2022-01-29 10:20:00,,False
2022-01-29 10:30:00,0.0,False
2022-01-29 10:40:00,0.0,False
2022-01-29 10:50:00,0.0,False
2022-01-29 11:00:00,0.0,False
2022-01-29 11:10:00,0.0,False
2022-01-29 11:20:00,0.0,False
2022-01-29 11:30:00,0.0,False
2022-01-29 11:40:00,0.0,False
2022-01-29 11:50:00,0.0,False
2022-01-29 12:00:00,0.0,False
2022-01-29 12:10:00,0.0,False
2022-01-29 12:20:00,0.0,False
2022-01-29 12:30:00,0.0,False
2022-01-29 12:40:00,0.0,False
2022-01-29 12:50:00,0.0,False
2022-01-29 13:00:00,0.0,False
2022-01-29 13:10:00,0.0,False
2022-01-29 13:20:00,0.0,False
2022-01-29 13:30:00,0.0,False
2022-01-29 13:40:00,0.0,False
2022-01-29 13:50:00,0.0,False
2022-01-29 14:00:00,0.0,False
2022-01-29 14:10:00,0.0,False
2022-01-29 14:20:00,0.0,False
2022-01-29 14:30:00,0.0,False
2022-01-29 14:40:00,0.0,False
2022-01-29 14:50:00,0.0,False
2022-01-29 15:00:00,0.0,False
2022-01-29 15:10:00,,False
2022-01-29 15:20:00,0.0,False
2022-01-29 15:30:00,0.0,False
2022-01-29 15:40:00,0.0,False
2022-01-29 15:50:00,0.0,False
2022-01-29 16:00:00,0.0,False
2022-01-29 16:10:00,0.0,False
2022-01-29 16:20:00,0.0,False
2022-01-29 16:30:00,0.0,False
2022-01-29 16:40:00,0.0,False
2022-01-29 16:50:00,0.0,False
2022-01-29 17:00:00,0.0,False
2022-01-29 17:10:00,0.0,False
2022-01-29 17:20:00,0.0,False
2022-01-29 17:30:00,0.0,False
2022-01-29 17:40:00,0.0,False
2022-01-29 17:50:00,0.0,False
2022-01-29 18:00:00,0.0,False
2022-01-29 18:10:00,0.0,False
2022-01-29 18:20:00,0.0,False
2022-01-29 18:30:00,0.0,False
2022-01-29 18:40:00,0.0,False
2022-01-29 18:50:00,0.0,False
2022-01-29 19:00:00,0.0,False
2022-01-29 19:10:00,0.0,False
2022-01-29 19:20:00,0.0,False
2022-01-29 19:30:00,0.0,False
2022-01-29 19:40:00,0.0,False
2022-01-29 19:50:00,0.0,False
2022-01-29 20:00:00,0.0,False
2022-01-29 20:10:00,0.0,False
2022-01-29 20:20:00,0.0,False
2022-01-29 20:30:00,0.0,False
2022-01-29 20:40:00,0.0,False
2022-01-29 20:50:00,0.0,False
2022-01-29 21:00:00,0.0,False
2022-01-29 21:10:00,0.0,False
2022-01-29 21:20:00,0.0,False
2022-01-29 21:30:00,0.0,False
2022-01-29 21:40:00,,False
2022-01-29 21:50:00,0.0,False
2022-01-29 22:00:00,0.0,False
2022-01-29 22:10:00,0.0,False
2022-01-29 22:20:00,0.0,False
2022-01-29 22:30:00,0.0,False
2022-01-29 22:40:00,0.0,False
2022-01-29 22:50:00,0.0,False
2022-01-29 23:00:00,0.0,False
2022-01-29 23:10:00,0.0,False
2022-01-29 23:20:00,0.0,False
2022-01-29 23:30:00,,False
2022-01-29 23:40:00,0.0,False
2022-01-29 23:50:00,0.0,False
2022-01-30 00:00:00,0.0,False
2022-01-30 00:10:00,0.0,False
2022-01-30 00:20:00,0.0,False
2022-01-30 00:30:00,0.0,False
2022-01-30 00:40:00,0.0,False
2022-01-30 00:50:00,0.0,False
2022-01-30 01:00:00,0.0,False
2022-01-30 01:10:00,0.0,False
2022-01-30 01:20:00,0.0,False
2022-01-30 01:30:00,0.0,False
2022-01-30 01:40:00,0.0,False
2022-01-30 01:50:00,0.0,False
2022-01-30 02:00:00,0.0,False
2022-01-30 02:10:00,0.0,False
2022-01-30 02:20:00,0.0,False
2022-01-30 02:30:00,,False
2022-01-30 02:40:00,0.0,False
2022-01-30 02:50:00,0.0,False
2022-01-30 03:00:00,0.0,False
2022-01-30 03:10:00,,False
2022-01-30 03:20:00,0.0,False
2022-01-30 03:30:00,0.0,False
2022-01-30 03:40:00,0.0,False
2022-01-30 03:50:00,0.0,False
2022-01-30 04:00:00,0.0,False
2022-01-30 04:10:00,0.0,False
2022-01-30 04:20:00,0.0,False
2022-01-30 04:30:00,,False
2022-01-30 04:40:00,0.0,False
2022-01-30 04:50:00,0.0,False
2022-01-30 05:00:00,0.0,False
2022-01-30 05:10:00,,False
2022-01-30 05:20:00,0.0,False
2022-01-30 05:30:00,0.0,False
2022-01-30 05:40:00,0.0,False
2022-01-30 05:50:00,0.0,False
2022-01-30 06:00:00,0.0,False
2022-01-30 06:10:00,0.0,False
2022-01-30 06:20:00,0.0,False
2022-01-30 06:30:00,0.0,False
2022-01-30 06:40:00,0.0,False
2022-01-30 06:50:00,0.0,False
2022-01-30 07:00:00,0.0,False
2022-01-30 07:10:00,0.0,False
2022-01-30 07:20:00,0.0,False
2022-01-30 07:30:00,0.0,False
2022-01-30 07:40:00,0.0,False
2022-01-30 07:50:00,0.0,False
2022-01-30 08:00:00,0.0,False
2022-01-30 08:10:00,0.0,False
2022-01-30 08:20:00,0.0,False
2022-01-30 08:30:00,0.0,False
2022-01-30 08:40:00,0.0,False
2022-01-30 08:50:00,0.0,False
2022-01-30 09:00:00,0.0,False
2022-01-30 09:10:00,0.0,False
2022-01-30 09:20:00,0.0,False
2022-01-30 09:30:00,0.0,False
2022-01-30 09:40:00,0.0,False
2022-01-30 09:50:00,0.0,False
2022-01-30 10:00:00,0.0,False
2022-01-30 10:10:00,0.0,False
2022-01-30 10:20:00,0.0,False
2022-01-30 10:30:00,0.0,False
2022-01-30 10:40:00,0.0,False
2022-01-30 10:50:00,0.0,False
2022-01-30 11:00:00,0.0,False
2022-01-30 11:10:00,0.0,False
2022-01-30 11:20:00,0.0,False
2022-01-30 11:30:00,0.0,False
2022-01-30 11:40:00,0.0,False
2022-01-30 11:50:00,0.0,False
2022-01-30 12:00:00,0.0,False
2022-01-30 12:10:00,0.0,False
2022-01-30 12:20:00,0.0,False
2022-01-30 12:30:00,0.0,False
2022-01-30 12:40:00,0.0,False
2022-01-30 12:50:00,0.0,False
2022-01-30 13:00:00,0.0,False
2022-01-30 13:10:00,0.0,False
2022-01-30 13:20:00,0.0,False
2022-01-30 13:30:00,0.0,False
2022-01-30 13:40:00,0.0,False
2022-01-30 13:50:00,0.0,False
2022-01-30 14:00:00,0.0,False
2022-01-30 14:10:00,0.0,False
2022-01-30 14:20:00,0.0,False
2022-01-30 14:30:00,0.0,False
2022-01-30 14:40:00,0.0,False
2022-01-30 14:50:00,0.0,False
2022-01-30 15:00:00,0.0,False
2022-01-30 15:10:00,0.0,False
2022-01-30 15:20:00,,False
2022-01-30 15:30:00,0.0,False
2022-01-30 15:40:00,0.0,False
2022-01-30 15:50:00,0.0,False
2022-01-30 16:00:00,,False
2022-01-30 16:10:00,0.0,False
2022-01-30 16:20:00,0.0,False
2022-01-30 16:30:00,0.0,False
2022-01-30 16:40:00,0.0,False
2022-01-30 16:50:00,0.0,False
2022-01-30 17:00:00,0.0,False
2022-01-30 17:10:00,0.0,False
2022-01-30 17:20:00,0.0,False
2022-01-30 17:30:00,0.0,False
2022-01-30 17:40:00,0.0,False
2022-01-30 17:50:00,0.0,False
2022-01-30 18:00:00,0.0,False
2022-01-30 18:10:00,0.0,False
2022-01-30 18:20:00,0.0,False
2022-01-30 18:30:00,,False
2022-01-30 18:40:00,0.0,False
2022-01-30 18:50:00,0.0,False
2022-01-30 19:00:00,0.0,False
2022-01-30 19:10:00,0.0,False
2022-01-30 19:20:00,0.0,False
2022-01-30 19:30:00,0.0,False
2022-01-30 19:40:00,0.0,False
2022-01-30 19:50:00,0.0,False
2022-01-30 20:00:00,0.0,False
2022-01-30 20:10:00,0.0,False
2022-01-30 20:20:00,0.0,False
2022-01-30 20:30:00,0.0,False
2022-01-30 20:40:00,0.0,False
2022-01-30 20:50:00,0.0,False
2022-01-30 21:00:00,0.0,False
2022-01-30 21:10:00,0.0,False
2022-01-30 21:20:00,0.0,False
2022-01-30 21:30:00,0.0,False
2022-01-30 21:40:00,0.0,False
2022-01-30 21:50:00,0.0,False
2022-01-30 22:00:00,0.0,False
2022-01-30 22:10:00,0.0,False
2022-01-30 22:20:00,0.0,False
2022-01-30 22:30:00,0.0,False
2022-01-30 22:40:00,,False
2022-01-30 22:50:00,0.0,False
2022-01-30 23:00:00,0.0,False
2022-01-30 23:10:00,0.0,False
2022-01-30 23:20:00,,False
2022-01-30 23:30:00,0.0,False
2022-01-30 23:40:00,0.0,False
2022-01-30 23:50:00,0.0,False
2022-01-31 00:00:00,0.0,False
2022-01-31 00:10:00,0.0,False
2022-01-31 00:20:00,0.0,False
2022-01-31 00:30:00,0.0,False
2022-01-31 00:40:00,0.0,False
2022-01-31 00:50:00,0.0,False
2022-01-31 01:00:00,,False
2022-01-31 01:10:00,0.0,False
2022-01-31 01:20:00,0.0,False
2022-01-31 01:30:00,0.0,False
2022-01-31 01:40:00,,False
2022-01-31 01:50:00,0.0,False
2022-01-31 02:00:00,0.0,False
2022-01-31 02:10:00,0.0,False
2022-01-31 02:20:00,0.0,False
2022-01-31 02:30:00,0.0,False
2022-01-31 02:40:00,0.0,False
2022-01-31 02:50:00,0.0,False
2022-01-31 03:00:00,0.0,False
2022-01-31 03:10:00,0.0,False
2022-01-31 03:20:00,0.0,False
2022-01-31 03:30:00,0.0,False
2022-01-31 03:40:00,0.0,False
2022-01-31 03:50:00,0.0,False
2022-01-31 04:00:00,0.0,False
2022-01-31 04:10:00,0.0,False
2022-01-31 04:20:00,0.0,False
2022-01-31 04:30:00,0.0,False
2022-01-31 04:40:00,0.0,False
2022-01-31 04:50:00,0.0,False
2022-01-31 05:00:00,0.0,False
2022-01-31 05:10:00,0.0,False
2022-01-31 05:20:00,0.0,False
2022-01-31 05:30:00,0.0,False
2022-01-31 05:40:00,0.0,False
2022-01-31 05:50:00,0.0,False
2022-01-31 06:00:00,0.0,False
2022-01-31 06:10:00,0.0,False
2022-01-31 06:20:00,0.0,False
2022-01-31 06:30:00,0.0,False
2022-01-31 06:40:00,0.0,False
2022-01-31 06:50:00,,False
2022-01-31 07:00:00,0.0,False
2022-01-31 07:10:00,0.0,False
2022-01-31 07:20:00,0.0,False
2022-01-31 07:30:00,0.0,False
2022-01-31 07:40:00,0.0,False
2022-01-31 07:50:00,0.0,False
2022-01-31 08:00:00,0.0,False
2022-01-31 08:10:00,0.0,False
2022-01-31 08:20:00,0.0,False
2022-01-31 08:30:00,0.0,False
2022-01-31 08:40:00,0.0,False
2022-01-31 08:50:00,0.0,False
2022-01-31 09:00:00,0.0,False
2022-01-31 09:10:00,0.0,False
2022-01-31 09:20:00,0.0,False
2022-01-31 09:30:00,0.0,False
2022-01-31 09:40:00,0.0,False
2022-01-31 09:50:00,0.0,False
2022-01-31 10:00:00,0.0,False
2022-01-31 10:10:00,0.0,False
2022-01-31 10:20:00,0.0,False
2022-01-31 10:30:00,0.0,False
2022-01-31 10:40:00,0.0,False
2022-01-31 10:50:00,0.0,False
2022-01-31 11:00:00,,False
2022-01-31 11:10:00,0.0,False
2022-01-31 11:20:00,0.0,False
2022-01-31 11:30:00,0.0,False
2022-01-31 11:40:00,0.0,False
2022-01-31 11:50:00,0.0,False
2022-01-31 12:00:00,0.0,False
2022-01-31 12:10:00,0.0,False
2022-01-31 12:20:00,0.0,False
2022-01-31 12:30:00,0.0,False
2022-01-31 12:40:00,0.0,False
2022-01-31 12:50:00,0.0,False
2022-01-31 13:00:00,0.0,False
2022-01-31 13:10:00,0.0,False
2022-01-31 13:20:00,0.0,False
2022-01-31 13:30:00,,False
2022-01-31 13:40:00,0.0,False
2022-01-31 13:50:00,0.0,False
2022-01-31 14:00:00,0.0,False
2022-01-31 14:10:00,0.0,False
2022-01-31 14:20:00,0.0,False
2022-01-31 14:30:00,0.0,False
2022-01-31 14:40:00,0.0,False
2022-01-31 14:50:00,0.0,False
2022-01-31 15:00:00,0.0,False
2022-01-31 15:10:00,0.0,False
2022-01-31 15:20:00,0.0,False
2022-01-31 15:30:00,,False
2022-01-31 15:40:00,0.0,False
2022-01-31 15:50:00,0.0,False
2022-01-31 16:00:00,0.0,False
2022-01-31 16:10:00,0.0,False
2022-01-31 16:20:00,0.0,False
2022-01-31 16:30:00,0.0,False
2022-01-31 16:40:00,0.0,False
2022-01-31 16:50:00,0.0,False
2022-01-31 17:00:00,0.0,False
2022-01-31 17:10:00,0.0,False
2022-01-31 17:20:00,0.0,False
2022-01-31 17:30:00,0.0,False
2022-01-31 17:40:00,0.0,False
2022-01-31 17:50:00,0.0,False
2022-01-31 18:00:00,0.0,False
2022-01-31 18:10:00,0.0,False
2022-01-31 18:20:00,0.0,False
2022-01-31 18:30:00,0.0,False
2022-01-31 18:40:00,0.0,False
2022-01-31 18:50:00,,False
2022-01-31 19:00:00,0.0,False
2022-01-31 19:10:00,0.0,False
2022-01-31 19:20:00,0.0,False
2022-01-31 19:30:00,0.0,False
2022-01-31 19:40:00,0.0,False
2022-01-31 19:50:00,0.0,False
2022-01-31 20:00:00,0.0,False
2022-01-31 20:10:00,0.0,False
2022-01-31 20:20:00,0.0,False
2022-01-31 20:30:00,,False
2022-01-31 20:40:00,0.0,False
2022-01-31 20:50:00,0.0,False
2022-01-31 21:00:00,0.0,False
2022-01-31 21:10:00,0.0,False
2022-01-31 21:20:00,0.0,False
2022-01-31 21:30:00,0.0,False
2022-01-31 21:40:00,0.0,False
2022-01-31 21:50:00,0.0,False
2022-01-31 22:00:00,,False
2022-01-31 22:10:00,0.0,False
2022-01-31 22:20:00,0.0,False
2022-01-31 22:30:00,0.0,False
2022-01-31 22:40:00,0.0,False
2022-01-31 22:50:00,0.0,False
2022-01-31 23:00:00,0.0,False
2022-01-31 23:10:00,0.0,False
2022-01-31 23:20:00,0.0,False
2022-01-31 23:30:00,0.0,False
2022-01-31 23:40:00,0.0,False
2022-01-31 23:50:00,0.0,False
2022-02-01 00:00:00,0.0,False
2022-02-01 00:10:00,0.0,False
2022-02-01 00:20:00,0.0,False
2022-02-01 00:30:00,0.0,False
2022-02-01 00:40:00,0.0,False
2022-02-01 00:50:00,0.0,False
2022-02-01 01:00:00,0.0,False
2022-02-01 01:10:00,0.0,False
2022-02-01 01:20:00,0.0,False
2022-02-01 01:30:00,0.0,False
2022-02-01 01:40:00,0.0,False
2022-02-01 01:50:00,0.0,False
2022-02-01 02:00:00,0.0,False
2022-02-01 02:10:00,0.0,False
2022-02-01 02:20:00,0.0,False
2022-02-01 02:30:00,0.0,False
2022-02-01 02:40:00,0.0,False
2022-02-01 02:50:00,,False
2022-02-01 03:00:00,0.0,False
2022-02-01 03:10:00,0.0,False
2022-02-01 03:20:00,0.0,False
2022-02-01 03:30:00,0.0,False
2022-02-01 03:40:00,0.0,False
2022-02-01 03:50:00,0.0,False
2022-02-01 04:00:00,0.0,False
2022-02-01 04:10:00,0.0,False
2022-02-01 04:20:00,0.0,False
2022-02-01 04:30:00,0.0,False
2022-02-01 04:40:00,0.0,False
2022-02-01 04:50:00,0.0,False
2022-02-01 05:00:00,0.0,False
2022-02-01 05:10:00,0.0,False
2022-02-01 05:20:00,0.0,False
2022-02-01 05:30:00,0.0,False
2022-02-01 05:40:00,0.0,False
2022-02-01 05:50:00,0.0,False
2022-02-01 06:00:00,0.0,False
2022-02-01 06:10:00,0.0,False
2022-02-01 06:20:00,,False
2022-02-01 06:30:00,0.0,False
2022-02-01 06:40:00,0.0,False
2022-02-01 06:50:00,0.0,False
2022-02-01 07:00:00,0.0,False
2022-02-01 07:10:00,,False
2022-02-01 07:20:00,0.0,False
2022-02-01 07:30:00,0.0,False
2022-02-01 07:40:00,0.0,False
2022-02-01 07:50:00,0.0,False
2022-02-01 08:00:00,0.0,False
2022-02-01 08:10:00,0.0,False
2022-02-01 08:20:00,0.0,False
2022-02-01 08:30:00,0.0,False
2022-02-01 08:40:00,0.0,False
2022-02-01 08:50:00,0.0,False
2022-02-01 09:00:00,0.0,False
2022-02-01 09:10:00,0.0,False
2022-02-01 09:20:00,0.0,False
2022-02-01 09:30:00,0.0,False
2022-02-01 09:40:00,0.0,False
2022-02-01 09:50:00,,False
2022-02-01 10:00:00,0.0,False
2022-02-01 10:10:00,0.0,False
2022-02-01 10:20:00,0.0,False
2022-02-01 10:30:00,0.0,False
2022-02-01 10:40:00,0.0,False
2022-02-01 10:50:00,0.0,False
2022-02-01 11:00:00,0.0,False
2022-02-01 11:10:00,0.0,False
2022-02-01 11:20:00,0.0,False
2022-02-01 11:30:00,0.0,False
2022-02-01 11:40:00,0.0,False
2022-02-01 11:50:00,0.0,False
2022-02-01 12:00:00,0.0,False
2022-02-01 12:10:00,0.0,False
2022-02-01 12:20:00,0.0,False
2022-02-01 12:30:00,0.0,False
2022-02-01 12:40:00,0.0,False
2022-02-01 12:50:00,0.0,False
2022-02-01 13:00:00,0.0,False
2022-02-01 13:10:00,0.0,False
2022-02-01 13:20:00,0.0,False
2022-02-01 13:30:00,0.0,False
2022-02-01 13:40:00,0.0,False
2022-02-01 13:50:00,0.0,False
2022-02-01 14:00:00,,False
2022-02-01 14:10:00,0.0,False
2022-02-01 14:20:00,0.0,False
2022-02-01 14:30:00,0.0,False
2022-02-01 14:40:00,0.0,False
2022-02-01 14:50:00,0.0,False
2022-02-01 15:00:00,0.0,False
2022-02-01 15:10:00,,False
2022-02-01 15:20:00,0.0,False
2022-02-01 15:30:00,0.0,False
2022-02-01 15:40:00,0.0,False
2022-02-01 15:50:00,0.0,False
2022-02-01 16:00:00,,False
2022-02-01 16:10:00,0.0,False
2022-02-01 16:20:00,0.0,False
2022-02-01 16:30:00,0.0,False
2022-02-01 16:40:00,0.0,False
2022-02-01 16:50:00,0.0,False
2022-02-01 17:00:00,,False
2022-02-01 17:10:00,0.0,False
2022-02-01 17:20:00,0.0,False
2022-02-01 17:30:00,0.0,False
2022-02-01 17:40:00,0.0,False
2022-02-01 17:50:00,0.0,False
2022-02-01 18:00:00,0.0,False
2022-02-01 18:10:00,0.0,False
2022-02-01 18:20:00,0.0,False
2022-02-01 18:30:00,0.0,False
2022-02-01 18:40:00,0.0,False
2022-02-01 18:50:00,0.0,False
2022-02-01 19:00:00,0.0,False
2022-02-01 19:10:00,0.0,False
2022-02-01 19:20:00,0.0,False
2022-02-01 19:30:00,0.0,False
2022-02-01 19:40:00,0.0,False
2022-02-01 19:50:00,0.0,False
2022-02-01 20:00:00,0.0,False
2022-02-01 20:10:00,0.0,False
2022-02-01 20:20:00,0.0,False
2022-02-01 20:30:00,0.0,False
2022-02-01 20:40:00,0.0,False
2022-02-01 20:50:00,0.0,False
2022-02-01 21:00:00,0.0,False
2022-02-01 21:10:00,0.0,False
2022-02-01 21:20:00,0.0,False
2022-02-01 21:30:00,0.0,False
2022-02-01 21:40:00,0.0,False
2022-02-01 21:50:00,,False
2022-02-01 22:00:00,0.0,False
2022-02-01 22:10:00,0.0,False
2022-02-01 22:20:00,0.0,False
2022-02-01 22:30:00,0.0,False
2022-02-01 22:40:00,0.0,False
2022-02-01 22:50:00,,False
2022-02-01 23:00:00,0.0,False
2022-02-01 23:10:00,0.0,False
2022-02-01 23:20:00,0.0,False
2022-02-01 23:30:00,0.0,False
2022-02-01 23:40:00,0.0,False
2022-02-01 23:50:00,0.0,False
2022-02-02 00:00:00,0.0,False
2022-02-02 00:10:00,0.0,False
2022-02-02 00:20:00,0.0,False
2022-02-02 00:30:00,0.0,False
2022-02-02 00:40:00,0.0,False
2022-02-02 00:50:00,0.0,False
2022-02-02 01:00:00,0.0,False
2022-02-02 01:10:00,0.0,False
2022-02-02 01:20:00,0.0,False
2022-02-02 01:30:00,0.0,False
2022-02-02 01:40:00,0.0,False
2022-02-02 01:50:00,0.0,False
2022-02-02 02:00:00,0.0,False
2022-02-02 02:10:00,0.0,False
2022-02-02 02:20:00,0.0,False
2022-02-02 02:30:00,0.0,False
2022-02-02 02:40:00,0.0,False
2022-02-02 02:50:00,0.0,False
2022-02-02 03:00:00,0.0,False
2022-02-02 03:10:00,0.0,False
2022-02-02 03:20:00,0.0,False
2022-02-02 03:30:00,0.0,False
2022-02-02 03:40:00,0.0,False
2022-02-02 03:50:00,0.0,False
2022-02-02 04:00:00,0.0,False
2022-02-02 04:10:00,0.0,False
2022-02-02 04:20:00,0.0,False
2022-02-02 04:30:00,0.0,False
2022-02-02 04:40:00,0.0,False
2022-02-02 04:50:00,0.0,False
2022-02-02 05:00:00,0.0,False
2022-02-02 05:10:00,0.0,False
2022-02-02 05:20:00,0.0,False
2022-02-02 05:30:00,0.0,False
2022-02-02 05:40:00,0.0,False
2022-02-02 05:50:00,0.0,False
2022-02-02 06:00:00,0.0,False
2022-02-02 06:10:00,0.0,False
2022-02-02 06:20:00,0.0,False
2022-02-02 06:30:00,0.0,False
2022-02-02 06:40:00,0.0,False
2022-02-02 06:50:00,0.0,False
2022-02-02 07:00:00,0.0,False
2022-02-02 07:10:00,0.0,False
2022-02-02 07:20:00,0.0,False
2022-02-02 07:30:00,0.0,False
2022-02-02 07:40:00,0.0,False
2022-02-02 07:50:00,0.0,False
2022-02-02 08:00:00,0.0,False
2022-02-02 08:10:00,0.0,False
2022-02-02 08:20:00,0.0,False
2022-02-02 08:30:00,0.0,False
2022-02-02 08:40:00,0.0,False
2022-02-02 08:50:00,0.0,False
2022-02-02 09:00:00,0.0,False
2022-02-02 09:10:00,0.0,False
2022-02-02 09:20:00,0.0,False
2022-02-02 09:30:00,0.0,False
2022-02-02 09:40:00,0.0,False
2022-02-02 09:50:00,0.0,False
2022-02-02 10:00:00,0.0,False
2022-02-02 10:10:00,0.0,False
2022-02-02 10:20:00,0.0,False
2022-02-02 10:30:00,0.0,False
2022-02-02 10:40:00,0.0,False
2022-02-02 10:50:00,0.0,False
2022-02-02 11:00:00,0.0,False
2022-02-02 11:10:00,0.0,False
2022-02-02 11:20:00,0.0,False
2022-02-02 11:30:00,0.0,False
2022-02-02 11:40:00,0.0,False
2022-02-02 11:50:00,0.0,False
2022-02-02 12:00:00,0.0,False
2022-02-02 12:10:00,0.0,False
2022-02-02 12:20:00,0.0,False
2022-02-02 12:30:00,0.0,False
2022-02-02 12:40:00,0.0,False
2022-02-02 12:50:00,0.0,False
2022-02-02 13:00:00,0.0,False
2022-02-02 13:10:00,0.0,False
2022-02-02 13:20:00,0.0,False
2022-02-02 13:30:00,0.0,False
2022-02-02 13:40:00,0.0,False
2022-02-02 13:50:00,0.0,False
2022-02-02 14:00:00,0.0,False
2022-02-02 14:10:00,0.0,False
2022-02-02 14:20:00,0.0,False
2022-02-02 14:30:00,,False
2022-02-02 14:40:00,0.0,False
2022-02-02 14:50:00,0.0,False
2022-02-02 15:00:00,0.0,False
2022-02-02 15:10:00,0.0,False
2022-02-02 15:20:00,0.0,False
2022-02-02 15:30:00,0.0,False
2022-02-02 15:40:00,0.0,False
2022-02-02 15:50:00,0.0,False
2022-02-02 16:00:00,0.0,False
2022-02-02 16:10:00,0.0,False
2022-02-02 16:20:00,0.0,False
2022-02-02 16:30:00,0.0,False
2022-02-02 16:40:00,,False
2022-02-02 16:50:00,0.0,False
2022-02-02 17:00:00,0.0,False
2022-02-02 17:10:00,0.0,False
2022-02-02 17:20:00,0.0,False
2022-02-02 17:30:00,0.0,False
2022-02-02 17:40:00,0.0,False
2022-02-02 17:50:00,0.0,False
2022-02-02 18:00:00,0.0,False
2022-02-02 18:10:00,0.0,False
2022-02-02 18:20:00,0.0,False
2022-02-02 18:30:00,0.0,False
2022-02-02 18:40:00,0.0,False
2022-02-02 18:50:00,0.0,False
2022-02-02 19:00:00,,False
2022-02-02 19:10:00,0.0,False
2022-02-02 19:20:00,0.0,False
2022-02-02 19:30:00,0.0,False
2022-02-02 19:40:00,0.0,False
2022-02-02 19:50:00,0.0,False
2022-02-02 20:00:00,0.0,False
2022-02-02 20:10:00,0.0,False
2022-02-02 20:20:00,0.0,False
2022-02-02 20:30:00,0.0,False
2022-02-02 20:40:00,,False
2022-02-02 20:50:00,0.0,False
2022-02-02 21:00:00,0.0,False
2022-02-02 21:10:00,0.0,False
2022-02-02 21:20:00,0.0,False
2022-02-02 21:30:00,0.0,False
2022-02-02 21:40:00,0.0,False
2022-02-02 21:50:00,0.0,False
2022-02-02 22:00:00,0.0,False
2022-02-02 22:10:00,0.0,False
2022-02-02 22:20:00,,False
2022-02-02 22:30:00,0.0,False
2022-02-02 22:40:00,0.0,False
2022-02-02 22:50:00,0.0,False
2022-02-02 23:00:00,0.0,False
2022-02-02 23:10:00,0.0,False
2022-02-02 23:20:00,0.0,False
2022-02-02 23:30:00,0.0,False
2022-02-02 23:40:00,0.0,False
2022-02-02 23:50:00,0.0,False
2022-02-03 00:00:00,0.0,False
2022-02-03 00:10:00,0.0,False
2022-02-03 00:20:00,0.0,False
2022-02-03 00:30:00,0.0,False
2022-02-03 00:40:00,0.0,False
2022-02-03 00:50:00,0.0,False
2022-02-03 01:00:00,0.0,False
2022-02-03 01:10:00,0.0,False
2022-02-03 01:20:00,0.0,False
2022-02-03 01:30:00,,False
2022-02-03 01:40:00,0.0,False
2022-02-03 01:50:00,0.0,False
2022-02-03 02:00:00,0.0,False
2022-02-03 02:10:00,0.0,False
2022-02-03 02:20:00,0.0,False
2022-02-03 02:30:00,0.0,False
2022-02-03 02:40:00,0.0,False
2022-02-03 02:50:00,0.0,False
2022-02-03 03:00:00,0.0,False
2022-02-03 03:10:00,0.0,False
2022-02-03 03:20:00,0.0,False
2022-02-03 03:30:00,0.0,False
2022-02-03 03:40:00,0.0,False
2022-02-03 03:50:00,0.0,False
2022-02-03 04:00:00,0.0,False
2022-02-03 04:10:00,0.0,False
2022-02-03 04:20:00,0.0,False
2022-02-03 04:30:00,0.0,False
2022-02-03 04:40:00,0.0,False
2022-02-03 04:50:00,0.0,False
2022-02-03 05:00:00,0.0,False
2022-02-03 05:10:00,0.0,False
2022-02-03 05:20:00,0.0,False
2022-02-03 05:30:00,0.0,False
2022-02-03 05:40:00,0.0,False
2022-02-03 05:50:00,0.0,False
2022-02-03 06:00:00,0.0,False
2022-02-03 06:10:00,,False
2022-02-03 06:20:00,0.0,False
2022-02-03 06:30:00,0.0,False
2022-02-03 06:40:00,0.0,False
2022-02-03 06:50:00,0.0,False
2022-02-03 07:00:00,0.0,False
2022-02-03 07:10:00,0.0,False
2022-02-03 07:20:00,0.0,False
2022-02-03 07:30:00,,False
2022-02-03 07:40:00,0.0,False
2022-02-03 07:50:00,,False
2022-02-03 08:00:00,0.0,False
2022-02-03 08:10:00,0.0,False
2022-02-03 08:20:00,0.0,False
2022-02-03 08:30:00,0.0,False
2022-02-03 08:40:00,0.0,False
2022-02-03 08:50:00,0.0,False
2022-02-03 09:00:00,0.0,False
2022-02-03 09:10:00,,False
2022-02-03 09:20:00,0.0,False
2022-02-03 09:30:00,0.0,False
2022-02-03 09:40:00,0.0,False
2022-02-03 09:50:00,0.0,False
2022-02-03 10:00:00,0.0,False
2022-02-03 10:10:00,0.0,False
2022-02-03 10:20:00,0.0,False
2022-02-03 10:30:00,0.0,False
2022-02-03 10:40:00,0.0,False
2022-02-03 10:50:00,0.0,False
2022-02-03 11:00:00,0.0,False
2022-02-03 11:10:00,0.0,False
2022-02-03 11:20:00,0.0,False
2022-02-03 11:30:00,0.0,False
2022-02-03 11:40:00,0.0,False
2022-02-03 11:50:00,0.0,False
2022-02-03 12:00:00,0.0,False
2022-02-03 12:10:00,0.0,False
2022-02-03 12:20:00,0.0,False
2022-02-03 12:30:00,0.0,False
2022-02-03 12:40:00,0.0,False
2022-02-03 12:50:00,0.0,False
2022-02-03 13:00:00,0.0,False
2022-02-03 13:10:00,0.0,False
2022-02-03 13:20:00,0.0,False
2022-02-03 13:30:00,0.0,False
2022-02-03 13:40:00,0.0,False
2022-02-03 13:50:00,0.0,False
2022-02-03 14:00:00,0.0,False
2022-02-03 14:10:00,0.0,False
2022-02-03 14:20:00,0.0,False
2022-02-03 14:30:00,0.0,False
2022-02-03 14:40:00,0.0,False
2022-02-03 14:50:00,0.0,False
2022-02-03 15:00:00,,False
2022-02-03 15:10:00,0.0,False
2022-02-03 15:20:00,0.0,False
2022-02-03 15:30:00,0.0,False
2022-02-03 15:40:00,0.0,False
2022-02-03 15:50:00,0.0,False
2022-02-03 16:00:00,0.0,False
2022-02-03 16:10:00,0.0,False
2022-02-03 16:20:00,0.0,False
2022-02-03 16:30:00,0.0,False
2022-02-03 16:40:00,0.0,False
2022-02-03 16:50:00,0.0,False
2022-02-03 17:00:00,0.0,False
2022-02-03 17:10:00,0.0,False
2022-02-03 17:20:00,0.0,False
2022-02-03 17:30:00,0.0,False
2022-02-03 17:40:00,0.0,False
2022-02-03 17:50:00,0.0,False
2022-02-03 18:00:00,0.0,False
2022-02-03 18:10:00,0.0,False
2022-02-03 18:20:00,0.0,False
2022-02-03 18:30:00,0.0,False
2022-02-03 18:40:00,0.0,False
2022-02-03 18:50:00,0.0,False
2022-02-03 19:00:00,0.0,False
2022-02-03 19:10:00,0.0,False
2022-02-03 19:20:00,0.0,False
2022-02-03 19:30:00,0.0,False
2022-02-03 19:40:00,0.0,False
2022-02-03 19:50:00,0.0,False
2022-02-03 20:00:00,0.0,False
2022-02-03 20:10:00,0.0,False
2022-02-03 20:20:00,0.0,False
2022-02-03 20:30:00,0.0,False
2022-02-03 20:40:00,0.0,False
2022-02-03 20:50:00,0.0,False
2022-02-03 21:00:00,0.0,False
2022-02-03 21:10:00,0.0,False
2022-02-03 21:20:00,0.0,False
2022-02-03 21:30:00,0.0,False
2022-02-03 21:40:00,0.0,False
2022-02-03 21:50:00,,False
2022-02-03 22:00:00,0.0,False
2022-02-03 22:10:00,0.0,False
2022-02-03 22:20:00,0.0,False
2022-02-03 22:30:00,0.0,False
2022-02-03 22:40:00,0.0,False
2022-02-03 22:50:00,0.0,False
2022-02-03 23:00:00,0.0,False
2022-02-03 23:10:00,0.0,False
2022-02-03 23:20:00,,False
2022-02-03 23:30:00,,False
2022-02-03 23:40:00,0.0,False
2022-02-03 23:50:00,0.0,False
2022-02-04 00:00:00,0.0,False
2022-02-04 00:10:00,0.0,False
2022-02-04 00:20:00,0.0,False
2022-02-04 00:30:00,0.0,False
2022-02-04 00:40:00,0.0,False
2022-02-04 00:50:00,0.0,False
2022-02-04 01:00:00,0.0,False
2022-02-04 01:10:00,0.0,False
2022-02-04 01:20:00,0.0,False
2022-02-04 01:30:00,0.0,False
2022-02-04 01:40:00,0.0,False
2022-02-04 01:50:00,0.0,False
2022-02-04 02:00:00,0.0,False
2022-02-04 02:10:00,0.0,False
2022-02-04 02:20:00,0.0,False
2022-02-04 02:30:00,0.0,False
2022-02-04 02:40:00,0.0,False
2022-02-04 02:50:00,0.0,False
2022-02-04 03:00:00,0.0,False
2022-02-04 03:10:00,0.0,False
2022-02-04 03:20:00,0.0,False
2022-02-04 03:30:00,0.0,False
2022-02-04 03:40:00,0.0,False
2022-02-04 03:50:00,0.0,False
2022-02-04 04:00:00,0.0,False
2022-02-04 04:10:00,,False
2022-02-04 04:20:00,0.0,False
2022-02-04 04:30:00,0.0,False
2022-02-04 04:40:00,0.0,False
2022-02-04 04:50:00,0.0,False
2022-02-04 05:00:00,0.0,False
2022-02-04 05:10:00,,False
2022-02-04 05:20:00,,False
2022-02-04 05:30:00,0.0,False
2022-02-04 05:40:00,0.0,False
2022-02-04 05:50:00,0.0,False
2022-02-04 06:00:00,0.0,False
2022-02-04 06:10:00,0.0,False
2022-02-04 06:20:00,0.0,False
2022-02-04 06:30:00,0.0,False
2022-02-04 06:40:00,0.0,False
2022-02-04 06:50:00,0.0,False
2022-02-04 07:00:00,0.0,False
2022-02-04 07:10:00,0.0,False
2022-02-04 07:20:00,0.0,False
2022-02-04 07:30:00,0.0,False
2022-02-04 07:40:00,0.0,False
2022-02-04 07:50:00,0.0,False
2022-02-04 08:00:00,0.0,False
2022-02-04 08:10:00,0.0,False
2022-02-04 08:20:00,0.0,False
2022-02-04 08:30:00,0.0,False
2022-02-04 08:40:00,0.0,False
2022-02-04 08:50:00,0.0,False
2022-02-04 09:00:00,0.0,False
2022-02-04 09:10:00,0.0,False
2022-02-04 09:20:00,0.0,False
2022-02-04 09:30:00,0.0,False
2022-02-04 09:40:00,0.0,False
2022-02-04 09:50:00,0.0,False
2022-02-04 10:00:00,0.0,False
2022-02-04 10:10:00,0.0,False
2022-02-04 10:20:00,,False
2022-02-04 10:30:00,0.0,False
2022-02-04 10:40:00,0.0,False
2022-02-04 10:50:00,0.0,False
2022-02-04 11:00:00,0.0,False
2022-02-04 11:10:00,0.0,False
2022-02-04 11:20:00,0.0,False
2022-02-04 11:30:00,0.0,False
2022-02-04 11:40:00,0.0,False
2022-02-04 11:50:00,0.0,False
2022-02-04 12:00:00,0.0,False
2022-02-04 12:10:00,0.0,False
2022-02-04 12:20:00,0.0,False
2022-02-04 12:30:00,0.0,False
2022-02-04 12:40:00,0.0,False
2022-02-04 12:50:00,0.0,False
2022-02-04 13:00:00,0.0,False
2022-02-04 13:10:00,0.0,False
2022-02-04 13:20:00,0.0,False
2022-02-04 13:30:00,0.0,False
2022-02-04 13:40:00,0.0,False
2022-02-04 13:50:00,0.0,False
2022-02-04 14:00:00,0.0,False
2022-02-04 14:10:00,0.0,False
2022-02-04 14:20:00,0.0,False
2022-02-04 14:30:00,0.0,False
2022-02-04 14:40:00,0.0,False
2022-02-04 14:50:00,0.0,False
2022-02-04 15:00:00,0.0,False
2022-02-04 15:10:00,0.0,False
2022-02-04 15:20:00,0.0,False
2022-02-04 15:30:00,0.0,False
2022-02-04 15:40:00,0.0,False
2022-02-04 15:50:00,0.0,False
2022-02-04 16:00:00,0.0,False
2022-02-04 16:10:00,0.0,False
2022-02-04 16:20:00,0.0,False
2022-02-04 16:30:00,0.0,False
2022-02-04 16:40:00,0.0,False
2022-02-04 16:50:00,0.0,False
2022-02-04 17:00:00,0.0,False
2022-02-04 17:10:00,0.0,False
2022-02-04 17:20:00,0.0,False
2022-02-04 17:30:00,0.0,False
2022-02-04 17:40:00,0.0,False
2022-02-04 17:50:00,0.0,False
2022-02-04 18:00:00,0.0,False
2022-02-04 18:10:00,0.0,False
2022-02-04 18:20:00,0.0,False
2022-02-04 18:30:00,0.0,False
2022-02-04 18:40:00,0.0,False
2022-02-04 18:50:00,0.0,False
2022-02-04 19:00:00,0.0,False
2022-02-04 19:10:00,0.0,False
2022-02-04 19:20:00,0.0,False
2022-02-04 19:30:00,,False
2022-02-04 19:40:00,0.0,False
2022-02-04 19:50:00,,False
2022-02-04 20:00:00,0.0,False
2022-02-04 20:10:00,0.0,False
2022-02-04 20:20:00,0.0,False
2022-02-04 20:30:00,0.0,False
2022-02-04 20:40:00,0.0,False
2022-02-04 20:50:00,0.0,False
2022-02-04 21:00:00,0.0,False
2022-02-04 21:10:00,0.0,False
2022-02-04 21:20:00,0.0,False
2022-02-04 21:30:00,0.0,False
2022-02-04 21:40:00,0.0,False
2022-02-04 21:50:00,0.0,False
2022-02-04 22:00:00,0.0,False
2022-02-04 22:10:00,0.0,False
2022-02-04 22:20:00,0.0,False
2022-02-04 22:30:00,0.0,False
2022-02-04 22:40:00,0.0,False
2022-02-04 22:50:00,0.0,False
2022-02-04 23:00:00,0.0,False
2022-02-04 23:10:00,0.0,False
2022-02-04 23:20:00,0.0,False
2022-02-04 23:30:00,0.0,False
2022-02-04 23:40:00,0.0,False
2022-02-04 23:50:00,0.0,False
2022-02-05 00:00:00,0.0,False
2022-02-05 00:10:00,0.0,False
2022-02-05 00:20:00,0.0,False
2022-02-05 00:30:00,0.0,False
2022-02-05 00:40:00,0.0,False
2022-02-05 00:50:00,0.0,False
2022-02-05 01:00:00,0.0,False
2022-02-05 01:10:00,0.0,False
2022-02-05 01:20:00,0.0,False
2022-02-05 01:30:00,0.0,False
2022-02-05 01:40:00,0.0,False
2022-02-05 01:50:00,0.0,False
2022-02-05 02:00:00,0.0,False
2022-02-05 02:10:00,0.0,False
2022-02-05 02:20:00,0.0,False
2022-02-05 02:30:00,0.0,False
2022-02-05 02:40:00,0.0,False
2022-02-05 02:50:00,0.0,False
2022-02-05 03:00:00,0.0,False
2022-02-05 03:10:00,0.0,False
2022-02-05 03:20:00,0.0,False
2022-02-05 03:30:00,0.0,False
2022-02-05 03:40:00,0.0,False
2022-02-05 03:50:00,0.0,False
2022-02-05 04:00:00,0.0,False
2022-02-05 04:10:00,0.0,False
2022-02-05 04:20:00,,False
2022-02-05 04:30:00,0.0,False
2022-02-05 04:40:00,0.0,False
2022-02-05 04:50:00,0.0,False
2022-02-05 05:00:00,0.0,False
2022-02-05 05:10:00,0.0,False
2022-02-05 05:20:00,0.0,False
2022-02-05 05:30:00,,False
2022-02-05 05:40:00,0.0,False
2022-02-05 05:50:00,0.0,False
2022-02-05 06:00:00,0.0,False
2022-02-05 06:10:00,0.0,False
2022-02-05 06:20:00,0.0,False
2022-02-05 06:30:00,0.0,False
2022-02-05 06:40:00,0.0,False
2022-02-05 06:50:00,0.0,False
2022-02-05 07:00:00,0.0,False
2022-02-05 07:10:00,0.0,False
2022-02-05 07:20:00,0.0,False
2022-02-05 07:30:00,0.0,False
2022-02-05 07:40:00,0.0,False
2022-02-05 07:50:00,0.0,False
2022-02-05 08:00:00,,False
2022-02-05 08:10:00,0.0,False
2022-02-05 08:20:00,0.0,False
2022-02-05 08:30:00,0.0,False
2022-02-05 08:40:00,0.0,False
2022-02-05 08:50:00,0.0,False
2022-02-05 09:00:00,,False
2022-02-05 09:10:00,0.0,False
2022-02-05 09:20:00,0.0,False
2022-02-05 09:30:00,0.0,False
2022-02-05 09:40:00,0.0,False
2022-02-05 09:50:00,0.0,False
2022-02-05 10:00:00,0.0,False
2022-02-05 10:10:00,0.0,False
2022-02-05 10:20:00,0.0,False
2022-02-05 10:30:00,0.0,False
2022-02-05 10:40:00,0.0,False
2022-02-05 10:50:00,0.0,False
2022-02-05 11:00:00,0.0,False
2022-02-05 11:10:00,0.0,False
2022-02-05 11:20:00,0.0,False
2022-02-05 11:30:00,0.0,False
2022-02-05 11:40:00,0.0,False
2022-02-05 11:50:00,0.0,False
2022-02-05 12:00:00,0.0,False
2022-02-05 12:10:00,0.0,False
2022-02-05 12:20:00,0.0,False
2022-02-05 12:30:00,,False
2022-02-05 12:40:00,0.0,False
2022-02-05 12:50:00,0.0,False
2022-02-05 13:00:00,0.0,False
2022-02-05 13:10:00,0.0,False
2022-02-05 13:20:00,0.0,False
2022-02-05 13:30:00,0.0,False
2022-02-05 13:40:00,0.0,False
2022-02-05 13:50:00,0.0,False
2022-02-05 14:00:00,0.0,False
2022-02-05 14:10:00,0.0,False
2022-02-05 14:20:00,0.0,False
2022-02-05 14:30:00,0.0,False
2022-02-05 14:40:00,0.0,False
2022-02-05 14:50:00,0.0,False
2022-02-05 15:00:00,0.0,False
2022-02-05 15:10:00,0.0,False
2022-02-05 15:20:00,0.0,False
2022-02-05 15:30:00,0.0,False
2022-02-05 15:40:00,,False
2022-02-05 15:50:00,0.0,False
2022-02-05 16:00:00,0.0,False
2022-02-05 16:10:00,0.0,False
2022-02-05 16:20:00,0.0,False
2022-02-05 16:30:00,0.0,False
2022-02-05 16:40:00,0.0,False
2022-02-05 16:50:00,0.0,False
2022-02-05 17:00:00,0.0,False
2022-02-05 17:10:00,0.0,False
2022-02-05 17:20:00,0.0,False
2022-02-05 17:30:00,0.0,False
2022-02-05 17:40:00,0.0,False
2022-02-05 17:50:00,0.0,False
2022-02-05 18:00:00,0.0,False
2022-02-05 18:10:00,0.0,False
2022-02-05 18:20:00,0.0,False
2022-02-05 18:30:00,0.0,False
2022-02-05 18:40:00,0.0,False
2022-02-05 18:50:00,0.0,False
2022-02-05 19:00:00,0.0,False
2022-02-05 19:10:00,0.0,False
2022-02-05 19:20:00,0.0,False
2022-02-05 19:30:00,0.0,False
2022-02-05 19:40:00,0.0,False
2022-02-05 19:50:00,,False
2022-02-05 20:00:00,0.0,False
2022-02-05 20:10:00,0.0,False
2022-02-05 20:20:00,0.0,False
2022-02-05 20:30:00,0.0,False
2022-02-05 20:40:00,0.0,False
2022-02-05 20:50:00,0.0,False
2022-02-05 21:00:00,0.0,False
2022-02-05 21:10:00,0.0,False
2022-02-05 21:20:00,0.0,False
2022-02-05 21:30:00,0.0,False
2022-02-05 21:40:00,0.0,False
2022-02-05 21:50:00,0.0,False
2022-02-05 22:00:00,0.0,False
2022-02-05 22:10:00,0.0,False
2022-02-05 22:20:00,0.0,False
2022-02-05 22:30:00,0.0,False
2022-02-05 22:40:00,0.0,False
2022-02-05 22:50:00,0.0,False
2022-02-05 23:00:00,0.0,False
2022-02-05 23:10:00,0.0,False
2022-02-05 23:20:00,0.0,False
2022-02-05 23:30:00,0.0,False
2022-02-05 23:40:00,0.0,False
2022-02-05 23:50:00,0.0,False
2022-02-06 00:00:00,0.0,False
2022-02-06 00:10:00,0.0,False
2022-02-06 00:20:00,0.0,False
2022-02-06 00:30:00,0.0,False
2022-02-06 00:40:00,0.0,False
2022-02-06 00:50:00,,False
2022-02-06 01:00:00,0.0,False
2022-02-06 01:10:00,0.0,False
2022-02-06 01:20:00,0.0,False
2022-02-06 01:30:00,0.0,False
2022-02-06 01:40:00,0.0,False
2022-02-06 01:50:00,0.0,False
2022-02-06 02:00:00,,False
2022-02-06 02:10:00,0.0,False
2022-02-06 02:20:00,0.0,False
2022-02-06 02:30:00,0.0,False
2022-02-06 02:40:00,0.0,False
2022-02-06 02:50:00,0.0,False
2022-02-06 03:00:00,0.0,False
2022-02-06 03:10:00,0.0,False
2022-02-06 03:20:00,0.0,False
2022-02-06 03:30:00,0.0,False
2022-02-06 03:40:00,0.0,False
2022-02-06 03:50:00,0.0,False
2022-02-06 04:00:00,0.0,False
2022-02-06 04:10:00,0.0,False
2022-02-06 04:20:00,0.0,False
2022-02-06 04:30:00,0.0,False
2022-02-06 04:40:00,0.0,False
2022-02-06 04:50:00,0.0,False
2022-02-06 05:00:00,,False
2022-02-06 05:10:00,0.0,False
2022-02-06 05:20:00,0.0,False
2022-02-06 05:30:00,0.0,False
2022-02-06 05:40:00,0.0,False
2022-02-06 05:50:00,0.0,False
2022-02-06 06:00:00,0.0,False
2022-02-06 06:10:00,0.0,False
2022-02-06 06:20:00,0.0,False
2022-02-06 06:30:00,0.0,False
2022-02-06 06:40:00,0.0,False
2022-02-06 06:50:00,0.0,False
2022-02-06 07:00:00,0.0,False
2022-02-06 07:10:00,0.0,False
2022-02-06 07:20:00,0.0,False
2022-02-06 07:30:00,0.0,False
2022-02-06 07:40:00,0.0,False
2022-02-06 07:50:00,0.0,False
2022-02-06 08:00:00,0.0,False
2022-02-06 08:10:00,0.0,False
2022-02-06 08:20:00,0.0,False
2022-02-06 08:30:00,0.0,False
2022-02-06 08:40:00,0.0,False
2022-02-06 08:50:00,0.0,False
2022-02-06 09:00:00,0.0,False
2022-02-06 09:10:00,0.0,False
2022-02-06 09:20:00,0.0,False
2022-02-06 09:30:00,0.0,False
2022-02-06 09:40:00,0.0,False
2022-02-06 09:50:00,0.0,False
2022-02-06 10:00:00,0.0,False
2022-02-06 10:10:00,0.0,False
2022-02-06 10:20:00,,False
2022-02-06 10:30:00,0.0,False
2022-02-06 10:40:00,0.0,False
2022-02-06 10:50:00,0.0,False
2022-02-06 11:00:00,0.0,False
2022-02-06 11:10:00,0.0,False
2022-02-06 11:20:00,0.0,False
2022-02-06 11:30:00,0.0,False
2022-02-06 11:40:00,0.0,False
2022-02-06 11:50:00,0.0,False
2022-02-06 12:00:00,0.0,False
2022-02-06 12:10:00,0.0,False
2022-02-06 12:20:00,0.0,False
2022-02-06 12:30:00,0.0,False
2022-02-06 12:40:00,0.0,False
2022-02-06 12:50:00,0.0,False
2022-02-06 13:00:00,0.0,False
2022-02-06 13:10:00,0.0,False
2022-02-06 13:20:00,0.0,False
2022-02-06 13:30:00,0.0,False
2022-02-06 13:40:00,0.0,False
2022-02-06 13:50:00,0.0,False
2022-02-06 14:00:00,0.0,False
2022-02-06 14:10:00,0.0,False
2022-02-06 14:20:00,0.0,False
2022-02-06 14:30:00,0.0,False
2022-02-06 14:40:00,0.0,False
2022-02-06 14:50:00,0.0,False
2022-02-06 15:00:00,0.0,False
2022-02-06 15:10:00,0.0,False
2022-02-06 15:20:00,0.0,False
2022-02-06 15:30:00,,False
2022-02-06 15:40:00,0.0,False
2022-02-06 15:50:00,0.0,False
2022-02-06 16:00:00,,False
2022-02-06 16:10:00,0.0,False
2022-02-06 16:20:00,0.0,False
2022-02-06 16:30:00,0.0,False
2022-02-06 16:40:00,0.0,False
2022-02-06 16:50:00,0.0,False
2022-02-06 17:00:00,0.0,False
2022-02-06 17:10:00,0.0,False
2022-02-06 17:20:00,0.0,False
2022-02-06 17:30:00,0.0,False
2022-02-06 17:40:00,0.0,False
2022-02-06 17:50:00,0.0,False
2022-02-06 18:00:00,,False
2022-02-06 18:10:00,0.0,False
2022-02-06 18:20:00,0.0,False
2022-02-06 18:30:00,0.0,False
2022-02-06 18:40:00,0.0,False
2022-02-06 18:50:00,0.0,False
2022-02-06 19:00:00,0.0,False
2022-02-06 19:10:00,0.0,False
2022-02-06 19:20:00,0.0,False
2022-02-06 19:30:00,0.0,False
2022-02-06 19:40:00,0.0,False
2022-02-06 19:50:00,0.0,False
2022-02-06 20:00:00,0.0,False
2022-02-06 20:10:00,0.0,False
2022-02-06 20:20:00,0.0,False
2022-02-06 20:30:00,0.0,False
2022-02-06 20:40:00,0.0,False
2022-02-06 20:50:00,0.0,False
2022-02-06 21:00:00,0.0,False
2022-02-06 21:10:00,0.0,False
2022-02-06 21:20:00,0.0,False
2022-02-06 21:30:00,0.0,False
2022-02-06 21:40:00,0.0,False
2022-02-06 21:50:00,0.0,False
2022-02-06 22:00:00,0.0,False
2022-02-06 22:10:00,0.0,False
2022-02-06 22:20:00,0.0,False
2022-02-06 22:30:00,0.0,False
2022-02-06 22:40:00,0.0,False
2022-02-06 22:50:00,0.0,False
2022-02-06 23:00:00,0.0,False
2022-02-06 23:10:00,0.0,False
2022-02-06 23:20:00,0.0,False
2022-02-06 23:30:00,0.0,False
2022-02-06 23:40:00,0.0,False
2022-02-06 23:50:00,0.0,False
2022-02-07 00:00:00,,False
2022-02-07 00:10:00,0.0,False
2022-02-07 00:20:00,0.0,False
2022-02-07 00:30:00,0.0,False
2022-02-07 00:40:00,0.0,False
2022-02-07 00:50:00,0.0,False
2022-02-07 01:00:00,0.0,False
2022-02-07 01:10:00,0.0,False
2022-02-07 01:20:00,0.0,False
2022-02-07 01:30:00,0.0,False
2022-02-07 01:40:00,0.0,False
2022-02-07 01:50:00,0.0,False
2022-02-07 02:00:00,0.0,False
2022-02-07 02:10:00,0.0,False
2022-02-07 02:20:00,0.0,False
2022-02-07 02:30:00,0.0,False
2022-02-07 02:40:00,0.0,False
2022-02-07 02:50:00,0.0,False
2022-02-07 03:00:00,0.0,False
2022-02-07 03:10:00,0.0,False
2022-02-07 03:20:00,0.0,False
2022-02-07 03:30:00,0.0,False
2022-02-07 03:40:00,0.0,False
2022-02-07 03:50:00,0.0,False
2022-02-07 04:00:00,0.0,False
2022-02-07 04:10:00,0.0,False
2022-02-07 04:20:00,0.0,False
2022-02-07 04:30:00,0.0,False
2022-02-07 04:40:00,0.0,False
2022-02-07 04:50:00,0.0,False
2022-02-07 05:00:00,,False
2022-02-07 05:10:00,0.0,False
2022-02-07 05:20:00,0.0,False
2022-02-07 05:30:00,0.0,False
2022-02-07 05:40:00,0.0,False
2022-02-07 05:50:00,0.0,False
2022-02-07 06:00:00,0.0,False
2022-02-07 06:10:00,0.0,False
2022-02-07 06:20:00,0.0,False
2022-02-07 06:30:00,0.0,False
2022-02-07 06:40:00,0.0,False
2022-02-07 06:50:00,0.0,False
2022-02-07 07:00:00,0.0,False
2022-02-07 07:10:00,0.0,False
2022-02-07 07:20:00,0.0,False
2022-02-07 07:30:00,0.0,False
2022-02-07 07:40:00,0.0,False
2022-02-07 07:50:00,0.0,False
2022-02-07 08:00:00,0.0,False
2022-02-07 08:10:00,0.0,False
2022-02-07 08:20:00,0.0,False
2022-02-07 08:30:00,,False
2022-02-07 08:40:00,0.0,False
2022-02-07 08:50:00,0.0,False
2022-02-07 09:00:00,0.0,False
2022-02-07 09:10:00,0.0,False
2022-02-07 09:20:00,0.0,False
2022-02-07 09:30:00,0.0,False
2022-02-07 09:40:00,,False
2022-02-07 09:50:00,0.0,False
2022-02-07 10:00:00,0.0,False
2022-02-07 10:10:00,0.0,False
2022-02-07 10:20:00,,False
2022-02-07 10:30:00,0.0,False
2022-02-07 10:40:00,0.0,False
2022-02-07 10:50:00,0.0,False
2022-02-07 11:00:00,0.0,False
2022-02-07 11:10:00,0.0,False
2022-02-07 11:20:00,0.0,False
2022-02-07 11:30:00,0.0,False
2022-02-07 11:40:00,0.0,False
2022-02-07 11:50:00,0.0,False
2022-02-07 12:00:00,0.0,False
2022-02-07 12:10:00,0.0,False
2022-02-07 12:20:00,0.0,False
2022-02-07 12:30:00,0.0,False
2022-02-07 12:40:00,0.0,False
2022-02-07 12:50:00,0.0,False
2022-02-07 13:00:00,0.0,False
2022-02-07 13:10:00,0.0,False
2022-02-07 13:20:00,0.0,False
2022-02-07 13:30:00,0.0,False
2022-02-07 13:40:00,0.0,False
2022-02-07 13:50:00,0.0,False
2022-02-07 14:00:00,0.0,False
2022-02-07 14:10:00,0.0,False
2022-02-07 14:20:00,0.0,False
2022-02-07 14:30:00,0.0,False
2022-02-07 14:40:00,0.0,False
2022-02-07 14:50:00,0.0,False
2022-02-07 15:00:00,0.0,False
2022-02-07 15:10:00,0.0,False
2022-02-07 15:20:00,0.0,False
2022-02-07 15:30:00,0.0,False
2022-02-07 15:40:00,0.0,False
2022-02-07 15:50:00,0.0,False
2022-02-07 16:00:00,0.0,False
2022-02-07 16:10:00,0.0,False
2022-02-07 16:20:00,0.0,False
2022-02-07 16:30:00,0.0,False
2022-02-07 16:40:00,0.0,False
2022-02-07 16:50:00,0.0,False
2022-02-07 17:00:00,0.0,False
2022-02-07 17:10:00,0.0,False
2022-02-07 17:20:00,0.0,False
2022-02-07 17:30:00,0.0,False
2022-02-07 17:40:00,0.0,False
2022-02-07 17:50:00,0.0,False
2022-02-07 18:00:00,0.0,False
2022-02-07 18:10:00,,False
2022-02-07 18:20:00,0.0,False
2022-02-07 18:30:00,0.0,False
2022-02-07 18:40:00,0.0,False
2022-02-07 18:50:00,0.0,False
2022-02-07 19:00:00,0.0,False
2022-02-07 19:10:00,0.0,False
2022-02-07 19:20:00,0.0,False
2022-02-07 19:30:00,0.0,False
2022-02-07 19:40:00,0.0,False
2022-02-07 19:50:00,0.0,False
2022-02-07 20:00:00,0.0,False
2022-02-07 20:10:00,0.0,False
2022-02-07 20:20:00,0.0,False
2022-02-07 20:30:00,0.0,False
2022-02-07 20:40:00,0.0,False
2022-02-07 20:50:00,0.0,False
2022-02-07 21:00:00,0.0,False
2022-02-07 21:10:00,0.0,False
2022-02-07 21:20:00,0.0,False
2022-02-07 21:30:00,0.0,False
2022-02-07 21:40:00,0.0,False
2022-02-07 21:50:00,0.0,False
2022-02-07 22:00:00,0.0,False
2022-02-07 22:10:00,0.0,False
2022-02-07 22:20:00,0.0,False
2022-02-07 22:30:00,0.0,False
2022-02-07 22:40:00,0.0,False
2022-02-07 22:50:00,0.0,False
2022-02-07 23:00:00,0.0,False
2022-02-07 23:10:00,0.0,False
2022-02-07 23:20:00,0.0,False
2022-02-07 23:30:00,0.0,False
2022-02-07 23:40:00,0.0,False
2022-02-07 23:50:00,0.0,False
2022-02-08 00:00:00,0.0,False
2022-02-08 00:10:00,0.0,False
2022-02-08 00:20:00,0.0,False
2022-02-08 00:30:00,0.0,False
2022-02-08 00:40:00,0.0,False
2022-02-08 00:50:00,0.0,False
2022-02-08 01:00:00,0.0,False
2022-02-08 01:10:00,0.0,False
2022-02-08 01:20:00,0.0,False
2022-02-08 01:30:00,0.0,False
2022-02-08 01:40:00,0.0,False
2022-02-08 01:50:00,0.0,False
2022-02-08 02:00:00,0.0,False
2022-02-08 02:10:00,0.0,False
2022-02-08 02:20:00,0.0,False
2022-02-08 02:30:00,0.0,False
2022-02-08 02:40:00,0.0,False
2022-02-08 02:50:00,0.0,False
2022-02-08 03:00:00,0.0,False
2022-02-08 03:10:00,0.0,False
2022-02-08 03:20:00,0.0,False
2022-02-08 03:30:00,0.0,False
2022-02-08 03:40:00,0.0,False
2022-02-08 03:50:00,0.0,False
2022-02-08 04:00:00,0.0,False
2022-02-08 04:10:00,0.0,False
2022-02-08 04:20:00,0.0,False
2022-02-08 04:30:00,0.0,False
2022-02-08 04:40:00,0.0,False
2022-02-08 04:50:00,0.0,False
2022-02-08 05:00:00,0.0,False
2022-02-08 05:10:00,0.0,False
2022-02-08 05:20:00,0.0,False
2022-02-08 05:30:00,0.0,False
2022-02-08 05:40:00,0.0,False
2022-02-08 05:50:00,0.0,False
2022-02-08 06:00:00,0.0,False
2022-02-08 06:10:00,0.0,False
2022-02-08 06:20:00,0.0,False
2022-02-08 06:30:00,0.0,False
2022-02-08 06:40:00,0.0,False
2022-02-08 06:50:00,0.0,False
2022-02-08 07:00:00,0.0,False
2022-02-08 07:10:00,,False
2022-02-08 07:20:00,0.0,False
2022-02-08 07:30:00,0.0,False
2022-02-08 07:40:00,0.0,False
2022-02-08 07:50:00,0.0,False
2022-02-08 08:00:00,0.0,False
2022-02-08 08:10:00,0.0,False
2022-02-08 08:20:00,0.0,False
2022-02-08 08:30:00,0.0,False
2022-02-08 08:40:00,0.0,False
2022-02-08 08:50:00,0.0,False
2022-02-08 09:00:00,0.0,False
2022-02-08 09:10:00,0.0,False
2022-02-08 09:20:00,0.0,False
2022-02-08 09:30:00,0.0,False
2022-02-08 09:40:00,0.0,False
2022-02-08 09:50:00,0.0,False
2022-02-08 10:00:00,0.0,False
2022-02-08 10:10:00,0.0,False
2022-02-08 10:20:00,0.0,False
2022-02-08 10:30:00,0.0,False
2022-02-08 10:40:00,0.0,False
2022-02-08 10:50:00,0.0,False
2022-02-08 11:00:00,0.0,False
2022-02-08 11:10:00,0.0,False
2022-02-08 11:20:00,0.0,False
2022-02-08 11:30:00,0.0,False
2022-02-08 11:40:00,0.0,False
2022-02-08 11:50:00,0.0,False
2022-02-08 12:00:00,0.0,False
2022-02-08 12:10:00,0.0,False
2022-02-08 12:20:00,0.0,False
2022-02-08 12:30:00,0.0,False
2022-02-08 12:40:00,0.0,False
2022-02-08 12:50:00,,False
2022-02-08 13:00:00,0.0,False
2022-02-08 13:10:00,0.0,False
2022-02-08 13:20:00,0.0,False
2022-02-08 13:30:00,0.0,False
2022-02-08 13:40:00,0.0,False
2022-02-08 13:50:00,0.0,False
2022-02-08 14:00:00,0.0,False
2022-02-08 14:10:00,0.0,False
2022-02-08 14:20:00,0.0,False
2022-02-08 14:30:00,0.0,False
2022-02-08 14:40:00,0.0,False
2022-02-08 14:50:00,0.0,False
2022-02-08 15:00:00,0.0,False
2022-02-08 15:10:00,0.0,False
2022-02-08 15:20:00,0.0,False
2022-02-08 15:30:00,0.0,False
2022-02-08 15:40:00,0.0,False
2022-02-08 15:50:00,0.0,False
2022-02-08 16:00:00,,False
2022-02-08 16:10:00,0.0,False
2022-02-08 16:20:00,0.0,False
2022-02-08 16:30:00,0.0,False
2022-02-08 16:40:00,0.0,False
2022-02-08 16:50:00,0.0,False
2022-02-08 17:00:00,,False
2022-02-08 17:10:00,0.0,False
2022-02-08 17:20:00,0.0,False
2022-02-08 17:30:00,0.0,False
2022-02-08 17:40:00,0.0,False
2022-02-08 17:50:00,0.0,False
2022-02-08 18:00:00,0.0,False
2022-02-08 18:10:00,0.0,False
2022-02-08 18:20:00,0.0,False
2022-02-08 18:30:00,0.0,False
2022-02-08 18:40:00,0.0,False
2022-02-08 18:50:00,0.0,False
2022-02-08 19:00:00,0.0,False
2022-02-08 19:10:00,0.0,False
2022-02-08 19:20:00,0.0,False
2022-02-08 19:30:00,0.0,False
2022-02-08 19:40:00,0.0,False
2022-02-08 19:50:00,0.0,False
2022-02-08 20:00:00,0.0,False
2022-02-08 20:10:00,,False
2022-02-08 20:20:00,0.0,False
2022-02-08 20:30:00,0.0,False
2022-02-08 20:40:00,,False
2022-02-08 20:50:00,0.0,False
2022-02-08 21:00:00,0.0,False
2022-02-08 21:10:00,0.0,False
2022-02-08 21:20:00,0.0,False
2022-02-08 21:30:00,0.0,False
2022-02-08 21:40:00,0.0,False
2022-02-08 21:50:00,0.0,False
2022-02-08 22:00:00,0.0,False
2022-02-08 22:10:00,0.0,False
2022-02-08 22:20:00,0.0,False
2022-02-08 22:30:00,,False
2022-02-08 22:40:00,0.0,False
2022-02-08 22:50:00,0.0,False
2022-02-08 23:00:00,0.0,False
2022-02-08 23:10:00,0.0,False
2022-02-08 23:20:00,0.0,False
2022-02-08 23:30:00,0.0,False
2022-02-08 23:40:00,0.0,False
2022-02-08 23:50:00,0.0,False
2022-02-09 00:00:00,0.0,False
2022-02-09 00:10:00,0.0,False
2022-02-09 00:20:00,0.0,False
2022-02-09 00:30:00,0.0,False
2022-02-09 00:40:00,0.0,False
2022-02-09 00:50:00,0.0,False
2022-02-09 01:00:00,0.0,False
2022-02-09 01:10:00,0.0,False
2022-02-09 01:20:00,0.0,False
2022-02-09 01:30:00,0.0,False
2022-02-09 01:40:00,0.0,False
2022-02-09 01:50:00,0.0,False
2022-02-09 02:00:00,0.0,False
2022-02-09 02:10:00,0.0,False
2022-02-09 02:20:00,0.0,False
2022-02-09 02:30:00,0.0,False
2022-02-09 02:40:00,0.0,False
2022-02-09 02:50:00,0.0,False
2022-02-09 03:00:00,0.0,False
2022-02-09 03:10:00,0.0,False
2022-02-09 03:20:00,0.0,False
2022-02-09 03:30:00,0.0,False
2022-02-09 03:40:00,0.0,False
2022-02-09 03:50:00,0.0,False
2022-02-09 04:00:00,0.0,False
2022-02-09 04:10:00,0.0,False
2022-02-09 04:20:00,0.0,False
2022-02-09 04:30:00,0.0,False
2022-02-09 04:40:00,,False
2022-02-09 04:50:00,0.0,False
2022-02-09 05:00:00,0.0,False
2022-02-09 05:10:00,0.0,False
2022-02-09 05:20:00,0.0,False
2022-02-09 05:30:00,0.0,False
2022-02-09 05:40:00,0.0,False
2022-02-09 05:50:00,0.0,False
2022-02-09 06:00:00,0.0,False
2022-02-09 06:10:00,0.0,False
2022-02-09 06:20:00,0.0,False
2022-02-09 06:30:00,0.0,False
2022-02-09 06:40:00,0.0,False
2022-02-09 06:50:00,0.0,False
2022-02-09 07:00:00,0.0,False
2022-02-09 07:10:00,0.0,False
2022-02-09 07:20:00,0.0,False
2022-02-09 07:30:00,0.0,False
2022-02-09 07:40:00,0.0,False
2022-02-09 07:50:00,0.0,False
2022-02-09 08:00:00,0.0,False
2022-02-09 08:10:00,0.0,False
2022-02-09 08:20:00,0.0,False
2022-02-09 08:30:00,0.0,False
2022-02-09 08:40:00,,False
2022-02-09 08:50:00,0.0,False
2022-02-09 09:00:00,0.0,False
2022-02-09 09:10:00,0.0,False
2022-02-09 09:20:00,,False
2022-02-09 09:30:00,0.0,False
2022-02-09 09:40:00,0.0,False
2022-02-09 09:50:00,0.0,False
2022-02-09 10:00:00,0.0,False
2022-02-09 10:10:00,0.0,False
2022-02-09 10:20:00,0.0,False
2022-02-09 10:30:00,0.0,False
2022-02-09 10:40:00,0.0,False
2022-02-09 10:50:00,,False
2022-02-09 11:00:00,0.0,False
2022-02-09 11:10:00,0.0,False
2022-02-09 11:20:00,0.0,False
2022-02-09 11:30:00,0.0,False
2022-02-09 11:40:00,0.0,False
2022-02-09 11:50:00,0.0,False
2022-02-09 12:00:00,0.0,False
2022-02-09 12:10:00,0.0,False
2022-02-09 12:20:00,0.0,False
2022-02-09 12:30:00,0.0,False
2022-02-09 12:40:00,0.0,False
2022-02-09 12:50:00,0.0,False
2022-02-09 13:00:00,0.0,False
2022-02-09 13:10:00,0.0,False
2022-02-09 13:20:00,0.0,False
2022-02-09 13:30:00,0.0,False
2022-02-09 13:40:00,0.0,False
2022-02-09 13:50:00,0.0,False
2022-02-09 14:00:00,0.0,False
2022-02-09 14:10:00,0.0,False
2022-02-09 14:20:00,0.0,False
2022-02-09 14:30:00,0.0,False
2022-02-09 14:40:00,0.0,False
2022-02-09 14:50:00,0.0,False
2022-02-09 15:00:00,0.0,False
2022-02-09 15:10:00,0.0,False
2022-02-09 15:20:00,0.0,False
2022-02-09 15:30:00,0.0,False
2022-02-09 15:40:00,0.0,False
2022-02-09 15:50:00,0.0,False
2022-02-09 16:00:00,0.0,False
2022-02-09 16:10:00,0.0,False
2022-02-09 16:20:00,0.0,False
2022-02-09 16:30:00,0.0,False
2022-02-09 16:40:00,0.0,False
2022-02-09 16:50:00,0.0,False
2022-02-09 17:00:00,0.0,False
2022-02-09 17:10:00,0.0,False
2022-02-09 17:20:00,0.0,False
2022-02-09 17:30:00,0.0,False
2022-02-09 17:40:00,0.0,False
2022-02-09 17:50:00,0.0,False
2022-02-09 18:00:00,0.0,False
2022-02-09 18:10:00,0.0,False
2022-02-09 18:20:00,0.0,False
2022-02-09 18:30:00,0.0,False
2022-02-09 18:40:00,0.0,False
2022-02-09 18:50:00,0.0,False
2022-02-09 19:00:00,0.0,False
2022-02-09 19:10:00,0.0,False
2022-02-09 19:20:00,0.0,False
2022-02-09 19:30:00,0.0,False
2022-02-09 19:40:00,0.0,False
2022-02-09 19:50:00,,False
2022-02-09 20:00:00,0.0,False
2022-02-09 20:10:00,0.0,False
2022-02-09 20:20:00,0.0,False
2022-02-09 20:30:00,0.0,False
2022-02-09 20:40:00,0.0,False
2022-02-09 20:50:00,0.0,False
2022-02-09 21:00:00,0.0,False
2022-02-09 21:10:00,0.0,False
2022-02-09 21:20:00,0.0,False
2022-02-09 21:30:00,0.0,False
2022-02-09 21:40:00,,False
2022-02-09 21:50:00,0.0,False
2022-02-09 22:00:00,0.0,False
2022-02-09 22:10:00,0.0,False
2022-02-09 22:20:00,0.0,False
2022-02-09 22:30:00,0.0,False
2022-02-09 22:40:00,0.0,False
2022-02-09 22:50:00,0.0,False
2022-02-09 23:00:00,0.0,False
2022-02-09 23:10:00,0.0,False
2022-02-09 23:20:00,0.0,False
2022-02-09 23:30:00,0.0,False
2022-02-09 23:40:00,0.0,False
2022-02-09 23:50:00,0.0,False
2022-02-10 00:00:00,,False
2022-02-10 00:10:00,0.0,False
2022-02-10 00:20:00,0.0,False
2022-02-10 00:30:00,0.0,False
2022-02-10 00:40:00,0.0,False
2022-02-10 00:50:00,0.0,False
2022-02-10 01:00:00,0.0,False
2022-02-10 01:10:00,0.0,False
2022-02-10 01:20:00,0.0,False
2022-02-10 01:30:00,0.0,False
2022-02-10 01:40:00,0.0,False
2022-02-10 01:50:00,0.0,False
2022-02-10 02:00:00,0.0,False
2022-02-10 02:10:00,0.0,False
2022-02-10 02:20:00,0.0,False
2022-02-10 02:30:00,0.0,False
2022-02-10 02:40:00,,False
2022-02-10 02:50:00,0.0,False
2022-02-10 03:00:00,,False
2022-02-10 03:10:00,0.0,False
2022-02-10 03:20:00,0.0,False
2022-02-10 03:30:00,0.0,False
2022-02-10 03:40:00,0.0,False
2022-02-10 03:50:00,0.0,False
2022-02-10 04:00:00,0.0,False
2022-02-10 04:10:00,0.0,False
2022-02-10 04:20:00,0.0,False
2022-02-10 04:30:00,0.0,False
2022-02-10 04:40:00,0.0,False
2022-02-10 04:50:00,,False
2022-02-10 05:00:00,0.0,False
2022-02-10 05:10:00,0.0,False
2022-02-10 05:20:00,0.0,False
2022-02-10 05:30:00,0.0,False
2022-02-10 05:40:00,0.0,False
2022-02-10 05:50:00,0.0,False
2022-02-10 06:00:00,0.0,False
2022-02-10 06:10:00,0.0,False
2022-02-10 06:20:00,0.0,False
2022-02-10 06:30:00,0.0,False
2022-02-10 06:40:00,0.0,False
2022-02-10 06:50:00,0.0,False
2022-02-10 07:00:00,0.0,False
2022-02-10 07:10:00,0.0,False
2022-02-10 07:20:00,0.0,False
2022-02-10 07:30:00,0.0,False
2022-02-10 07:40:00,0.0,False
2022-02-10 07:50:00,0.0,False
2022-02-10 08:00:00,0.0,False
2022-02-10 08:10:00,0.0,False
2022-02-10 08:20:00,0.0,False
2022-02-10 08:30:00,0.0,False
2022-02-10 08:40:00,0.0,False
2022-02-10 08:50:00,0.0,False
2022-02-10 09:00:00,,False
2022-02-10 09:10:00,0.0,False
2022-02-10 09:20:00,0.0,False
2022-02-10 09:30:00,0.0,False
2022-02-10 09:40:00,0.0,False
2022-02-10 09:50:00,0.0,False
2022-02-10 10:00:00,0.0,False
2022-02-10 10:10:00,0.0,False
2022-02-10 10:20:00,0.0,False
2022-02-10 10:30:00,0.0,False
2022-02-10 10:40:00,0.0,False
2022-02-10 10:50:00,0.0,False
2022-02-10 11:00:00,0.0,False
2022-02-10 11:10:00,0.0,False
2022-02-10 11:20:00,0.0,False
2022-02-10 11:30:00,0.0,False
2022-02-10 11:40:00,0.0,False
2022-02-10 11:50:00,0.0,False
2022-02-10 12:00:00,0.0,False
2022-02-10 12:10:00,0.0,False
2022-02-10 12:20:00,0.0,False
2022-02-10 12:30:00,,False
2022-02-10 12:40:00,0.0,False
2022-02-10 12:50:00,0.0,False
2022-02-10 13:00:00,0.0,False
2022-02-10 13:10:00,0.0,False
2022-02-10 13:20:00,0.0,False
2022-02-10 13:30:00,0.0,False
2022-02-10 13:40:00,0.0,False
2022-02-10 13:50:00,0.0,False
2022-02-10 14:00:00,0.0,False
2022-02-10 14:10:00,0.0,False
2022-02-10 14:20:00,0.0,False
2022-02-10 14:30:00,0.0,False
2022-02-10 14:40:00,0.0,False
2022-02-10 14:50:00,0.0,False
2022-02-10 15:00:00,0.0,False
2022-02-10 15:10:00,0.0,False
2022-02-10 15:20:00,0.0,False
2022-02-10 15:30:00,0.0,False
2022-02-10 15:40:00,,False
2022-02-10 15:50:00,0.0,False
2022-02-10 16:00:00,,False
2022-02-10 16:10:00,0.0,False
2022-02-10 16:20:00,0.0,False
2022-02-10 16:30:00,0.0,False
2022-02-10 16:40:00,0.0,False
2022-02-10 16:50:00,0.0,False
2022-02-10 17:00:00,0.0,False
2022-02-10 17:10:00,0.0,False
2022-02-10 17:20:00,0.0,False
2022-02-10 17:30:00,0.0,False
2022-02-10 17:40:00,0.0,False
2022-02-10 17:50:00,0.0,False
2022-02-10 18:00:00,0.0,False
2022-02-10 18:10:00,0.0,False
2022-02-10 18:20:00,0.0,False
2022-02-10 18:30:00,0.0,False
2022-02-10 18:40:00,0.0,False
2022-02-10 18:50:00,0.0,False
2022-02-10 19:00:00,0.0,False
2022-02-10 19:10:00,0.0,False
2022-02-10 19:20:00,0.0,False
2022-02-10 19:30:00,0.0,False
2022-02-10 19:40:00,0.0,False
2022-02-10 19:50:00,0.0,False
2022-02-10 20:00:00,0.0,False
2022-02-10 20:10:00,0.0,False
2022-02-10 20:20:00,0.0,False
2022-02-10 20:30:00,0.0,False
2022-02-10 20:40:00,0.0,False
2022-02-10 20:50:00,0.0,False
2022-02-10 21:00:00,0.0,False
2022-02-10 21:10:00,0.0,False
2022-02-10 21:20:00,0.0,False
2022-02-10 21:30:00,0.0,False
2022-02-10 21:40:00,0.0,False
2022-02-10 21:50:00,0.0,False
2022-02-10 22:00:00,0.0,False
2022-02-10 22:10:00,0.0,False
2022-02-10 22:20:00,0.0,False
2022-02-10 22:30:00,0.0,False
2022-02-10 22:40:00,0.0,False
2022-02-10 22:50:00,0.0,False
2022-02-10 23:00:00,0.0,False
2022-02-10 23:10:00,0.0,False
2022-02-10 23:20:00,0.0,False
2022-02-10 23:30:00,0.0,False
2022-02-10 23:40:00,0.0,False
2022-02-10 23:50:00,0.0,False
2022-02-11 00:00:00,0.0,False
2022-02-11 00:10:00,0.0,False
2022-02-11 00:20:00,0.0,False
2022-02-11 00:30:00,0.0,False
2022-02-11 00:40:00,0.0,False
2022-02-11 00:50:00,0.0,False
2022-02-11 01:00:00,0.0,False
2022-02-11 01:10:00,0.0,False
2022-02-11 01:20:00,0.0,False
2022-02-11 01:30:00,0.0,False
2022-02-11 01:40:00,0.0,False
2022-02-11 01:50:00,0.0,False
2022-02-11 02:00:00,0.0,False
2022-02-11 02:10:00,0.0,False
2022-02-11 02:20:00,0.0,False
2022-02-11 02:30:00,0.0,False
2022-02-11 02:40:00,0.0,False
2022-02-11 02:50:00,0.0,False
2022-02-11 03:00:00,0.0,False
2022-02-11 03:10:00,0.0,False
2022-02-11 03:20:00,0.0,False
2022-02-11 03:30:00,0.0,False
2022-02-11 03:40:00,0.0,False
2022-02-11 03:50:00,0.0,False
2022-02-11 04:00:00,0.0,False
2022-02-11 04:10:00,0.0,False
2022-02-11 04:20:00,0.0,False
2022-02-11 04:30:00,0.0,False
2022-02-11 04:40:00,0.0,False
2022-02-11 04:50:00,0.0,False
2022-02-11 05:00:00,0.0,False
2022-02-11 05:10:00,0.0,False
2022-02-11 05:20:00,0.0,False
2022-02-11 05:30:00,0.0,False
2022-02-11 05:40:00,,False
2022-02-11 05:50:00,0.0,False
2022-02-11 06:00:00,0.0,False
2022-02-11 06:10:00,0.0,False
2022-02-11 06:20:00,0.0,False
2022-02-11 06:30:00,0.0,False
2022-02-11 06:40:00,0.0,False
2022-02-11 06:50:00,,False
2022-02-11 07:00:00,0.0,False
2022-02-11 07:10:00,0.0,False
2022-02-11 07:20:00,0.0,False
2022-02-11 07:30:00,0.0,False
2022-02-11 07:40:00,0.0,False
2022-02-11 07:50:00,0.0,False
2022-02-11 08:00:00,0.0,False
2022-02-11 08:10:00,0.0,False
2022-02-11 08:20:00,0.0,False
2022-02-11 08:30:00,0.0,False
2022-02-11 08:40:00,0.0,False
2022-02-11 08:50:00,,False
2022-02-11 09:00:00,0.0,False
2022-02-11 09:10:00,0.0,False
2022-02-11 09:20:00,0.0,False
2022-02-11 09:30:00,0.0,False
2022-02-11 09:40:00,0.0,False
2022-02-11 09:50:00,,False
2022-02-11 10:00:00,0.0,False
2022-02-11 10:10:00,0.0,False
2022-02-11 10:20:00,0.0,False
2022-02-11 10:30:00,0.0,False
2022-02-11 10:40:00,0.0,False
2022-02-11 10:50:00,0.0,False
2022-02-11 11:00:00,0.0,False
2022-02-11 11:10:00,0.0,False
2022-02-11 11:20:00,0.0,False
2022-02-11 11:30:00,0.0,False
2022-02-11 11:40:00,0.0,False
2022-02-11 11:50:00,0.0,False
2022-02-11 12:00:00,0.0,False
2022-02-11 12:10:00,0.0,False
2022-02-11 12:20:00,0.0,False
2022-02-11 12:30:00,0.0,False
2022-02-11 12:40:00,0.0,False
2022-02-11 12:50:00,0.0,False
2022-02-11 13:00:00,0.0,False
2022-02-11 13:10:00,0.0,False
2022-02-11 13:20:00,0.0,False
2022-02-11 13:30:00,0.0,False
2022-02-11 13:40:00,0.0,False
2022-02-11 13:50:00,0.0,False
2022-02-11 14:00:00,0.0,False
2022-02-11 14:10:00,0.0,False
2022-02-11 14:20:00,0.0,False
2022-02-11 14:30:00,0.0,False
2022-02-11 14:40:00,0.0,False
2022-02-11 14:50:00,0.0,False
2022-02-11 15:00:00,,False
2022-02-11 15:10:00,0.0,False
2022-02-11 15:20:00,0.0,False
2022-02-11 15:30:00,0.0,False
2022-02-11 15:40:00,0.0,False
2022-02-11 15:50:00,0.0,False
2022-02-11 16:00:00,0.0,False
2022-02-11 16:10:00,0.0,False
2022-02-11 16:20:00,,False
2022-02-11 16:30:00,0.0,False
2022-02-11 16:40:00,0.0,False
2022-02-11 16:50:00,,False
2022-02-11 17:00:00,0.0,False
2022-02-11 17:10:00,0.0,False
2022-02-11 17:20:00,0.0,False
2022-02-11 17:30:00,0.0,False
2022-02-11 17:40:00,0.0,False
2022-02-11 17:50:00,0.0,False
2022-02-11 18:00:00,0.0,False
2022-02-11 18:10:00,0.0,False
2022-02-11 18:20:00,0.0,False
2022-02-11 18:30:00,0.0,False
2022-02-11 18:40:00,0.0,False
2022-02-11 18:50:00,0.0,False
2022-02-11 19:00:00,0.0,False
2022-02-11 19:10:00,0.0,False
2022-02-11 19:20:00,0.0,False
2022-02-11 19:30:00,0.0,False
2022-02-11 19:40:00,0.0,False
2022-02-11 19:50:00,0.0,False
2022-02-11 20:00:00,0.0,False
2022-02-11 20:10:00,0.0,False
2022-02-11 20:20:00,0.0,False
2022-02-11 20:30:00,0.0,False
2022-02-11 20:40:00,0.0,False
2022-02-11 20:50:00,0.0,False
2022-02-11 21:00:00,0.0,False
2022-02-11 21:10:00,0.0,False
2022-02-11 21:20:00,0.0,False
2022-02-11 21:30:00,0.0,False
2022-02-11 21:40:00,0.0,False
2022-02-11 21:50:00,0.0,False
2022-02-11 22:00:00,0.0,False
2022-02-11 22:10:00,0.0,False
2022-02-11 22:20:00,0.0,False
2022-02-11 22:30:00,0.0,False
2022-02-11 22:40:00,0.0,False
2022-02-11 22:50:00,0.0,False
2022-02-11 23:00:00,0.0,False
2022-02-11 23:10:00,0.0,False
2022-02-11 23:20:00,0.0,False
2022-02-11 23:30:00,0.0,False
2022-02-11 23:40:00,0.0,False
2022-02-11 23:50:00,0.0,False
2022-02-12 00:00:00,0.0,False
2022-02-12 00:10:00,0.0,False
2022-02-12 00:20:00,0.0,False
2022-02-12 00:30:00,0.0,False
2022-02-12 00:40:00,0.0,False
2022-02-12 00:50:00,0.0,False
2022-02-12 01:00:00,0.0,False
2022-02-12 01:10:00,0.0,False
2022-02-12 01:20:00,,False
2022-02-12 01:30:00,0.0,False
2022-02-12 01:40:00,0.0,False
2022-02-12 01:50:00,0.0,False
2022-02-12 02:00:00,0.0,False
2022-02-12 02:10:00,0.0,False
2022-02-12 02:20:00,0.0,False
2022-02-12 02:30:00,0.0,False
2022-02-12 02:40:00,0.0,False
2022-02-12 02:50:00,0.0,False
2022-02-12 03:00:00,0.0,False
2022-02-12 03:10:00,0.0,False
2022-02-12 03:20:00,0.0,False
2022-02-12 03:30:00,0.0,False
2022-02-12 03:40:00,0.0,False
2022-02-12 03:50:00,0.0,False
2022-02-12 04:00:00,0.0,False
2022-02-12 04:10:00,0.0,False
2022-02-12 04:20:00,0.0,False
2022-02-12 04:30:00,0.0,False
2022-02-12 04:40:00,0.0,False
2022-02-12 04:50:00,,False
2022-02-12 05:00:00,0.0,False
2022-02-12 05:10:00,0.0,False
2022-02-12 05:20:00,0.0,False
2022-02-12 05:30:00,0.0,False
2022-02-12 05:40:00,0.0,False
2022-02-12 05:50:00,0.0,False
2022-02-12 06:00:00,0.0,False
2022-02-12 06:10:00,0.0,False
2022-02-12 06:20:00,0.0,False
2022-02-12 06:30:00,0.0,False
2022-02-12 06:40:00,0.0,False
2022-02-12 06:50:00,0.0,False
2022-02-12 07:00:00,0.0,False
2022-02-12 07:10:00,0.0,False
2022-02-12 07:20:00,0.0,False
2022-02-12 07:30:00,0.0,False
2022-02-12 07:40:00,0.0,False
2022-02-12 07:50:00,0.0,False
2022-02-12 08:00:00,0.0,False
2022-02-12 08:10:00,0.0,False
2022-02-12 08:20:00,0.0,False
2022-02-12 08:30:00,0.0,False
2022-02-12 08:40:00,0.0,False
2022-02-12 08:50:00,0.0,False
2022-02-12 09:00:00,0.0,False
2022-02-12 09:10:00,0.0,False
2022-02-12 09:20:00,0.0,False
2022-02-12 09:30:00,0.0,False
2022-02-12 09:40:00,0.0,False
2022-02-12 09:50:00,,False
2022-02-12 10:00:00,0.0,False
2022-02-12 10:10:00,0.0,False
2022-02-12 10:20:00,0.0,False
2022-02-12 10:30:00,0.0,False
2022-02-12 10:40:00,0.0,False
2022-02-12 10:50:00,0.0,False
2022-02-12 11:00:00,0.0,False
2022-02-12 11:10:00,0.0,False
2022-02-12 11:20:00,0.0,False
2022-02-12 11:30:00,0.0,False
2022-02-12 11:40:00,0.0,False
2022-02-12 11:50:00,0.0,False
2022-02-12 12:00:00,0.0,False
2022-02-12 12:10:00,0.0,False
2022-02-12 12:20:00,0.0,False
2022-02-12 12:30:00,0.0,False
2022-02-12 12:40:00,0.0,False
2022-02-12 12:50:00,0.0,False
2022-02-12 13:00:00,0.0,False
2022-02-12 13:10:00,0.0,False
2022-02-12 13:20:00,0.0,False
2022-02-12 13:30:00,0.0,False
2022-02-12 13:40:00,0.0,False
2022-02-12 13:50:00,0.0,False
2022-02-12 14:00:00,0.0,False
2022-02-12 14:10:00,0.0,False
2022-02-12 14:20:00,0.0,False
2022-02-12 14:30:00,0.0,False
2022-02-12 14:40:00,0.0,False
2022-02-12 14:50:00,0.0,False
2022-02-12 15:00:00,,False
2022-02-12 15:10:00,0.0,False
2022-02-12 15:20:00,0.0,False
2022-02-12 15:30:00,0.0,False
2022-02-12 15:40:00,0.0,False
2022-02-12 15:50:00,0.0,False
2022-02-12 16:00:00,0.0,False
2022-02-12 16:10:00,0.0,False
2022-02-12 16:20:00,0.0,False
2022-02-12 16:30:00,0.0,False
2022-02-12 16:40:00,0.0,False
2022-02-12 16:50:00,0.0,False
2022-02-12 17:00:00,0.0,False
2022-02-12 17:10:00,,False
2022-02-12 17:20:00,0.0,False
2022-02-12 17:30:00,,False
2022-02-12 17:40:00,0.0,False
2022-02-12 17:50:00,0.0,False
2022-02-12 18:00:00,0.0,False
2022-02-12 18:10:00,0.0,False
2022-02-12 18:20:00,0.0,False
2022-02-12 18:30:00,0.0,False
2022-02-12 18:40:00,0.0,False
2022-02-12 18:50:00,0.0,False
2022-02-12 19:00:00,0.0,False
2022-02-12 19:10:00,0.0,False
2022-02-12 19:20:00,,False
2022-02-12 19:30:00,0.0,False
2022-02-12 19:40:00,0.0,False
2022-02-12 19:50:00,0.0,False
2022-02-12 20:00:00,0.0,False
2022-02-12 20:10:00,0.0,False
2022-02-12 20:20:00,0.0,False
2022-02-12 20:30:00,0.0,False
2022-02-12 20:40:00,,False
2022-02-12 20:50:00,0.0,False
2022-02-12 21:00:00,0.0,False
2022-02-12 21:10:00,0.0,False
2022-02-12 21:20:00,,False
2022-02-12 21:30:00,0.0,False
2022-02-12 21:40:00,0.0,False
2022-02-12 21:50:00,0.0,False
2022-02-12 22:00:00,0.0,False
2022-02-12 22:10:00,0.0,False
2022-02-12 22:20:00,0.0,False
2022-02-12 22:30:00,0.0,False
2022-02-12 22:40:00,0.0,False
2022-02-12 22:50:00,0.0,False
2022-02-12 23:00:00,0.0,False
2022-02-12 23:10:00,0.0,False
2022-02-12 23:20:00,0.0,False
2022-02-12 23:30:00,0.0,False
2022-02-12 23:40:00,0.0,False
2022-02-12 23:50:00,0.0,False
2022-02-13 00:00:00,0.0,False
2022-02-13 00:10:00,0.0,False
2022-02-13 00:20:00,0.0,False
2022-02-13 00:30:00,0.0,False
2022-02-13 00:40:00,0.0,False
2022-02-13 00:50:00,0.0,False
2022-02-13 01:00:00,,False
2022-02-13 01:10:00,0.0,False
2022-02-13 01:20:00,0.0,False
2022-02-13 01:30:00,0.0,False
2022-02-13 01:40:00,0.0,False
2022-02-13 01:50:00,0.0,False
2022-02-13 02:00:00,0.0,False
2022-02-13 02:10:00,0.0,False
2022-02-13 02:20:00,0.0,False
2022-02-13 02:30:00,0.0,False
2022-02-13 02:40:00,0.0,False
2022-02-13 02:50:00,0.0,False
2022-02-13 03:00:00,0.0,False
2022-02-13 03:10:00,0.0,False
2022-02-13 03:20:00,0.0,False
2022-02-13 03:30:00,0.0,False
2022-02-13 03:40:00,0.0,False
2022-02-13 03:50:00,0.0,False
2022-02-13 04:00:00,0.0,False
2022-02-13 04:10:00,0.0,False
2022-02-13 04:20:00,0.0,False
2022-02-13 04:30:00,0.0,False
2022-02-13 04:40:00,0.0,False
2022-02-13 04:50:00,0.0,False
2022-02-13 05:00:00,0.0,False
2022-02-13 05:10:00,0.0,False
2022-02-13 05:20:00,0.0,False
2022-02-13 05:30:00,0.0,False
2022-02-13 05:40:00,0.0,False
2022-02-13 05:50:00,0.0,False
2022-02-13 06:00:00,0.0,False
2022-02-13 06:10:00,0.0,False
2022-02-13 06:20:00,0.0,False
2022-02-13 06:30:00,0.0,False
2022-02-13 06:40:00,0.0,False
2022-02-13 06:50:00,0.0,False
2022-02-13 07:00:00,0.0,False
2022-02-13 07:10:00,0.0,False
2022-02-13 07:20:00,0.0,False
2022-02-13 07:30:00,0.0,False
2022-02-13 07:40:00,0.0,False
2022-02-13 07:50:00,0.0,False
2022-02-13 08:00:00,0.0,False
2022-02-13 08:10:00,,False
2022-02-13 08:20:00,0.0,False
2022-02-13 08:30:00,0.0,False
2022-02-13 08:40:00,0.0,False
2022-02-13 08:50:00,0.0,False
2022-02-13 09:00:00,0.0,False
2022-02-13 09:10:00,0.0,False
2022-02-13 09:20:00,0.0,False
2022-02-13 09:30:00,0.0,False
2022-02-13 09:40:00,0.0,False
2022-02-13 09:50:00,0.0,False
2022-02-13 10:00:00,0.0,False
2022-02-13 10:10:00,0.0,False
2022-02-13 10:20:00,0.0,False
2022-02-13 10:30:00,0.0,False
2022-02-13 10:40:00,0.0,False
2022-02-13 10:50:00,,False
2022-02-13 11:00:00,0.0,False
2022-02-13 11:10:00,0.0,False
2022-02-13 11:20:00,0.0,False
2022-02-13 11:30:00,0.0,False
2022-02-13 11:40:00,0.0,False
2022-02-13 11:50:00,0.0,False
2022-02-13 12:00:00,0.0,False
2022-02-13 12:10:00,0.0,False
2022-02-13 12:20:00,0.0,False
2022-02-13 12:30:00,0.0,False
2022-02-13 12:40:00,0.0,False
2022-02-13 12:50:00,,False
2022-02-13 13:00:00,0.0,False
2022-02-13 13:10:00,0.0,False
2022-02-13 13:20:00,0.0,False
2022-02-13 13:30:00,0.0,False
2022-02-13 13:40:00,0.0,False
2022-02-13 13:50:00,0.0,False
2022-02-13 14:00:00,0.0,False
2022-02-13 14:10:00,0.0,False
2022-02-13 14:20:00,0.0,False
2022-02-13 14:30:00,0.0,False
2022-02-13 14:40:00,0.0,False
2022-02-13 14:50:00,0.0,False
2022-02-13 15:00:00,0.0,False
2022-02-13 15:10:00,0.0,False
2022-02-13 15:20:00,0.0,False
2022-02-13 15:30:00,0.0,False
2022-02-13 15:40:00,0.0,False
2022-02-13 15:50:00,0.0,False
2022-02-13 16:00:00,0.0,False
2022-02-13 16:10:00,0.0,False
2022-02-13 16:20:00,0.0,False
2022-02-13 16:30:00,0.0,False
2022-02-13 16:40:00,0.0,False
2022-02-13 16:50:00,0.0,False
2022-02-13 17:00:00,0.0,False
2022-02-13 17:10:00,0.0,False
2022-02-13 17:20:00,0.0,False
2022-02-13 17:30:00,,False
2022-02-13 17:40:00,0.0,False
2022-02-13 17:50:00,0.0,False
2022-02-13 18:00:00,0.0,False
2022-02-13 18:10:00,0.0,False
2022-02-13 18:20:00,0.0,False
2022-02-13 18:30:00,0.0,False
2022-02-13 18:40:00,0.0,False
2022-02-13 18:50:00,0.0,False
2022-02-13 19:00:00,0.0,False
2022-02-13 19:10:00,0.0,False
2022-02-13 19:20:00,0.0,False
2022-02-13 19:30:00,0.0,False
2022-02-13 19:40:00,0.0,False
2022-02-13 19:50:00,0.0,False
2022-02-13 20:00:00,0.0,False
2022-02-13 20:10:00,0.0,False
2022-02-13 20:20:00,0.0,False
2022-02-13 20:30:00,0.0,False
2022-02-13 20:40:00,0.0,False
2022-02-13 20:50:00,0.0,False
2022-02-13 21:00:00,0.0,False
2022-02-13 21:10:00,0.0,False
2022-02-13 21:20:00,0.0,False
2022-02-13 21:30:00,0.0,False
2022-02-13 21:40:00,0.0,False
2022-02-13 21:50:00,0.0,False
2022-02-13 22:00:00,0.0,False
2022-02-13 22:10:00,0.0,False
2022-02-13 22:20:00,0.0,False
2022-02-13 22:30:00,,False
2022-02-13 22:40:00,0.0,False
2022-02-13 22:50:00,0.0,False
2022-02-13 23:00:00,0.0,False
2022-02-13 23:10:00,0.0,False
2022-02-13 23:20:00,0.0,False
2022-02-13 23:30:00,0.0,False
2022-02-13 23:40:00,0.0,False
2022-02-13 23:50:00,0.0,False
2022-02-14 00:00:00,0.0,False
2022-02-14 00:10:00,0.0,False
2022-02-14 00:20:00,0.0,False
2022-02-14 00:30:00,0.0,False
2022-02-14 00:40:00,0.0,False
2022-02-14 00:50:00,0.0,False
2022-02-14 01:00:00,0.0,False
2022-02-14 01:10:00,0.0,False
2022-02-14 01:20:00,0.0,False
2022-02-14 01:30:00,0.0,False
2022-02-14 01:40:00,0.0,False
2022-02-14 01:50:00,0.0,False
2022-02-14 02:00:00,0.0,False
2022-02-14 02:10:00,0.0,False
2022-02-14 02:20:00,0.0,False
2022-02-14 02:30:00,0.0,False
2022-02-14 02:40:00,0.0,False
2022-02-14 02:50:00,0.0,False
2022-02-14 03:00:00,0.0,False
2022-02-14 03:10:00,0.0,False
2022-02-14 03:20:00,0.0,False
2022-02-14 03:30:00,0.0,False
2022-02-14 03:40:00,0.0,False
2022-02-14 03:50:00,0.0,False
2022-02-14 04:00:00,0.0,False
2022-02-14 04:10:00,0.0,False
2022-02-14 04:20:00,0.0,False
2022-02-14 04:30:00,0.0,False
2022-02-14 04:40:00,0.0,False
2022-02-14 04:50:00,0.0,False
2022-02-14 05:00:00,0.0,False
2022-02-14 05:10:00,0.0,False
2022-02-14 05:20:00,,False
2022-02-14 05:30:00,0.0,False
2022-02-14 05:40:00,0.0,False
2022-02-14 05:50:00,0.0,False
2022-02-14 06:00:00,0.0,False
2022-02-14 06:10:00,0.0,False
2022-02-14 06:20:00,0.0,False
2022-02-14 06:30:00,0.0,False
2022-02-14 06:40:00,0.0,False
2022-02-14 06:50:00,0.0,False
2022-02-14 07:00:00,0.0,False
2022-02-14 07:10:00,0.0,False
2022-02-14 07:20:00,0.0,False
2022-02-14 07:30:00,0.0,False
2022-02-14 07:40:00,0.0,False
2022-02-14 07:50:00,0.0,False
2022-02-14 08:00:00,0.0,False
2022-02-14 08:10:00,0.0,False
2022-02-14 08:20:00,0.0,False
2022-02-14 08:30:00,0.0,False
2022-02-14 08:40:00,0.0,False
2022-02-14 08:50:00,0.0,False
2022-02-14 09:00:00,0.0,False
2022-02-14 09:10:00,0.0,False
2022-02-14 09:20:00,0.0,False
2022-02-14 09:30:00,0.0,False
2022-02-14 09:40:00,0.0,False
2022-02-14 09:50:00,0.0,False
2022-02-14 10:00:00,0.0,False
2022-02-14 10:10:00,0.0,False
2022-02-14 10:20:00,0.0,False
2022-02-14 10:30:00,0.0,False
2022-02-14 10:40:00,0.0,False
2022-02-14 10:50:00,0.0,False
2022-02-14 11:00:00,0.0,False
2022-02-14 11:10:00,0.0,False
2022-02-14 11:20:00,,False
2022-02-14 11:30:00,0.0,False
2022-02-14 11:40:00,0.0,False
2022-02-14 11:50:00,0.0,False
2022-02-14 12:00:00,0.0,False
2022-02-14 12:10:00,0.0,False
2022-02-14 12:20:00,0.0,False
2022-02-14 12:30:00,,False
2022-02-14 12:40:00,0.0,False
2022-02-14 12:50:00,,False
2022-02-14 13:00:00,0.0,False
2022-02-14 13:10:00,0.0,False
2022-02-14 13:20:00,0.0,False
2022-02-14 13:30:00,0.0,False
2022-02-14 13:40:00,0.0,False
2022-02-14 13:50:00,0.0,False
2022-02-14 14:00:00,0.0,False
2022-02-14 14:10:00,0.0,False
2022-02-14 14:20:00,0.0,False
2022-02-14 14:30:00,0.0,False
2022-02-14 14:40:00,0.0,False
2022-02-14 14:50:00,0.0,False
2022-02-14 15:00:00,0.0,False
2022-02-14 15:10:00,0.0,False
2022-02-14 15:20:00,0.0,False
2022-02-14 15:30:00,0.0,False
2022-02-14 15:40:00,0.0,False
2022-02-14 15:50:00,0.0,False
2022-02-14 16:00:00,0.0,False
2022-02-14 16:10:00,0.0,False
2022-02-14 16:20:00,0.0,False
2022-02-14 16:30:00,0.0,False
2022-02-14 16:40:00,0.0,False
2022-02-14 16:50:00,0.0,False
2022-02-14 17:00:00,0.0,False
2022-02-14 17:10:00,0.0,False
2022-02-14 17:20:00,0.0,False
2022-02-14 17:30:00,0.0,False
2022-02-14 17:40:00,0.0,False
2022-02-14 17:50:00,0.0,False
2022-02-14 18:00:00,0.0,False
2022-02-14 18:10:00,0.0,False
2022-02-14 18:20:00,0.0,False
2022-02-14 18:30:00,0.0,False
2022-02-14 18:40:00,0.0,False
2022-02-14 18:50:00,,False
2022-02-14 19:00:00,0.0,False
2022-02-14 19:10:00,0.0,False
2022-02-14 19:20:00,0.0,False
2022-02-14 19:30:00,0.0,False
2022-02-14 19:40:00,0.0,False
2022-02-14 19:50:00,0.0,False
2022-02-14 20:00:00,0.0,False
2022-02-14 20:10:00,0.0,False
2022-02-14 20:20:00,0.0,False
2022-02-14 20:30:00,0.0,False
2022-02-14 20:40:00,0.0,False
2022-02-14 20:50:00,0.0,False
2022-02-14 21:00:00,0.0,False
2022-02-14 21:10:00,0.0,False
2022-02-14 21:20:00,0.0,False
2022-02-14 21:30:00,0.0,False
2022-02-14 21:40:00,0.0,False
2022-02-14 21:50:00,0.0,False
2022-02-14 22:00:00,0.0,False
2022-02-14 22:10:00,0.0,False
2022-02-14 22:20:00,0.0,False
2022-02-14 22:30:00,0.0,False
2022-02-14 22:40:00,0.0,False
2022-02-14 22:50:00,0.0,False
2022-02-14 23:00:00,0.0,False
2022-02-14 23:10:00,0.0,False
2022-02-14 23:20:00,0.0,False
2022-02-14 23:30:00,0.0,False
2022-02-14 23:40:00,0.0,False
2022-02-14 23:50:00,0.0,False
2022-02-15 00:00:00,0.0,False
2022-02-15 00:10:00,0.0,False
2022-02-15 00:20:00,,False
2022-02-15 00:30:00,0.0,False
2022-02-15 00:40:00,0.0,False
2022-02-15 00:50:00,0.0,False
2022-02-15 01:00:00,0.0,False
2022-02-15 01:10:00,0.0,False
2022-02-15 01:20:00,0.0,False
2022-02-15 01:30:00,0.0,False
2022-02-15 01:40:00,0.0,False
2022-02-15 01:50:00,0.0,False
2022-02-15 02:00:00,0.0,False
2022-02-15 02:10:00,0.0,False
2022-02-15 02:20:00,0.0,False
2022-02-15 02:30:00,0.0,False
2022-02-15 02:40:00,0.0,False
2022-02-15 02:50:00,0.0,False
2022-02-15 03:00:00,0.0,False
2022-02-15 03:10:00,0.0,False
2022-02-15 03:20:00,0.0,False
2022-02-15 03:30:00,0.0,False
2022-02-15 03:40:00,0.0,False
2022-02-15 03:50:00,0.0,False
2022-02-15 04:00:00,0.0,False
2022-02-15 04:10:00,0.0,False
2022-02-15 04:20:00,0.0,False
2022-02-15 04:30:00,0.0,False
2022-02-15 04:40:00,0.0,False
2022-02-15 04:50:00,0.0,False
2022-02-15 05:00:00,0.0,False
2022-02-15 05:10:00,0.0,False
2022-02-15 05:20:00,0.0,False
2022-02-15 05:30:00,0.0,False
2022-02-15 05:40:00,0.0,False
2022-02-15 05:50:00,0.0,False
2022-02-15 06:00:00,0.0,False
2022-02-15 06:10:00,0.0,False
2022-02-15 06:20:00,0.0,False
2022-02-15 06:30:00,0.0,False
2022-02-15 06:40:00,0.0,False
2022-02-15 06:50:00,0.0,False
2022-02-15 07:00:00,0.0,False
2022-02-15 07:10:00,0.0,False
2022-02-15 07:20:00,0.0,False
2022-02-15 07:30:00,0.0,False
2022-02-15 07:40:00,0.0,False
2022-02-15 07:50:00,0.0,False
2022-02-15 08:00:00,0.0,False
2022-02-15 08:10:00,0.0,False
2022-02-15 08:20:00,0.0,False
2022-02-15 08:30:00,0.0,False
2022-02-15 08:40:00,0.0,False
2022-02-15 08:50:00,0.0,False
2022-02-15 09:00:00,0.0,False
2022-02-15 09:10:00,0.0,False
2022-02-15 09:20:00,0.0,False
2022-02-15 09:30:00,,False
2022-02-15 09:40:00,0.0,False
2022-02-15 09:50:00,0.0,False
2022-02-15 10:00:00,0.0,False
2022-02-15 10:10:00,0.0,False
2022-02-15 10:20:00,0.0,False
2022-02-15 10:30:00,0.0,False
2022-02-15 10:40:00,0.0,False
2022-02-15 10:50:00,0.0,False
2022-02-15 11:00:00,0.0,False
2022-02-15 11:10:00,0.0,False
2022-02-15 11:20:00,,False
2022-02-15 11:30:00,0.0,False
2022-02-15 11:40:00,0.0,False
2022-02-15 11:50:00,0.0,False
2022-02-15 12:00:00,0.0,False
2022-02-15 12:10:00,0.0,False
2022-02-15 12:20:00,,False
2022-02-15 12:30:00,0.0,False
2022-02-15 12:40:00,0.0,False
2022-02-15 12:50:00,0.0,False
2022-02-15 13:00:00,0.0,False
2022-02-15 13:10:00,0.0,False
2022-02-15 13:20:00,0.0,False
2022-02-15 13:30:00,0.0,False
2022-02-15 13:40:00,,False
2022-02-15 13:50:00,0.0,False
2022-02-15 14:00:00,0.0,False
2022-02-15 14:10:00,0.0,False
2022-02-15 14:20:00,0.0,False
2022-02-15 14:30:00,0.0,False
2022-02-15 14:40:00,0.0,False
2022-02-15 14:50:00,,False
2022-02-15 15:00:00,0.0,False
2022-02-15 15:10:00,0.0,False
2022-02-15 15:20:00,,False
2022-02-15 15:30:00,0.0,False
2022-02-15 15:40:00,0.0,False
2022-02-15 15:50:00,0.0,False
2022-02-15 16:00:00,0.0,False
2022-02-15 16:10:00,,False
2022-02-15 16:20:00,0.0,False
2022-02-15 16:30:00,0.0,False
2022-02-15 16:40:00,0.0,False
2022-02-15 16:50:00,0.0,False
2022-02-15 17:00:00,0.0,False
2022-02-15 17:10:00,0.0,False
2022-02-15 17:20:00,0.0,False
2022-02-15 17:30:00,0.0,False
2022-02-15 17:40:00,0.0,False
2022-02-15 17:50:00,0.0,False
2022-02-15 18:00:00,0.0,False
2022-02-15 18:10:00,0.0,False
2022-02-15 18:20:00,0.0,False
2022-02-15 18:30:00,0.0,False
2022-02-15 18:40:00,0.0,False
2022-02-15 18:50:00,0.0,False
2022-02-15 19:00:00,0.0,False
2022-02-15 19:10:00,0.0,False
2022-02-15 19:20:00,0.0,False
2022-02-15 19:30:00,0.0,False
2022-02-15 19:40:00,0.0,False
2022-02-15 19:50:00,0.0,False
2022-02-15 20:00:00,0.0,False
2022-02-15 20:10:00,0.0,False
2022-02-15 20:20:00,0.0,False
2022-02-15 20:30:00,0.0,False
2022-02-15 20:40:00,0.0,False
2022-02-15 20:50:00,0.0,False
2022-02-15 21:00:00,,False
2022-02-15 21:10:00,0.0,False
2022-02-15 21:20:00,0.0,False
2022-02-15 21:30:00,0.0,False
2022-02-15 21:40:00,0.0,False
2022-02-15 21:50:00,0.0,False
2022-02-15 22:00:00,0.0,False
2022-02-15 22:10:00,0.0,False
2022-02-15 22:20:00,0.0,False
2022-02-15 22:30:00,0.0,False
2022-02-15 22:40:00,0.0,False
2022-02-15 22:50:00,0.0,False
2022-02-15 23:00:00,0.0,False
2022-02-15 23:10:00,0.0,False
2022-02-15 23:20:00,0.0,False
2022-02-15 23:30:00,0.0,False
2022-02-15 23:40:00,0.0,False
2022-02-15 23:50:00,0.0,False
2022-02-16 00:00:00,0.0,False
2022-02-16 00:10:00,0.0,False
2022-02-16 00:20:00,0.0,False
2022-02-16 00:30:00,0.0,False
2022-02-16 00:40:00,0.0,False
2022-02-16 00:50:00,0.0,False
2022-02-16 01:00:00,0.0,False
2022-02-16 01:10:00,0.0,False
2022-02-16 01:20:00,0.0,False
2022-02-16 01:30:00,0.0,False
2022-02-16 01:40:00,0.0,False
2022-02-16 01:50:00,0.0,False
2022-02-16 02:00:00,0.0,False
2022-02-16 02:10:00,0.0,False
2022-02-16 02:20:00,,False
2022-02-16 02:30:00,0.0,False
2022-02-16 02:40:00,0.0,False
2022-02-16 02:50:00,0.0,False
2022-02-16 03:00:00,0.0,False
2022-02-16 03:10:00,0.0,False
2022-02-16 03:20:00,0.0,False
2022-02-16 03:30:00,0.0,False
2022-02-16 03:40:00,0.0,False
2022-02-16 03:50:00,0.0,False
2022-02-16 04:00:00,,False
2022-02-16 04:10:00,0.0,False
2022-02-16 04:20:00,0.0,False
2022-02-16 04:30:00,0.0,False
2022-02-16 04:40:00,0.0,False
2022-02-16 04:50:00,0.0,False
2022-02-16 05:00:00,,False
2022-02-16 05:10:00,,False
2022-02-16 05:20:00,0.0,False
2022-02-16 05:30:00,0.0,False
2022-02-16 05:40:00,0.0,False
2022-02-16 05:50:00,0.0,False
2022-02-16 06:00:00,0.0,False
2022-02-16 06:10:00,0.0,False
2022-02-16 06:20:00,0.0,False
2022-02-16 06:30:00,0.0,False
2022-02-16 06:40:00,0.0,False
2022-02-16 06:50:00,0.0,False
2022-02-16 07:00:00,0.0,False
2022-02-16 07:10:00,0.0,False
2022-02-16 07:20:00,0.0,False
2022-02-16 07:30:00,,False
2022-02-16 07:40:00,0.0,False
2022-02-16 07:50:00,0.0,False
2022-02-16 08:00:00,0.0,False
2022-02-16 08:10:00,0.0,False
2022-02-16 08:20:00,0.0,False
2022-02-16 08:30:00,0.0,False
2022-02-16 08:40:00,0.0,False
2022-02-16 08:50:00,,False
2022-02-16 09:00:00,0.0,False
2022-02-16 09:10:00,0.0,False
2022-02-16 09:20:00,0.0,False
2022-02-16 09:30:00,0.0,False
2022-02-16 09:40:00,0.0,False
2022-02-16 09:50:00,0.0,False
2022-02-16 10:00:00,0.0,False
2022-02-16 10:10:00,0.0,False
2022-02-16 10:20:00,0.0,False
2022-02-16 10:30:00,0.0,False
2022-02-16 10:40:00,0.0,False
2022-02-16 10:50:00,0.0,False
2022-02-16 11:00:00,0.0,False
2022-02-16 11:10:00,,False
2022-02-16 11:20:00,0.0,False
2022-02-16 11:30:00,,False
2022-02-16 11:40:00,0.0,False
2022-02-16 11:50:00,0.0,False
2022-02-16 12:00:00,0.0,False
2022-02-16 12:10:00,0.0,False
2022-02-16 12:20:00,0.0,False
2022-02-16 12:30:00,0.0,False
2022-02-16 12:40:00,0.0,False
2022-02-16 12:50:00,0.0,False
2022-02-16 13:00:00,0.0,False
2022-02-16 13:10:00,0.0,False
2022-02-16 13:20:00,0.0,False
2022-02-16 13:30:00,0.0,False
2022-02-16 13:40:00,0.0,False
2022-02-16 13:50:00,0.0,False
2022-02-16 14:00:00,0.0,False
2022-02-16 14:10:00,0.0,False
2022-02-16 14:20:00,0.0,False
2022-02-16 14:30:00,0.0,False
2022-02-16 14:40:00,0.0,False
2022-02-16 14:50:00,0.0,False
2022-02-16 15:00:00,0.0,False
2022-02-16 15:10:00,0.0,False
2022-02-16 15:20:00,0.0,False
2022-02-16 15:30:00,0.0,False
2022-02-16 15:40:00,,False
2022-02-16 15:50:00,0.0,False
2022-02-16 16:00:00,0.0,False
2022-02-16 16:10:00,,False
2022-02-16 16:20:00,,False
2022-02-16 16:30:00,0.0,False
2022-02-16 16:40:00,0.0,False
2022-02-16 16:50:00,0.0,False
2022-02-16 17:00:00,0.0,False
2022-02-16 17:10:00,0.0,False
2022-02-16 17:20:00,0.0,False
2022-02-16 17:30:00,0.0,False
2022-02-16 17:40:00,0.0,False
2022-02-16 17:50:00,0.0,False
2022-02-16 18:00:00,0.0,False
2022-02-16 18:10:00,0.0,False
2022-02-16 18:20:00,0.0,False
2022-02-16 18:30:00,0.0,False
2022-02-16 18:40:00,0.0,False
2022-02-16 18:50:00,0.0,False
2022-02-16 19:00:00,0.0,False
2022-02-16 19:10:00,0.0,False
2022-02-16 19:20:00,0.0,False
2022-02-16 19:30:00,0.0,False
2022-02-16 19:40:00,0.0,False
2022-02-16 19:50:00,0.0,False
2022-02-16 20:00:00,0.0,False
2022-02-16 20:10:00,0.0,False
2022-02-16 20:20:00,0.0,False
2022-02-16 20:30:00,0.0,False
2022-02-16 20:40:00,0.0,False
2022-02-16 20:50:00,0.0,False
2022-02-16 21:00:00,0.0,False
2022-02-16 21:10:00,0.0,False
2022-02-16 21:20:00,0.0,False
2022-02-16 21:30:00,0.0,False
2022-02-16 21:40:00,0.0,False
2022-02-16 21:50:00,0.0,False
2022-02-16 22:00:00,0.0,False
2022-02-16 22:10:00,0.0,False
2022-02-16 22:20:00,0.0,False
2022-02-16 22:30:00,0.0,False
2022-02-16 22:40:00,,False
2022-02-16 22:50:00,0.0,False
2022-02-16 23:00:00,0.0,False
2022-02-16 23:10:00,0.0,False
2022-02-16 23:20:00,0.0,False
2022-02-16 23:30:00,0.0,False
2022-02-16 23:40:00,0.0,False
2022-02-16 23:50:00,0.0,False
2022-02-17 00:00:00,0.0,False
2022-02-17 00:10:00,0.0,False
2022-02-17 00:20:00,0.0,False
2022-02-17 00:30:00,0.0,False
2022-02-17 00:40:00,0.0,False
2022-02-17 00:50:00,0.0,False
2022-02-17 01:00:00,0.0,False
2022-02-17 01:10:00,0.0,False
2022-02-17 01:20:00,0.0,False
2022-02-17 01:30:00,0.0,False
2022-02-17 01:40:00,0.0,False
2022-02-17 01:50:00,0.0,False
2022-02-17 02:00:00,0.0,False
2022-02-17 02:10:00,0.0,False
2022-02-17 02:20:00,0.0,False
2022-02-17 02:30:00,0.0,False
2022-02-17 02:40:00,0.0,False
2022-02-17 02:50:00,0.0,False
2022-02-17 03:00:00,0.0,False
2022-02-17 03:10:00,0.0,False
2022-02-17 03:20:00,0.0,False
2022-02-17 03:30:00,0.0,False
2022-02-17 03:40:00,0.0,False
2022-02-17 03:50:00,0.0,False
2022-02-17 04:00:00,0.0,False
2022-02-17 04:10:00,0.0,False
2022-02-17 04:20:00,0.0,False
2022-02-17 04:30:00,0.0,False
2022-02-17 04:40:00,0.0,False
2022-02-17 04:50:00,0.0,False
2022-02-17 05:00:00,0.0,False
2022-02-17 05:10:00,0.0,False
2022-02-17 05:20:00,0.0,False
2022-02-17 05:30:00,0.0,False
2022-02-17 05:40:00,0.0,False
2022-02-17 05:50:00,0.0,False
2022-02-17 06:00:00,0.0,False
2022-02-17 06:10:00,0.0,False
2022-02-17 06:20:00,0.0,False
2022-02-17 06:30:00,0.0,False
2022-02-17 06:40:00,0.0,False
2022-02-17 06:50:00,0.0,False
2022-02-17 07:00:00,0.0,False
2022-02-17 07:10:00,0.0,False
2022-02-17 07:20:00,0.0,False
2022-02-17 07:30:00,0.0,False
2022-02-17 07:40:00,0.0,False
2022-02-17 07:50:00,0.0,False
2022-02-17 08:00:00,,False
2022-02-17 08:10:00,0.0,False
2022-02-17 08:20:00,0.0,False
2022-02-17 08:30:00,0.0,False
2022-02-17 08:40:00,0.0,False
2022-02-17 08:50:00,0.0,False
2022-02-17 09:00:00,0.0,False
2022-02-17 09:10:00,0.0,False
2022-02-17 09:20:00,0.0,False
2022-02-17 09:30:00,0.0,False
2022-02-17 09:40:00,0.0,False
2022-02-17 09:50:00,0.0,False
2022-02-17 10:00:00,0.0,False
2022-02-17 10:10:00,0.0,False
2022-02-17 10:20:00,0.0,False
2022-02-17 10:30:00,0.0,False
2022-02-17 10:40:00,0.0,False
2022-02-17 10:50:00,0.0,False
2022-02-17 11:00:00,0.0,False
2022-02-17 11:10:00,0.0,False
2022-02-17 11:20:00,0.0,False
2022-02-17 11:30:00,0.0,False
2022-02-17 11:40:00,0.0,False
2022-02-17 11:50:00,,False
2022-02-17 12:00:00,0.0,False
2022-02-17 12:10:00,0.0,False
2022-02-17 12:20:00,0.0,False
2022-02-17 12:30:00,0.0,False
2022-02-17 12:40:00,,False
2022-02-17 12:50:00,0.0,False
2022-02-17 13:00:00,0.0,False
2022-02-17 13:10:00,0.0,False
2022-02-17 13:20:00,0.0,False
2022-02-17 13:30:00,0.0,False
2022-02-17 13:40:00,0.0,False
2022-02-17 13:50:00,0.0,False
2022-02-17 14:00:00,0.0,False
2022-02-17 14:10:00,0.0,False
2022-02-17 14:20:00,0.0,False
2022-02-17 14:30:00,0.0,False
2022-02-17 14:40:00,0.0,False
2022-02-17 14:50:00,0.0,False
2022-02-17 15:00:00,0.0,False
2022-02-17 15:10:00,0.0,False
2022-02-17 15:20:00,0.0,False
2022-02-17 15:30:00,0.0,False
2022-02-17 15:40:00,0.0,False
2022-02-17 15:50:00,0.0,False
2022-02-17 16:00:00,0.0,False
2022-02-17 16:10:00,0.0,False
2022-02-17 16:20:00,0.0,False
2022-02-17 16:30:00,0.0,False
2022-02-17 16:40:00,0.0,False
2022-02-17 16:50:00,0.0,False
2022-02-17 17:00:00,0.0,False
2022-02-17 17:10:00,0.0,False
2022-02-17 17:20:00,0.0,False
2022-02-17 17:30:00,0.0,False
2022-02-17 17:40:00,0.0,False
2022-02-17 17:50:00,0.0,False
2022-02-17 18:00:00,0.0,False
2022-02-17 18:10:00,0.0,False
2022-02-17 18:20:00,,False
2022-02-17 18:30:00,0.0,False
2022-02-17 18:40:00,0.0,False
2022-02-17 18:50:00,0.0,False
2022-02-17 19:00:00,0.0,False
2022-02-17 19:10:00,,False
2022-02-17 19:20:00,0.0,False
2022-02-17 19:30:00,0.0,False
2022-02-17 19:40:00,0.0,False
2022-02-17 19:50:00,0.0,False
2022-02-17 20:00:00,0.0,False
2022-02-17 20:10:00,0.0,False
2022-02-17 20:20:00,0.0,False
2022-02-17 20:30:00,0.0,False
2022-02-17 20:40:00,0.0,False
2022-02-17 20:50:00,0.0,False
2022-02-17 21:00:00,0.0,False
2022-02-17 21:10:00,0.0,False
2022-02-17 21:20:00,0.0,False
2022-02-17 21:30:00,0.0,False
2022-02-17 21:40:00,0.0,False
2022-02-17 21:50:00,0.0,False
2022-02-17 22:00:00,0.0,False
2022-02-17 22:10:00,0.0,False
2022-02-17 22:20:00,0.0,False
2022-02-17 22:30:00,0.0,False
2022-02-17 22:40:00,0.0,False
2022-02-17 22:50:00,0.0,False
2022-02-17 23:00:00,0.0,False
2022-02-17 23:10:00,0.0,False
2022-02-17 23:20:00,0.0,False
2022-02-17 23:30:00,0.0,False
2022-02-17 23:40:00,,False
2022-02-17 23:50:00,0.0,False
2022-02-18 00:00:00,0.0,False
2022-02-18 00:10:00,0.0,False
2022-02-18 00:20:00,0.0,False
2022-02-18 00:30:00,0.0,False
2022-02-18 00:40:00,0.0,False
2022-02-18 00:50:00,0.0,False
2022-02-18 01:00:00,0.0,False
2022-02-18 01:10:00,0.0,False
2022-02-18 01:20:00,0.0,False
2022-02-18 01:30:00,0.0,False
2022-02-18 01:40:00,0.0,False
2022-02-18 01:50:00,0.0,False
2022-02-18 02:00:00,0.0,False
2022-02-18 02:10:00,0.0,False
2022-02-18 02:20:00,0.0,False
2022-02-18 02:30:00,0.0,False
2022-02-18 02:40:00,0.0,False
2022-02-18 02:50:00,0.0,False
2022-02-18 03:00:00,0.0,False
2022-02-18 03:10:00,0.0,False
2022-02-18 03:20:00,0.0,False
2022-02-18 03:30:00,0.0,False
2022-02-18 03:40:00,0.0,False
2022-02-18 03:50:00,0.0,False
2022-02-18 04:00:00,0.0,False
2022-02-18 04:10:00,0.0,False
2022-02-18 04:20:00,0.0,False
2022-02-18 04:30:00,0.0,False
2022-02-18 04:40:00,0.0,False
2022-02-18 04:50:00,0.0,False
2022-02-18 05:00:00,0.0,False
2022-02-18 05:10:00,0.0,False
2022-02-18 05:20:00,0.0,False
2022-02-18 05:30:00,0.0,False
2022-02-18 05:40:00,,False
2022-02-18 05:50:00,0.0,False
2022-02-18 06:00:00,0.0,False
2022-02-18 06:10:00,0.0,False
2022-02-18 06:20:00,0.0,False
2022-02-18 06:30:00,0.0,False
2022-02-18 06:40:00,0.0,False
2022-02-18 06:50:00,0.0,False
2022-02-18 07:00:00,0.0,False
2022-02-18 07:10:00,0.0,False
2022-02-18 07:20:00,0.0,False
2022-02-18 07:30:00,0.0,False
2022-02-18 07:40:00,0.0,False
2022-02-18 07:50:00,,False
2022-02-18 08:00:00,0.0,False
2022-02-18 08:10:00,0.0,False
2022-02-18 08:20:00,0.0,False
2022-02-18 08:30:00,0.0,False
2022-02-18 08:40:00,0.0,False
2022-02-18 08:50:00,0.0,False
2022-02-18 09:00:00,0.0,False
2022-02-18 09:10:00,0.0,False
2022-02-18 09:20:00,0.0,False
2022-02-18 09:30:00,0.0,False
2022-02-18 09:40:00,0.0,False
2022-02-18 09:50:00,0.0,False
2022-02-18 10:00:00,0.0,False
2022-02-18 10:10:00,0.0,False
2022-02-18 10:20:00,0.0,False
2022-02-18 10:30:00,,False
2022-02-18 10:40:00,0.0,False
2022-02-18 10:50:00,0.0,False
2022-02-18 11:00:00,0.0,False
2022-02-18 11:10:00,0.0,False
2022-02-18 11:20:00,0.0,False
2022-02-18 11:30:00,0.0,False
2022-02-18 11:40:00,0.0,False
2022-02-18 11:50:00,0.0,False
2022-02-18 12:00:00,0.0,False
2022-02-18 12:10:00,0.0,False
2022-02-18 12:20:00,0.0,False
2022-02-18 12:30:00,0.0,False
2022-02-18 12:40:00,0.0,False
2022-02-18 12:50:00,0.0,False
2022-02-18 13:00:00,0.0,False
2022-02-18 13:10:00,0.0,False
2022-02-18 13:20:00,0.0,False
2022-02-18 13:30:00,0.0,False
2022-02-18 13:40:00,,False
2022-02-18 13:50:00,0.0,False
2022-02-18 14:00:00,0.0,False
2022-02-18 14:10:00,0.0,False
2022-02-18 14:20:00,0.0,False
2022-02-18 14:30:00,0.0,False
2022-02-18 14:40:00,0.0,False
2022-02-18 14:50:00,0.0,False
2022-02-18 15:00:00,0.0,False
2022-02-18 15:10:00,0.0,False
2022-02-18 15:20:00,0.0,False
2022-02-18 15:30:00,0.0,False
2022-02-18 15:40:00,0.0,False
2022-02-18 15:50:00,0.0,False
2022-02-18 16:00:00,0.0,False
2022-02-18 16:10:00,0.0,False
2022-02-18 16:20:00,0.0,False
2022-02-18 16:30:00,0.0,False
2022-02-18 16:40:00,0.0,False
2022-02-18 16:50:00,0.0,False
2022-02-18 17:00:00,0.0,False
2022-02-18 17:10:00,0.0,False
2022-02-18 17:20:00,0.0,False
2022-02-18 17:30:00,0.0,False
2022-02-18 17:40:00,0.0,False
2022-02-18 17:50:00,0.0,False
2022-02-18 18:00:00,0.0,False
2022-02-18 18:10:00,0.0,False
2022-02-18 18:20:00,,False
2022-02-18 18:30:00,0.0,False
2022-02-18 18:40:00,0.0,False
2022-02-18 18:50:00,0.0,False
2022-02-18 19:00:00,0.0,False
2022-02-18 19:10:00,0.0,False
2022-02-18 19:20:00,0.0,False
2022-02-18 19:30:00,0.0,False
2022-02-18 19:40:00,0.0,False
2022-02-18 19:50:00,0.0,False
2022-02-18 20:00:00,0.0,False
2022-02-18 20:10:00,0.0,False
2022-02-18 20:20:00,,False
2022-02-18 20:30:00,0.0,False
2022-02-18 20:40:00,0.0,False
2022-02-18 20:50:00,0.0,False
2022-02-18 21:00:00,0.0,False
2022-02-18 21:10:00,0.0,False
2022-02-18 21:20:00,0.0,False
2022-02-18 21:30:00,0.0,False
2022-02-18 21:40:00,0.0,False
2022-02-18 21:50:00,0.0,False
2022-02-18 22:00:00,0.0,False
2022-02-18 22:10:00,0.0,False
2022-02-18 22:20:00,0.0,False
2022-02-18 22:30:00,0.0,False
2022-02-18 22:40:00,,False
2022-02-18 22:50:00,0.0,False
2022-02-18 23:00:00,0.0,False
2022-02-18 23:10:00,0.0,False
2022-02-18 23:20:00,0.0,False
2022-02-18 23:30:00,0.0,False
2022-02-18 23:40:00,0.0,False
2022-02-18 23:50:00,,False
2022-02-19 00:00:00,0.0,False
2022-02-19 00:10:00,0.0,False
2022-02-19 00:20:00,0.0,False
2022-02-19 00:30:00,0.0,False
2022-02-19 00:40:00,0.0,False
2022-02-19 00:50:00,0.0,False
2022-02-19 01:00:00,0.0,False
2022-02-19 01:10:00,0.0,False
2022-02-19 01:20:00,0.0,False
2022-02-19 01:30:00,0.0,False
2022-02-19 01:40:00,0.0,False
2022-02-19 01:50:00,0.0,False
2022-02-19 02:00:00,0.0,False
2022-02-19 02:10:00,0.0,False
2022-02-19 02:20:00,0.0,False
2022-02-19 02:30:00,0.0,False
2022-02-19 02:40:00,0.0,False
2022-02-19 02:50:00,0.0,False
2022-02-19 03:00:00,0.0,False
2022-02-19 03:10:00,0.0,False
2022-02-19 03:20:00,0.0,False
2022-02-19 03:30:00,0.0,False
2022-02-19 03:40:00,,False
2022-02-19 03:50:00,0.0,False
2022-02-19 04:00:00,0.0,False
2022-02-19 04:10:00,0.0,False
2022-02-19 04:20:00,0.0,False
2022-02-19 04:30:00,,False
2022-02-19 04:40:00,0.0,False
2022-02-19 04:50:00,0.0,False
2022-02-19 05:00:00,0.0,False
2022-02-19 05:10:00,0.0,False
2022-02-19 05:20:00,0.0,False
2022-02-19 05:30:00,0.0,False
2022-02-19 05:40:00,0.0,False
2022-02-19 05:50:00,0.0,False
2022-02-19 06:00:00,0.0,False
2022-02-19 06:10:00,0.0,False
2022-02-19 06:20:00,0.0,False
2022-02-19 06:30:00,0.0,False
2022-02-19 06:40:00,0.0,False
2022-02-19 06:50:00,0.0,False
2022-02-19 07:00:00,0.0,False
2022-02-19 07:10:00,0.0,False
2022-02-19 07:20:00,0.0,False
2022-02-19 07:30:00,0.0,False
2022-02-19 07:40:00,0.0,False
2022-02-19 07:50:00,0.0,False
2022-02-19 08:00:00,0.0,False
2022-02-19 08:10:00,0.0,False
2022-02-19 08:20:00,0.0,False
2022-02-19 08:30:00,,False
2022-02-19 08:40:00,0.0,False
2022-02-19 08:50:00,0.0,False
2022-02-19 09:00:00,0.0,False
2022-02-19 09:10:00,0.0,False
2022-02-19 09:20:00,0.0,False
2022-02-19 09:30:00,0.0,False
2022-02-19 09:40:00,0.0,False
2022-02-19 09:50:00,0.0,False
2022-02-19 10:00:00,0.0,False
2022-02-19 10:10:00,0.0,False
2022-02-19 10:20:00,0.0,False
2022-02-19 10:30:00,0.0,False
2022-02-19 10:40:00,0.0,False
2022-02-19 10:50:00,,False
2022-02-19 11:00:00,0.0,False
2022-02-19 11:10:00,0.0,False
2022-02-19 11:20:00,0.0,False
2022-02-19 11:30:00,0.0,False
2022-02-19 11:40:00,0.0,False
2022-02-19 11:50:00,0.0,False
2022-02-19 12:00:00,0.0,False
2022-02-19 12:10:00,0.0,False
2022-02-19 12:20:00,0.0,False
2022-02-19 12:30:00,0.0,False
2022-02-19 12:40:00,0.0,False
2022-02-19 12:50:00,0.0,False
2022-02-19 13:00:00,0.0,False
2022-02-19 13:10:00,0.0,False
2022-02-19 13:20:00,0.0,False
2022-02-19 13:30:00,0.0,False
2022-02-19 13:40:00,0.0,False
2022-02-19 13:50:00,0.0,False
2022-02-19 14:00:00,0.0,False
2022-02-19 14:10:00,0.0,False
2022-02-19 14:20:00,0.0,False
2022-02-19 14:30:00,0.0,False
2022-02-19 14:40:00,0.0,False
2022-02-19 14:50:00,,False
2022-02-19 15:00:00,0.0,False
2022-02-19 15:10:00,0.0,False
2022-02-19 15:20:00,0.0,False
2022-02-19 15:30:00,0.0,False
2022-02-19 15:40:00,0.0,False
2022-02-19 15:50:00,0.0,False
2022-02-19 16:00:00,0.0,False
2022-02-19 16:10:00,0.0,False
2022-02-19 16:20:00,0.0,False
2022-02-19 16:30:00,0.0,False
2022-02-19 16:40:00,0.0,False
2022-02-19 16:50:00,0.0,False
2022-02-19 17:00:00,0.0,False
2022-02-19 17:10:00,0.0,False
2022-02-19 17:20:00,0.0,False
2022-02-19 17:30:00,0.0,False
2022-02-19 17:40:00,0.0,False
2022-02-19 17:50:00,0.0,False
2022-02-19 18:00:00,0.0,False
2022-02-19 18:10:00,0.0,False
2022-02-19 18:20:00,0.0,False
2022-02-19 18:30:00,0.0,False
2022-02-19 18:40:00,0.0,False
2022-02-19 18:50:00,0.0,False
2022-02-19 19:00:00,0.0,False
2022-02-19 19:10:00,0.0,False
2022-02-19 19:20:00,0.0,False
2022-02-19 19:30:00,0.0,False
2022-02-19 19:40:00,0.0,False
2022-02-19 19:50:00,0.0,False
2022-02-19 20:00:00,,False
2022-02-19 20:10:00,0.0,False
2022-02-19 20:20:00,0.0,False
2022-02-19 20:30:00,0.0,False
2022-02-19 20:40:00,0.0,False
2022-02-19 20:50:00,0.0,False
2022-02-19 21:00:00,0.0,False
2022-02-19 21:10:00,0.0,False
2022-02-19 21:20:00,,False
2022-02-19 21:30:00,0.0,False
2022-02-19 21:40:00,0.0,False
2022-02-19 21:50:00,0.0,False
2022-02-19 22:00:00,0.0,False
2022-02-19 22:10:00,0.0,False
2022-02-19 22:20:00,0.0,False
2022-02-19 22:30:00,0.0,False
2022-02-19 22:40:00,0.0,False
2022-02-19 22:50:00,0.0,False
2022-02-19 23:00:00,0.0,False
2022-02-19 23:10:00,0.0,False
2022-02-19 23:20:00,0.0,False
2022-02-19 23:30:00,0.0,False
2022-02-19 23:40:00,0.0,False
2022-02-19 23:50:00,0.0,False
2022-02-20 00:00:00,,False
2022-02-20 00:10:00,0.0,False
2022-02-20 00:20:00,0.0,False
2022-02-20 00:30:00,0.0,False
2022-02-20 00:40:00,0.0,False
2022-02-20 00:50:00,0.0,False
2022-02-20 01:00:00,0.0,False
2022-02-20 01:10:00,0.0,False
2022-02-20 01:20:00,0.0,False
2022-02-20 01:30:00,0.0,False
2022-02-20 01:40:00,,False
2022-02-20 01:50:00,0.0,False
2022-02-20 02:00:00,0.0,False
2022-02-20 02:10:00,,False
2022-02-20 02:20:00,0.0,False
2022-02-20 02:30:00,,False
2022-02-20 02:40:00,0.0,False
2022-02-20 02:50:00,0.0,False
2022-02-20 03:00:00,0.0,False
2022-02-20 03:10:00,,False
2022-02-20 03:20:00,0.0,False
2022-02-20 03:30:00,0.0,False
2022-02-20 03:40:00,0.0,False
2022-02-20 03:50:00,0.0,False
2022-02-20 04:00:00,,False
2022-02-20 04:10:00,0.0,False
2022-02-20 04:20:00,0.0,False
2022-02-20 04:30:00,0.0,False
2022-02-20 04:40:00,0.0,False
2022-02-20 04:50:00,0.0,False
2022-02-20 05:00:00,0.0,False
2022-02-20 05:10:00,0.0,False
2022-02-20 05:20:00,0.0,False
2022-02-20 05:30:00,0.0,False
2022-02-20 05:40:00,0.0,False
2022-02-20 05:50:00,0.0,False
2022-02-20 06:00:00,0.0,False
2022-02-20 06:10:00,0.0,False
2022-02-20 06:20:00,0.0,False
2022-02-20 06:30:00,0.0,False
2022-02-20 06:40:00,0.0,False
2022-02-20 06:50:00,0.0,False
2022-02-20 07:00:00,0.0,False
2022-02-20 07:10:00,,False
2022-02-20 07:20:00,0.0,False
2022-02-20 07:30:00,0.0,False
2022-02-20 07:40:00,0.0,False
2022-02-20 07:50:00,0.0,False
2022-02-20 08:00:00,0.0,False
2022-02-20 08:10:00,0.0,False
2022-02-20 08:20:00,0.0,False
2022-02-20 08:30:00,0.0,False
2022-02-20 08:40:00,0.0,False
2022-02-20 08:50:00,0.0,False
2022-02-20 09:00:00,0.0,False
2022-02-20 09:10:00,0.0,False
2022-02-20 09:20:00,0.0,False
2022-02-20 09:30:00,0.0,False
2022-02-20 09:40:00,0.0,False
2022-02-20 09:50:00,0.0,False
2022-02-20 10:00:00,0.0,False
2022-02-20 10:10:00,0.0,False
2022-02-20 10:20:00,0.0,False
2022-02-20 10:30:00,,False
2022-02-20 10:40:00,,False
2022-02-20 10:50:00,0.0,False
2022-02-20 11:00:00,0.0,False
2022-02-20 11:10:00,0.0,False
2022-02-20 11:20:00,0.0,False
2022-02-20 11:30:00,,False
2022-02-20 11:40:00,0.0,False
2022-02-20 11:50:00,0.0,False
2022-02-20 12:00:00,0.0,False
2022-02-20 12:10:00,0.0,False
2022-02-20 12:20:00,,False
2022-02-20 12:30:00,0.0,False
2022-02-20 12:40:00,0.0,False
2022-02-20 12:50:00,0.0,False
2022-02-20 13:00:00,0.0,False
2022-02-20 13:10:00,0.0,False
2022-02-20 13:20:00,0.0,False
2022-02-20 13:30:00,0.0,False
2022-02-20 13:40:00,0.0,False
2022-02-20 13:50:00,0.0,False
2022-02-20 14:00:00,0.0,False
2022-02-20 14:10:00,0.0,False
2022-02-20 14:20:00,0.0,False
2022-02-20 14:30:00,0.0,False
2022-02-20 14:40:00,0.0,False
2022-02-20 14:50:00,0.0,False
2022-02-20 15:00:00,0.0,False
2022-02-20 15:10:00,0.0,False
2022-02-20 15:20:00,0.0,False
2022-02-20 15:30:00,0.0,False
2022-02-20 15:40:00,0.0,False
2022-02-20 15:50:00,0.0,False
2022-02-20 16:00:00,0.0,False
2022-02-20 16:10:00,0.0,False
2022-02-20 16:20:00,0.0,False
2022-02-20 16:30:00,0.0,False
2022-02-20 16:40:00,0.0,False
2022-02-20 16:50:00,0.0,False
2022-02-20 17:00:00,0.0,False
2022-02-20 17:10:00,0.0,False
2022-02-20 17:20:00,,False
2022-02-20 17:30:00,0.0,False
2022-02-20 17:40:00,0.0,False
2022-02-20 17:50:00,0.0,False
2022-02-20 18:00:00,0.0,False
2022-02-20 18:10:00,0.0,False
2022-02-20 18:20:00,0.0,False
2022-02-20 18:30:00,0.0,False
2022-02-20 18:40:00,0.0,False
2022-02-20 18:50:00,0.0,False
2022-02-20 19:00:00,,False
2022-02-20 19:10:00,0.0,False
2022-02-20 19:20:00,0.0,False
2022-02-20 19:30:00,0.0,False
2022-02-20 19:40:00,0.0,False
2022-02-20 19:50:00,0.0,False
2022-02-20 20:00:00,0.0,False
2022-02-20 20:10:00,0.0,False
2022-02-20 20:20:00,0.0,False
2022-02-20 20:30:00,0.0,False
2022-02-20 20:40:00,0.0,False
2022-02-20 20:50:00,,False
2022-02-20 21:00:00,0.0,False
2022-02-20 21:10:00,0.0,False
2022-02-20 21:20:00,0.0,False
2022-02-20 21:30:00,0.0,False
2022-02-20 21:40:00,0.0,False
2022-02-20 21:50:00,0.0,False
2022-02-20 22:00:00,0.0,False
2022-02-20 22:10:00,0.0,False
2022-02-20 22:20:00,0.0,False
2022-02-20 22:30:00,0.0,False
2022-02-20 22:40:00,0.0,False
2022-02-20 22:50:00,0.0,False
2022-02-20 23:00:00,0.0,False
2022-02-20 23:10:00,0.0,False
2022-02-20 23:20:00,0.0,False
2022-02-20 23:30:00,0.0,False
2022-02-20 23:40:00,0.0,False
2022-02-20 23:50:00,0.0,False
2022-02-21 00:00:00,0.0,False
2022-02-21 00:10:00,,False
2022-02-21 00:20:00,0.0,False
2022-02-21 00:30:00,,False
2022-02-21 00:40:00,0.0,False
2022-02-21 00:50:00,0.0,False
2022-02-21 01:00:00,0.0,False
2022-02-21 01:10:00,0.0,False
2022-02-21 01:20:00,0.0,False
2022-02-21 01:30:00,0.0,False
2022-02-21 01:40:00,0.0,False
2022-02-21 01:50:00,0.0,False
2022-02-21 02:00:00,0.0,False
2022-02-21 02:10:00,0.0,False
2022-02-21 02:20:00,0.0,False
2022-02-21 02:30:00,0.0,False
2022-02-21 02:40:00,0.0,False
2022-02-21 02:50:00,0.0,False
2022-02-21 03:00:00,0.0,False
2022-02-21 03:10:00,0.0,False
2022-02-21 03:20:00,0.0,False
2022-02-21 03:30:00,0.0,False
2022-02-21 03:40:00,0.0,False
2022-02-21 03:50:00,0.0,False
2022-02-21 04:00:00,0.0,False
2022-02-21 04:10:00,0.0,False
2022-02-21 04:20:00,0.0,False
2022-02-21 04:30:00,0.0,False
2022-02-21 04:40:00,,False
2022-02-21 04:50:00,0.0,False
2022-02-21 05:00:00,0.0,False
2022-02-21 05:10:00,0.0,False
2022-02-21 05:20:00,0.0,False
2022-02-21 05:30:00,0.0,False
2022-02-21 05:40:00,0.0,False
2022-02-21 05:50:00,0.0,False
2022-02-21 06:00:00,0.0,False
2022-02-21 06:10:00,0.0,False
2022-02-21 06:20:00,0.0,False
2022-02-21 06:30:00,0.0,False
2022-02-21 06:40:00,0.0,False
2022-02-21 06:50:00,0.0,False
2022-02-21 07:00:00,0.0,False
2022-02-21 07:10:00,0.0,False
2022-02-21 07:20:00,0.0,False
2022-02-21 07:30:00,0.0,False
2022-02-21 07:40:00,0.0,False
2022-02-21 07:50:00,0.0,False
2022-02-21 08:00:00,0.0,False
2022-02-21 08:10:00,0.0,False
2022-02-21 08:20:00,0.0,False
2022-02-21 08:30:00,0.0,False
2022-02-21 08:40:00,0.0,False
2022-02-21 08:50:00,0.0,False
2022-02-21 09:00:00,0.0,False
2022-02-21 09:10:00,0.0,False
2022-02-21 09:20:00,0.0,False
2022-02-21 09:30:00,0.0,False
2022-02-21 09:40:00,0.0,False
2022-02-21 09:50:00,0.0,False
2022-02-21 10:00:00,0.0,False
2022-02-21 10:10:00,0.0,False
2022-02-21 10:20:00,0.0,False
2022-02-21 10:30:00,,False
2022-02-21 10:40:00,0.0,False
2022-02-21 10:50:00,0.0,False
2022-02-21 11:00:00,0.0,False
2022-02-21 11:10:00,0.0,False
2022-02-21 11:20:00,0.0,False
2022-02-21 11:30:00,0.0,False
2022-02-21 11:40:00,0.0,False
2022-02-21 11:50:00,0.0,False
2022-02-21 12:00:00,0.0,False
2022-02-21 12:10:00,0.0,False
2022-02-21 12:20:00,0.0,False
2022-02-21 12:30:00,0.0,False
2022-02-21 12:40:00,0.0,False
2022-02-21 12:50:00,0.0,False
2022-02-21 13:00:00,0.0,False
2022-02-21 13:10:00,0.0,False
2022-02-21 13:20:00,0.0,False
2022-02-21 13:30:00,0.0,False
2022-02-21 13:40:00,0.0,False
2022-02-21 13:50:00,0.0,False
2022-02-21 14:00:00,0.0,False
2022-02-21 14:10:00,0.0,False
2022-02-21 14:20:00,0.0,False
2022-02-21 14:30:00,0.0,False
2022-02-21 14:40:00,0.0,False
2022-02-21 14:50:00,0.0,False
2022-02-21 15:00:00,0.0,False
2022-02-21 15:10:00,,False
2022-02-21 15:20:00,0.0,False
2022-02-21 15:30:00,0.0,False
2022-02-21 15:40:00,0.0,False
2022-02-21 15:50:00,0.0,False
2022-02-21 16:00:00,0.0,False
2022-02-21 16:10:00,,False
2022-02-21 16:20:00,0.0,False
2022-02-21 16:30:00,0.0,False
2022-02-21 16:40:00,0.0,False
2022-02-21 16:50:00,0.0,False
2022-02-21 17:00:00,0.0,False
2022-02-21 17:10:00,0.0,False
2022-02-21 17:20:00,0.0,False
2022-02-21 17:30:00,0.0,False
2022-02-21 17:40:00,0.0,False
2022-02-21 17:50:00,0.0,False
2022-02-21 18:00:00,0.0,False
2022-02-21 18:10:00,0.0,False
2022-02-21 18:20:00,0.0,False
2022-02-21 18:30:00,0.0,False
2022-02-21 18:40:00,0.0,False
2022-02-21 18:50:00,0.0,False
2022-02-21 19:00:00,0.0,False
2022-02-21 19:10:00,0.0,False
2022-02-21 19:20:00,0.0,False
2022-02-21 19:30:00,0.0,False
2022-02-21 19:40:00,0.0,False
2022-02-21 19:50:00,0.0,False
2022-02-21 20:00:00,0.0,False
2022-02-21 20:10:00,0.0,False
2022-02-21 20:20:00,0.0,False
2022-02-21 20:30:00,0.0,False
2022-02-21 20:40:00,0.0,False
2022-02-21 20:50:00,0.0,False
2022-02-21 21:00:00,0.0,False
2022-02-21 21:10:00,0.0,False
2022-02-21 21:20:00,,False
2022-02-21 21:30:00,0.0,False
2022-02-21 21:40:00,0.0,False
2022-02-21 21:50:00,0.0,False
2022-02-21 22:00:00,0.0,False
2022-02-21 22:10:00,0.0,False
2022-02-21 22:20:00,0.0,False
2022-02-21 22:30:00,0.0,False
2022-02-21 22:40:00,0.0,False
2022-02-21 22:50:00,0.0,False
2022-02-21 23:00:00,0.0,False
2022-02-21 23:10:00,0.0,False
2022-02-21 23:20:00,0.0,False
2022-02-21 23:30:00,0.0,False
2022-02-21 23:40:00,0.0,False
2022-02-21 23:50:00,0.0,False
2022-02-22 00:00:00,0.0,False
2022-02-22 00:10:00,0.0,False
2022-02-22 00:20:00,0.0,False
2022-02-22 00:30:00,0.0,False
2022-02-22 00:40:00,0.0,False
2022-02-22 00:50:00,0.0,False
2022-02-22 01:00:00,0.0,False
2022-02-22 01:10:00,0.0,False
2022-02-22 01:20:00,0.0,False
2022-02-22 01:30:00,0.0,False
2022-02-22 01:40:00,0.0,False
2022-02-22 01:50:00,0.0,False
2022-02-22 02:00:00,0.0,False
2022-02-22 02:10:00,0.0,False
2022-02-22 02:20:00,0.0,False
2022-02-22 02:30:00,0.0,False
2022-02-22 02:40:00,0.0,False
2022-02-22 02:50:00,0.0,False
2022-02-22 03:00:00,0.0,False
2022-02-22 03:10:00,0.0,False
2022-02-22 03:20:00,0.0,False
2022-02-22 03:30:00,0.0,False
2022-02-22 03:40:00,0.0,False
2022-02-22 03:50:00,0.0,False
2022-02-22 04:00:00,0.0,False
2022-02-22 04:10:00,0.0,False
2022-02-22 04:20:00,0.0,False
2022-02-22 04:30:00,0.0,False
2022-02-22 04:40:00,0.0,False
2022-02-22 04:50:00,0.0,False
2022-02-22 05:00:00,0.0,False
2022-02-22 05:10:00,0.0,False
2022-02-22 05:20:00,0.0,False
2022-02-22 05:30:00,0.0,False
2022-02-22 05:40:00,0.0,False
2022-02-22 05:50:00,0.0,False
2022-02-22 06:00:00,0.0,False
2022-02-22 06:10:00,0.0,False
2022-02-22 06:20:00,0.0,False
2022-02-22 06:30:00,0.0,False
2022-02-22 06:40:00,0.0,False
2022-02-22 06:50:00,0.0,False
2022-02-22 07:00:00,0.0,False
2022-02-22 07:10:00,0.0,False
2022-02-22 07:20:00,0.0,False
2022-02-22 07:30:00,0.0,False
2022-02-22 07:40:00,0.0,False
2022-02-22 07:50:00,0.0,False
2022-02-22 08:00:00,0.0,False
2022-02-22 08:10:00,0.0,False
2022-02-22 08:20:00,0.0,False
2022-02-22 08:30:00,0.0,False
2022-02-22 08:40:00,0.0,False
2022-02-22 08:50:00,0.0,False
2022-02-22 09:00:00,0.0,False
2022-02-22 09:10:00,0.0,False
2022-02-22 09:20:00,0.0,False
2022-02-22 09:30:00,0.0,False
2022-02-22 09:40:00,0.0,False
2022-02-22 09:50:00,0.0,False
2022-02-22 10:00:00,0.0,False
2022-02-22 10:10:00,0.0,False
2022-02-22 10:20:00,0.0,False
2022-02-22 10:30:00,0.0,False
2022-02-22 10:40:00,0.0,False
2022-02-22 10:50:00,0.0,False
2022-02-22 11:00:00,0.0,False
2022-02-22 11:10:00,,False
2022-02-22 11:20:00,0.0,False
2022-02-22 11:30:00,0.0,False
2022-02-22 11:40:00,0.0,False
2022-02-22 11:50:00,0.0,False
2022-02-22 12:00:00,0.0,False
2022-02-22 12:10:00,0.0,False
2022-02-22 12:20:00,0.0,False
2022-02-22 12:30:00,0.0,False
2022-02-22 12:40:00,0.0,False
2022-02-22 12:50:00,0.0,False
2022-02-22 13:00:00,0.0,False
2022-02-22 13:10:00,0.0,False
2022-02-22 13:20:00,0.0,False
2022-02-22 13:30:00,0.0,False
2022-02-22 13:40:00,0.0,False
2022-02-22 13:50:00,0.0,False
2022-02-22 14:00:00,0.0,False
2022-02-22 14:10:00,0.0,False
2022-02-22 14:20:00,0.0,False
2022-02-22 14:30:00,0.0,False
2022-02-22 14:40:00,0.0,False
2022-02-22 14:50:00,0.0,False
2022-02-22 15:00:00,0.0,False
2022-02-22 15:10:00,0.0,False
2022-02-22 15:20:00,0.0,False
2022-02-22 15:30:00,0.0,False
2022-02-22 15:40:00,0.0,False
2022-02-22 15:50:00,,False
2022-02-22 16:00:00,0.0,False
2022-02-22 16:10:00,0.0,False
2022-02-22 16:20:00,0.0,False
2022-02-22 16:30:00,0.0,False
2022-02-22 16:40:00,0.0,False
2022-02-22 16:50:00,0.0,False
2022-02-22 17:00:00,0.0,False
2022-02-22 17:10:00,0.0,False
2022-02-22 17:20:00,0.0,False
2022-02-22 17:30:00,0.0,False
2022-02-22 17:40:00,0.0,False
2022-02-22 17:50:00,0.0,False
2022-02-22 18:00:00,0.0,False
2022-02-22 18:10:00,0.0,False
2022-02-22 18:20:00,0.0,False
2022-02-22 18:30:00,0.0,False
2022-02-22 18:40:00,0.0,False
2022-02-22 18:50:00,0.0,False
2022-02-22 19:00:00,0.0,False
2022-02-22 19:10:00,0.0,False
2022-02-22 19:20:00,0.0,False
2022-02-22 19:30:00,0.0,False
2022-02-22 19:40:00,0.0,False
2022-02-22 19:50:00,0.0,False
2022-02-22 20:00:00,0.0,False
2022-02-22 20:10:00,0.0,False
2022-02-22 20:20:00,0.0,False
2022-02-22 20:30:00,0.0,False
2022-02-22 20:40:00,0.0,False
2022-02-22 20:50:00,0.0,False
2022-02-22 21:00:00,,False
2022-02-22 21:10:00,,False
2022-02-22 21:20:00,0.0,False
2022-02-22 21:30:00,0.0,False
2022-02-22 21:40:00,0.0,False
2022-02-22 21:50:00,0.0,False
2022-02-22 22:00:00,0.0,False
2022-02-22 22:10:00,0.0,False
2022-02-22 22:20:00,0.0,False
2022-02-22 22:30:00,0.0,False
2022-02-22 22:40:00,0.0,False
2022-02-22 22:50:00,0.0,False
2022-02-22 23:00:00,0.0,False
2022-02-22 23:10:00,,False
2022-02-22 23:20:00,0.0,False
2022-02-22 23:30:00,0.0,False
2022-02-22 23:40:00,0.0,False
2022-02-22 23:50:00,0.0,False
2022-02-23 00:00:00,0.0,False
2022-02-23 00:10:00,0.0,False
2022-02-23 00:20:00,0.0,False
2022-02-23 00:30:00,0.0,False
2022-02-23 00:40:00,0.0,False
2022-02-23 00:50:00,0.0,False
2022-02-23 01:00:00,0.0,False
2022-02-23 01:10:00,0.0,False
2022-02-23 01:20:00,0.0,False
2022-02-23 01:30:00,0.0,False
2022-02-23 01:40:00,0.0,False
2022-02-23 01:50:00,0.0,False
2022-02-23 02:00:00,0.0,False
2022-02-23 02:10:00,0.0,False
2022-02-23 02:20:00,0.0,False
2022-02-23 02:30:00,0.0,False
2022-02-23 02:40:00,0.0,False
2022-02-23 02:50:00,0.0,False
2022-02-23 03:00:00,0.0,False
2022-02-23 03:10:00,0.0,False
2022-02-23 03:20:00,0.0,False
2022-02-23 03:30:00,0.0,False
2022-02-23 03:40:00,0.0,False
2022-02-23 03:50:00,0.0,False
2022-02-23 04:00:00,0.0,False
2022-02-23 04:10:00,0.0,False
2022-02-23 04:20:00,0.0,False
2022-02-23 04:30:00,0.0,False
2022-02-23 04:40:00,0.0,False
2022-02-23 04:50:00,0.0,False
2022-02-23 05:00:00,0.0,False
2022-02-23 05:10:00,0.0,False
2022-02-23 05:20:00,0.0,False
2022-02-23 05:30:00,0.0,False
2022-02-23 05:40:00,0.0,False
2022-02-23 05:50:00,0.0,False
2022-02-23 06:00:00,0.0,False
2022-02-23 06:10:00,0.0,False
2022-02-23 06:20:00,0.0,False
2022-02-23 06:30:00,0.0,False
2022-02-23 06:40:00,0.0,False
2022-02-23 06:50:00,0.0,False
2022-02-23 07:00:00,0.0,False
2022-02-23 07:10:00,0.0,False
2022-02-23 07:20:00,0.0,False
2022-02-23 07:30:00,0.0,False
2022-02-23 07:40:00,0.0,False
2022-02-23 07:50:00,0.0,False
2022-02-23 08:00:00,0.0,False
2022-02-23 08:10:00,0.0,False
2022-02-23 08:20:00,0.0,False
2022-02-23 08:30:00,0.0,False
2022-02-23 08:40:00,0.0,False
2022-02-23 08:50:00,0.0,False
2022-02-23 09:00:00,0.0,False
2022-02-23 09:10:00,0.0,False
2022-02-23 09:20:00,0.0,False
2022-02-23 09:30:00,0.0,False
2022-02-23 09:40:00,0.0,False
2022-02-23 09:50:00,0.0,False
2022-02-23 10:00:00,0.0,False
2022-02-23 10:10:00,0.0,False
2022-02-23 10:20:00,0.0,False
2022-02-23 10:30:00,0.0,False
2022-02-23 10:40:00,0.0,False
2022-02-23 10:50:00,0.0,False
2022-02-23 11:00:00,0.0,False
2022-02-23 11:10:00,0.0,False
2022-02-23 11:20:00,0.0,False
2022-02-23 11:30:00,0.0,False
2022-02-23 11:40:00,0.0,False
2022-02-23 11:50:00,0.0,False
2022-02-23 12:00:00,0.0,False
2022-02-23 12:10:00,0.0,False
2022-02-23 12:20:00,0.0,False
2022-02-23 12:30:00,0.0,False
2022-02-23 12:40:00,0.0,False
2022-02-23 12:50:00,0.0,False
2022-02-23 13:00:00,0.0,False
2022-02-23 13:10:00,0.0,False
2022-02-23 13:20:00,0.0,False
2022-02-23 13:30:00,0.0,False
2022-02-23 13:40:00,0.0,False
2022-02-23 13:50:00,0.0,False
2022-02-23 14:00:00,0.0,False
2022-02-23 14:10:00,0.0,False
2022-02-23 14:20:00,0.0,False
2022-02-23 14:30:00,0.0,False
2022-02-23 14:40:00,0.0,False
2022-02-23 14:50:00,0.0,False
2022-02-23 15:00:00,0.0,False
2022-02-23 15:10:00,0.0,False
2022-02-23 15:20:00,0.0,False
2022-02-23 15:30:00,0.0,False
2022-02-23 15:40:00,0.0,False
2022-02-23 15:50:00,0.0,False
2022-02-23 16:00:00,0.0,False
2022-02-23 16:10:00,0.0,False
2022-02-23 16:20:00,,False
2022-02-23 16:30:00,0.0,False
2022-02-23 16:40:00,0.0,False
2022-02-23 16:50:00,0.0,False
2022-02-23 17:00:00,0.0,False
2022-02-23 17:10:00,0.0,False
2022-02-23 17:20:00,0.0,False
2022-02-23 17:30:00,0.0,False
2022-02-23 17:40:00,0.0,False
2022-02-23 17:50:00,0.0,False
2022-02-23 18:00:00,0.0,False
2022-02-23 18:10:00,0.0,False
2022-02-23 18:20:00,0.0,False
2022-02-23 18:30:00,,False
2022-02-23 18:40:00,0.0,False
2022-02-23 18:50:00,0.0,False
2022-02-23 19:00:00,0.0,False
2022-02-23 19:10:00,0.0,False
2022-02-23 19:20:00,,False
2022-02-23 19:30:00,0.0,False
2022-02-23 19:40:00,0.0,False
2022-02-23 19:50:00,0.0,False
2022-02-23 20:00:00,0.0,False
2022-02-23 20:10:00,0.0,False
2022-02-23 20:20:00,0.0,False
2022-02-23 20:30:00,0.0,False
2022-02-23 20:40:00,0.0,False
2022-02-23 20:50:00,0.0,False
2022-02-23 21:00:00,0.0,False
2022-02-23 21:10:00,0.0,False
2022-02-23 21:20:00,0.0,False
2022-02-23 21:30:00,0.0,False
2022-02-23 21:40:00,0.0,False
2022-02-23 21:50:00,0.0,False
2022-02-23 22:00:00,0.0,False
2022-02-23 22:10:00,0.0,False
2022-02-23 22:20:00,0.0,False
2022-02-23 22:30:00,0.0,False
2022-02-23 22:40:00,0.0,False
2022-02-23 22:50:00,0.0,False
2022-02-23 23:00:00,0.0,False
2022-02-23 23:10:00,0.0,False
2022-02-23 23:20:00,0.0,False
2022-02-23 23:30:00,0.0,False
2022-02-23 23:40:00,0.0,False
2022-02-23 23:50:00,0.0,False
2022-02-24 00:00:00,0.0,False
2022-02-24 00:10:00,0.0,False
2022-02-24 00:20:00,0.0,False
2022-02-24 00:30:00,0.0,False
2022-02-24 00:40:00,0.0,False
2022-02-24 00:50:00,0.0,False
2022-02-24 01:00:00,0.0,False
2022-02-24 01:10:00,0.0,False
2022-02-24 01:20:00,0.0,False
2022-02-24 01:30:00,0.0,False
2022-02-24 01:40:00,0.0,False
2022-02-24 01:50:00,0.0,False
2022-02-24 02:00:00,0.0,False
2022-02-24 02:10:00,0.0,False
2022-02-24 02:20:00,0.0,False
2022-02-24 02:30:00,0.0,False
2022-02-24 02:40:00,0.0,False
2022-02-24 02:50:00,0.0,False
2022-02-24 03:00:00,,False
2022-02-24 03:10:00,0.0,False
2022-02-24 03:20:00,0.0,False
2022-02-24 03:30:00,0.0,False
2022-02-24 03:40:00,0.0,False
2022-02-24 03:50:00,0.0,False
2022-02-24 04:00:00,0.0,False
2022-02-24 04:10:00,0.0,False
2022-02-24 04:20:00,0.0,False
2022-02-24 04:30:00,0.0,False
2022-02-24 04:40:00,0.0,False
2022-02-24 04:50:00,0.0,False
2022-02-24 05:00:00,,False
2022-02-24 05:10:00,0.0,False
2022-02-24 05:20:00,0.0,False
2022-02-24 05:30:00,0.0,False
2022-02-24 05:40:00,0.0,False
2022-02-24 05:50:00,0.0,False
2022-02-24 06:00:00,0.0,False
2022-02-24 06:10:00,0.0,False
2022-02-24 06:20:00,0.0,False
2022-02-24 06:30:00,0.0,False
2022-02-24 06:40:00,0.0,False
2022-02-24 06:50:00,0.0,False
2022-02-24 07:00:00,0.0,False
2022-02-24 07:10:00,0.0,False
2022-02-24 07:20:00,0.0,False
2022-02-24 07:30:00,0.0,False
2022-02-24 07:40:00,,False
2022-02-24 07:50:00,0.0,False
2022-02-24 08:00:00,0.0,False
2022-02-24 08:10:00,0.0,False
2022-02-24 08:20:00,0.0,False
2022-02-24 08:30:00,0.0,False
2022-02-24 08:40:00,0.0,False
2022-02-24 08:50:00,0.0,False
2022-02-24 09:00:00,0.0,False
2022-02-24 09:10:00,0.0,False
2022-02-24 09:20:00,0.0,False
2022-02-24 09:30:00,0.0,False
2022-02-24 09:40:00,0.0,False
2022-02-24 09:50:00,0.0,False
2022-02-24 10:00:00,0.0,False
2022-02-24 10:10:00,0.0,False
2022-02-24 10:20:00,,False
2022-02-24 10:30:00,0.0,False
2022-02-24 10:40:00,0.0,False
2022-02-24 10:50:00,0.0,False
2022-02-24 11:00:00,0.0,False
2022-02-24 11:10:00,0.0,False
2022-02-24 11:20:00,0.0,False
2022-02-24 11:30:00,0.0,False
2022-02-24 11:40:00,0.0,False
2022-02-24 11:50:00,0.0,False
2022-02-24 12:00:00,0.0,False
2022-02-24 12:10:00,0.0,False
2022-02-24 12:20:00,0.0,False
2022-02-24 12:30:00,0.0,False
2022-02-24 12:40:00,0.0,False
2022-02-24 12:50:00,0.0,False
2022-02-24 13:00:00,0.0,False
2022-02-24 13:10:00,0.0,False
2022-02-24 13:20:00,0.0,False
2022-02-24 13:30:00,0.0,False
2022-02-24 13:40:00,0.0,False
2022-02-24 13:50:00,0.0,False
2022-02-24 14:00:00,,False
2022-02-24 14:10:00,0.0,False
2022-02-24 14:20:00,0.0,False
2022-02-24 14:30:00,0.0,False
2022-02-24 14:40:00,0.0,False
2022-02-24 14:50:00,0.0,False
2022-02-24 15:00:00,0.0,False
2022-02-24 15:10:00,0.0,False
2022-02-24 15:20:00,0.0,False
2022-02-24 15:30:00,0.0,False
2022-02-24 15:40:00,0.0,False
2022-02-24 15:50:00,0.0,False
2022-02-24 16:00:00,0.0,False
2022-02-24 16:10:00,0.0,False
2022-02-24 16:20:00,0.0,False
2022-02-24 16:30:00,0.0,False
2022-02-24 16:40:00,,False
2022-02-24 16:50:00,0.0,False
2022-02-24 17:00:00,0.0,False
2022-02-24 17:10:00,0.0,False
2022-02-24 17:20:00,0.0,False
2022-02-24 17:30:00,0.0,False
2022-02-24 17:40:00,0.0,False
2022-02-24 17:50:00,0.0,False
2022-02-24 18:00:00,0.0,False
2022-02-24 18:10:00,0.0,False
2022-02-24 18:20:00,0.0,False
2022-02-24 18:30:00,0.0,False
2022-02-24 18:40:00,0.0,False
2022-02-24 18:50:00,0.0,False
2022-02-24 19:00:00,0.0,False
2022-02-24 19:10:00,0.0,False
2022-02-24 19:20:00,0.0,False
2022-02-24 19:30:00,0.0,False
2022-02-24 19:40:00,0.0,False
2022-02-24 19:50:00,0.0,False
2022-02-24 20:00:00,0.0,False
2022-02-24 20:10:00,0.0,False
2022-02-24 20:20:00,0.0,False
2022-02-24 20:30:00,0.0,False
2022-02-24 20:40:00,0.0,False
2022-02-24 20:50:00,0.0,False
2022-02-24 21:00:00,0.0,False
2022-02-24 21:10:00,0.0,False
2022-02-24 21:20:00,0.0,False
2022-02-24 21:30:00,0.0,False
2022-02-24 21:40:00,0.0,False
2022-02-24 21:50:00,0.0,False
2022-02-24 22:00:00,0.0,False
2022-02-24 22:10:00,0.0,False
2022-02-24 22:20:00,0.0,False
2022-02-24 22:30:00,0.0,False
2022-02-24 22:40:00,0.0,False
2022-02-24 22:50:00,0.0,False
2022-02-24 23:00:00,0.0,False
2022-02-24 23:10:00,0.0,False
2022-02-24 23:20:00,,False
2022-02-24 23:30:00,,False
2022-02-24 23:40:00,0.0,False
2022-02-24 23:50:00,0.0,False
2022-02-25 00:00:00,,False
2022-02-25 00:10:00,0.0,False
2022-02-25 00:20:00,0.0,False
2022-02-25 00:30:00,0.0,False
2022-02-25 00:40:00,0.0,False
2022-02-25 00:50:00,0.0,False
2022-02-25 01:00:00,,False
2022-02-25 01:10:00,0.0,False
2022-02-25 01:20:00,0.0,False
2022-02-25 01:30:00,0.0,False
2022-02-25 01:40:00,0.0,False
2022-02-25 01:50:00,0.0,False
2022-02-25 02:00:00,0.0,False
2022-02-25 02:10:00,0.0,False
2022-02-25 02:20:00,0.0,False
2022-02-25 02:30:00,0.0,False
2022-02-25 02:40:00,0.0,False
2022-02-25 02:50:00,0.0,False
2022-02-25 03:00:00,0.0,False
2022-02-25 03:10:00,0.0,False
2022-02-25 03:20:00,0.0,False
2022-02-25 03:30:00,0.0,False
2022-02-25 03:40:00,0.0,False
2022-02-25 03:50:00,0.0,False
2022-02-25 04:00:00,0.0,False
2022-02-25 04:10:00,0.0,False
2022-02-25 04:20:00,0.0,False
2022-02-25 04:30:00,0.0,False
2022-02-25 04:40:00,0.0,False
2022-02-25 04:50:00,0.0,False
2022-02-25 05:00:00,0.0,False
2022-02-25 05:10:00,0.0,False
2022-02-25 05:20:00,0.0,False
2022-02-25 05:30:00,0.0,False
2022-02-25 05:40:00,0.0,False
2022-02-25 05:50:00,0.0,False
2022-02-25 06:00:00,0.0,False
2022-02-25 06:10:00,0.0,False
2022-02-25 06:20:00,0.0,False
2022-02-25 06:30:00,0.0,False
2022-02-25 06:40:00,0.0,False
2022-02-25 06:50:00,0.0,False
2022-02-25 07:00:00,0.0,False
2022-02-25 07:10:00,0.0,False
2022-02-25 07:20:00,0.0,False
2022-02-25 07:30:00,0.0,False
2022-02-25 07:40:00,0.0,False
2022-02-25 07:50:00,0.0,False
2022-02-25 08:00:00,0.0,False
2022-02-25 08:10:00,0.0,False
2022-02-25 08:20:00,0.0,False
2022-02-25 08:30:00,0.0,False
2022-02-25 08:40:00,0.0,False
2022-02-25 08:50:00,0.0,False
2022-02-25 09:00:00,0.0,False
2022-02-25 09:10:00,0.0,False
2022-02-25 09:20:00,0.0,False
2022-02-25 09:30:00,0.0,False
2022-02-25 09:40:00,0.0,False
2022-02-25 09:50:00,0.0,False
2022-02-25 10:00:00,0.0,False
2022-02-25 10:10:00,0.0,False
2022-02-25 10:20:00,0.0,False
2022-02-25 10:30:00,0.0,False
2022-02-25 10:40:00,0.0,False
2022-02-25 10:50:00,0.0,False
2022-02-25 11:00:00,0.0,False
2022-02-25 11:10:00,0.0,False
2022-02-25 11:20:00,0.0,False
2022-02-25 11:30:00,0.0,False
2022-02-25 11:40:00,0.0,False
2022-02-25 11:50:00,0.0,False
2022-02-25 12:00:00,0.0,False
2022-02-25 12:10:00,0.0,False
2022-02-25 12:20:00,0.0,False
2022-02-25 12:30:00,0.0,False
2022-02-25 12:40:00,0.0,False
2022-02-25 12:50:00,0.0,False
2022-02-25 13:00:00,0.0,False
2022-02-25 13:10:00,0.0,False
2022-02-25 13:20:00,0.0,False
2022-02-25 13:30:00,0.0,False
2022-02-25 13:40:00,0.0,False
2022-02-25 13:50:00,0.0,False
2022-02-25 14:00:00,0.0,False
2022-02-25 14:10:00,0.0,False
2022-02-25 14:20:00,0.0,False
2022-02-25 14:30:00,0.0,False
2022-02-25 14:40:00,0.0,False
2022-02-25 14:50:00,0.0,False
2022-02-25 15:00:00,0.0,False
2022-02-25 15:10:00,0.0,False
2022-02-25 15:20:00,0.0,False
2022-02-25 15:30:00,0.0,False
2022-02-25 15:40:00,0.0,False
2022-02-25 15:50:00,0.0,False
2022-02-25 16:00:00,0.0,False
2022-02-25 16:10:00,,False
2022-02-25 16:20:00,0.0,False
2022-02-25 16:30:00,0.0,False
2022-02-25 16:40:00,0.0,False
2022-02-25 16:50:00,0.0,False
2022-02-25 17:00:00,0.0,False
2022-02-25 17:10:00,0.0,False
2022-02-25 17:20:00,0.0,False
2022-02-25 17:30:00,0.0,False
2022-02-25 17:40:00,0.0,False
2022-02-25 17:50:00,0.0,False
2022-02-25 18:00:00,0.0,False
2022-02-25 18:10:00,0.0,False
2022-02-25 18:20:00,0.0,False
2022-02-25 18:30:00,0.0,False
2022-02-25 18:40:00,0.0,False
2022-02-25 18:50:00,0.0,False
2022-02-25 19:00:00,0.0,False
2022-02-25 19:10:00,0.0,False
2022-02-25 19:20:00,0.0,False
2022-02-25 19:30:00,0.0,False
2022-02-25 19:40:00,0.0,False
2022-02-25 19:50:00,0.0,False
2022-02-25 20:00:00,0.0,False
2022-02-25 20:10:00,0.0,False
2022-02-25 20:20:00,0.0,False
2022-02-25 20:30:00,0.0,False
2022-02-25 20:40:00,,False
2022-02-25 20:50:00,0.0,False
2022-02-25 21:00:00,0.0,False
2022-02-25 21:10:00,0.0,False
2022-02-25 21:20:00,0.0,False
2022-02-25 21:30:00,0.0,False
2022-02-25 21:40:00,0.0,False
2022-02-25 21:50:00,0.0,False
2022-02-25 22:00:00,0.0,False
2022-02-25 22:10:00,0.0,False
2022-02-25 22:20:00,0.0,False
2022-02-25 22:30:00,0.0,False
2022-02-25 22:40:00,0.0,False
2022-02-25 22:50:00,0.0,False
2022-02-25 23:00:00,0.0,False
2022-02-25 23:10:00,0.0,False
2022-02-25 23:20:00,0.0,False
2022-02-25 23:30:00,0.0,False
2022-02-25 23:40:00,0.0,False
2022-02-25 23:50:00,0.0,False
2022-02-26 00:00:00,0.0,False
2022-02-26 00:10:00,0.0,False
2022-02-26 00:20:00,0.0,False
2022-02-26 00:30:00,0.0,False
2022-02-26 00:40:00,0.0,False
2022-02-26 00:50:00,0.0,False
2022-02-26 01:00:00,0.0,False
2022-02-26 01:10:00,0.0,False
2022-02-26 01:20:00,0.0,False
2022-02-26 01:30:00,0.0,False
2022-02-26 01:40:00,0.0,False
2022-02-26 01:50:00,0.0,False
2022-02-26 02:00:00,0.0,False
2022-02-26 02:10:00,,False
2022-02-26 02:20:00,,False
2022-02-26 02:30:00,,False
2022-02-26 02:40:00,0.0,False
2022-02-26 02:50:00,0.0,False
2022-02-26 03:00:00,0.0,False
2022-02-26 03:10:00,0.0,False
2022-02-26 03:20:00,0.0,False
2022-02-26 03:30:00,0.0,False
2022-02-26 03:40:00,0.0,False
2022-02-26 03:50:00,0.0,False
2022-02-26 04:00:00,0.0,False
2022-02-26 04:10:00,0.0,False
2022-02-26 04:20:00,0.0,False
2022-02-26 04:30:00,,False
2022-02-26 04:40:00,0.0,False
2022-02-26 04:50:00,0.0,False
2022-02-26 05:00:00,0.0,False
2022-02-26 05:10:00,0.0,False
2022-02-26 05:20:00,0.0,False
2022-02-26 05:30:00,0.0,False
2022-02-26 05:40:00,0.0,False
2022-02-26 05:50:00,0.0,False
2022-02-26 06:00:00,0.0,False
2022-02-26 06:10:00,0.0,False
2022-02-26 06:20:00,0.0,False
2022-02-26 06:30:00,0.0,False
2022-02-26 06:40:00,,False
2022-02-26 06:50:00,0.0,False
2022-02-26 07:00:00,0.0,False
2022-02-26 07:10:00,0.0,False
2022-02-26 07:20:00,0.0,False
2022-02-26 07:30:00,0.0,False
2022-02-26 07:40:00,0.0,False
2022-02-26 07:50:00,0.0,False
2022-02-26 08:00:00,0.0,False
2022-02-26 08:10:00,0.0,False
2022-02-26 08:20:00,0.0,False
2022-02-26 08:30:00,0.0,False
2022-02-26 08:40:00,0.0,False
2022-02-26 08:50:00,0.0,False
2022-02-26 09:00:00,0.0,False
2022-02-26 09:10:00,0.0,False
2022-02-26 09:20:00,0.0,False
2022-02-26 09:30:00,0.0,False
2022-02-26 09:40:00,0.0,False
2022-02-26 09:50:00,0.0,False
2022-02-26 10:00:00,0.0,False
2022-02-26 10:10:00,0.0,False
2022-02-26 10:20:00,0.0,False
2022-02-26 10:30:00,0.0,False
2022-02-26 10:40:00,0.0,False
2022-02-26 10:50:00,0.0,False
2022-02-26 11:00:00,0.0,False
2022-02-26 11:10:00,0.0,False
2022-02-26 11:20:00,0.0,False
2022-02-26 11:30:00,0.0,False
2022-02-26 11:40:00,0.0,False
2022-02-26 11:50:00,0.0,False
2022-02-26 12:00:00,0.0,False
2022-02-26 12:10:00,0.0,False
2022-02-26 12:20:00,0.0,False
2022-02-26 12:30:00,0.0,False
2022-02-26 12:40:00,0.0,False
2022-02-26 12:50:00,0.0,False
2022-02-26 13:00:00,,False
2022-02-26 13:10:00,0.0,False
2022-02-26 13:20:00,0.0,False
2022-02-26 13:30:00,0.0,False
2022-02-26 13:40:00,0.0,False
2022-02-26 13:50:00,0.0,False
2022-02-26 14:00:00,0.0,False
2022-02-26 14:10:00,0.0,False
2022-02-26 14:20:00,0.0,False
2022-02-26 14:30:00,0.0,False
2022-02-26 14:40:00,0.0,False
2022-02-26 14:50:00,0.0,False
2022-02-26 15:00:00,,False
2022-02-26 15:10:00,0.0,False
2022-02-26 15:20:00,0.0,False
2022-02-26 15:30:00,0.0,False
2022-02-26 15:40:00,0.0,False
2022-02-26 15:50:00,0.0,False
2022-02-26 16:00:00,0.0,False
2022-02-26 16:10:00,0.0,False
2022-02-26 16:20:00,0.0,False
2022-02-26 16:30:00,0.0,False
2022-02-26 16:40:00,0.0,False
2022-02-26 16:50:00,0.0,False
2022-02-26 17:00:00,0.0,False
2022-02-26 17:10:00,0.0,False
2022-02-26 17:20:00,0.0,False
2022-02-26 17:30:00,0.0,False
2022-02-26 17:40:00,0.0,False
2022-02-26 17:50:00,0.0,False
2022-02-26 18:00:00,0.0,False
2022-02-26 18:10:00,,False
2022-02-26 18:20:00,0.0,False
2022-02-26 18:30:00,0.0,False
2022-02-26 18:40:00,0.0,False
2022-02-26 18:50:00,0.0,False
2022-02-26 19:00:00,0.0,False
2022-02-26 19:10:00,0.0,False
2022-02-26 19:20:00,0.0,False
2022-02-26 19:30:00,0.0,False
2022-02-26 19:40:00,0.0,False
2022-02-26 19:50:00,0.0,False
2022-02-26 20:00:00,0.0,False
2022-02-26 20:10:00,0.0,False
2022-02-26 20:20:00,0.0,False
2022-02-26 20:30:00,0.0,False
2022-02-26 20:40:00,0.0,False
2022-02-26 20:50:00,0.0,False
2022-02-26 21:00:00,0.0,False
2022-02-26 21:10:00,,False
2022-02-26 21:20:00,0.0,False
2022-02-26 21:30:00,0.0,False
2022-02-26 21:40:00,0.0,False
2022-02-26 21:50:00,0.0,False
2022-02-26 22:00:00,0.0,False
2022-02-26 22:10:00,0.0,False
2022-02-26 22:20:00,0.0,False
2022-02-26 22:30:00,0.0,False
2022-02-26 22:40:00,0.0,False
2022-02-26 22:50:00,0.0,False
2022-02-26 23:00:00,,False
2022-02-26 23:10:00,0.0,False
2022-02-26 23:20:00,0.0,False
2022-02-26 23:30:00,0.0,False
2022-02-26 23:40:00,0.0,False
2022-02-26 23:50:00,0.0,False
2022-02-27 00:00:00,0.0,False
2022-02-27 00:10:00,0.0,False
2022-02-27 00:20:00,0.0,False
2022-02-27 00:30:00,0.0,False
2022-02-27 00:40:00,0.0,False
2022-02-27 00:50:00,0.0,False
2022-02-27 01:00:00,0.0,False
2022-02-27 01:10:00,0.0,False
2022-02-27 01:20:00,0.0,False
2022-02-27 01:30:00,0.0,False
2022-02-27 01:40:00,0.0,False
2022-02-27 01:50:00,0.0,False
2022-02-27 02:00:00,0.0,False
2022-02-27 02:10:00,0.0,False
2022-02-27 02:20:00,0.0,False
2022-02-27 02:30:00,0.0,False
2022-02-27 02:40:00,0.0,False
2022-02-27 02:50:00,0.0,False
2022-02-27 03:00:00,0.0,False
2022-02-27 03:10:00,,False
2022-02-27 03:20:00,,False
2022-02-27 03:30:00,0.0,False
2022-02-27 03:40:00,0.0,False
2022-02-27 03:50:00,0.0,False
2022-02-27 04:00:00,0.0,False
2022-02-27 04:10:00,0.0,False
2022-02-27 04:20:00,0.0,False
2022-02-27 04:30:00,0.0,False
2022-02-27 04:40:00,0.0,False
2022-02-27 04:50:00,0.0,False
2022-02-27 05:00:00,0.0,False
2022-02-27 05:10:00,0.0,False
2022-02-27 05:20:00,0.0,False
2022-02-27 05:30:00,0.0,False
2022-02-27 05:40:00,0.0,False
2022-02-27 05:50:00,0.0,False
2022-02-27 06:00:00,0.0,False
2022-02-27 06:10:00,0.0,False
2022-02-27 06:20:00,0.0,False
2022-02-27 06:30:00,0.0,False
2022-02-27 06:40:00,0.0,False
2022-02-27 06:50:00,0.0,False
2022-02-27 07:00:00,0.0,False
2022-02-27 07:10:00,0.0,False
2022-02-27 07:20:00,0.0,False
2022-02-27 07:30:00,0.0,False
2022-02-27 07:40:00,0.0,False
2022-02-27 07:50:00,0.0,False
2022-02-27 08:00:00,0.0,False
2022-02-27 08:10:00,0.0,False
2022-02-27 08:20:00,0.0,False
2022-02-27 08:30:00,0.0,False
2022-02-27 08:40:00,0.0,False
2022-02-27 08:50:00,0.0,False
2022-02-27 09:00:00,0.0,False
2022-02-27 09:10:00,0.0,False
2022-02-27 09:20:00,0.0,False
2022-02-27 09:30:00,0.0,False
2022-02-27 09:40:00,,False
2022-02-27 09:50:00,0.0,False
2022-02-27 10:00:00,0.0,False
2022-02-27 10:10:00,0.0,False
2022-02-27 10:20:00,,False
2022-02-27 10:30:00,0.0,False
2022-02-27 10:40:00,0.0,False
2022-02-27 10:50:00,0.0,False
2022-02-27 11:00:00,0.0,False
2022-02-27 11:10:00,0.0,False
2022-02-27 11:20:00,0.0,False
2022-02-27 11:30:00,0.0,False
2022-02-27 11:40:00,0.0,False
2022-02-27 11:50:00,0.0,False
2022-02-27 12:00:00,0.0,False
2022-02-27 12:10:00,0.0,False
2022-02-27 12:20:00,0.0,False
2022-02-27 12:30:00,0.0,False
2022-02-27 12:40:00,0.0,False
2022-02-27 12:50:00,0.0,False
2022-02-27 13:00:00,0.0,False
2022-02-27 13:10:00,0.0,False
2022-02-27 13:20:00,,False
2022-02-27 13:30:00,0.0,False
2022-02-27 13:40:00,0.0,False
2022-02-27 13:50:00,0.0,False
2022-02-27 14:00:00,0.0,False
2022-02-27 14:10:00,0.0,False
2022-02-27 14:20:00,0.0,False
2022-02-27 14:30:00,0.0,False
2022-02-27 14:40:00,0.0,False
2022-02-27 14:50:00,0.0,False
2022-02-27 15:00:00,0.0,False
2022-02-27 15:10:00,0.0,False
2022-02-27 15:20:00,0.0,False
2022-02-27 15:30:00,0.0,False
2022-02-27 15:40:00,0.0,False
2022-02-27 15:50:00,0.0,False
2022-02-27 16:00:00,0.0,False
2022-02-27 16:10:00,0.0,False
2022-02-27 16:20:00,0.0,False
2022-02-27 16:30:00,0.0,False
2022-02-27 16:40:00,0.0,False
2022-02-27 16:50:00,0.0,False
2022-02-27 17:00:00,0.0,False
2022-02-27 17:10:00,,False
2022-02-27 17:20:00,0.0,False
2022-02-27 17:30:00,0.0,False
2022-02-27 17:40:00,0.0,False
2022-02-27 17:50:00,0.0,False
2022-02-27 18:00:00,0.0,False
2022-02-27 18:10:00,0.0,False
2022-02-27 18:20:00,,False
2022-02-27 18:30:00,0.0,False
2022-02-27 18:40:00,0.0,False
2022-02-27 18:50:00,0.0,False
2022-02-27 19:00:00,0.0,False
2022-02-27 19:10:00,0.0,False
2022-02-27 19:20:00,,False
2022-02-27 19:30:00,,False
2022-02-27 19:40:00,0.0,False
2022-02-27 19:50:00,0.0,False
2022-02-27 20:00:00,0.0,False
2022-02-27 20:10:00,0.0,False
2022-02-27 20:20:00,0.0,False
2022-02-27 20:30:00,0.0,False
2022-02-27 20:40:00,0.0,False
2022-02-27 20:50:00,0.0,False
2022-02-27 21:00:00,0.0,False
2022-02-27 21:10:00,0.0,False
2022-02-27 21:20:00,0.0,False
2022-02-27 21:30:00,0.0,False
2022-02-27 21:40:00,0.0,False
2022-02-27 21:50:00,0.0,False
2022-02-27 22:00:00,0.0,False
2022-02-27 22:10:00,0.0,False
2022-02-27 22:20:00,0.0,False
2022-02-27 22:30:00,0.0,False
2022-02-27 22:40:00,0.0,False
2022-02-27 22:50:00,0.0,False
2022-02-27 23:00:00,0.0,False
2022-02-27 23:10:00,0.0,False
2022-02-27 23:20:00,,False
2022-02-27 23:30:00,0.0,False
2022-02-27 23:40:00,0.0,False
2022-02-27 23:50:00,0.0,False
2022-02-28 00:00:00,0.0,False
2022-02-28 00:10:00,0.0,False
2022-02-28 00:20:00,0.0,False
2022-02-28 00:30:00,0.0,False
2022-02-28 00:40:00,0.0,False
2022-02-28 00:50:00,0.0,False
2022-02-28 01:00:00,0.0,False
2022-02-28 01:10:00,0.0,False
2022-02-28 01:20:00,0.0,False
2022-02-28 01:30:00,0.0,False
2022-02-28 01:40:00,0.0,False
2022-02-28 01:50:00,0.0,False
2022-02-28 02:00:00,0.0,False
2022-02-28 02:10:00,0.0,False
2022-02-28 02:20:00,0.0,False
2022-02-28 02:30:00,0.0,False
2022-02-28 02:40:00,0.0,False
2022-02-28 02:50:00,0.0,False
2022-02-28 03:00:00,0.0,False
2022-02-28 03:10:00,0.0,False
2022-02-28 03:20:00,0.0,False
2022-02-28 03:30:00,0.0,False
2022-02-28 03:40:00,0.0,False
2022-02-28 03:50:00,0.0,False
2022-02-28 04:00:00,0.0,False
2022-02-28 04:10:00,0.0,False
2022-02-28 04:20:00,0.0,False
2022-02-28 04:30:00,0.0,False
2022-02-28 04:40:00,0.0,False
2022-02-28 04:50:00,0.0,False
2022-02-28 05:00:00,0.0,False
2022-02-28 05:10:00,0.0,False
2022-02-28 05:20:00,0.0,False
2022-02-28 05:30:00,0.0,False
2022-02-28 05:40:00,0.0,False
2022-02-28 05:50:00,0.0,False
2022-02-28 06:00:00,0.0,False
2022-02-28 06:10:00,0.0,False
2022-02-28 06:20:00,0.0,False
2022-02-28 06:30:00,0.0,False
2022-02-28 06:40:00,0.0,False
2022-02-28 06:50:00,0.0,False
2022-02-28 07:00:00,0.0,False
2022-02-28 07:10:00,0.0,False
2022-02-28 07:20:00,0.0,False
2022-02-28 07:30:00,0.0,False
2022-02-28 07:40:00,0.0,False
2022-02-28 07:50:00,0.0,False
2022-02-28 08:00:00,0.0,False
2022-02-28 08:10:00,0.0,False
2022-02-28 08:20:00,0.0,False
2022-02-28 08:30:00,0.0,False
2022-02-28 08:40:00,0.0,False
2022-02-28 08:50:00,0.0,False
2022-02-28 09:00:00,,False
2022-02-28 09:10:00,0.0,False
2022-02-28 09:20:00,0.0,False
2022-02-28 09:30:00,0.0,False
2022-02-28 09:40:00,0.0,False
2022-02-28 09:50:00,0.0,False
2022-02-28 10:00:00,0.0,False
2022-02-28 10:10:00,0.0,False
2022-02-28 10:20:00,0.0,False
2022-02-28 10:30:00,0.0,False
2022-02-28 10:40:00,0.0,False
2022-02-28 10:50:00,0.0,False
2022-02-28 11:00:00,0.0,False
2022-02-28 11:10:00,0.0,False
2022-02-28 11:20:00,0.0,False
2022-02-28 11:30:00,0.0,False
2022-02-28 11:40:00,0.0,False
2022-02-28 11:50:00,0.0,False
2022-02-28 12:00:00,0.0,False
2022-02-28 12:10:00,0.0,False
2022-02-28 12:20:00,0.0,False
2022-02-28 12:30:00,0.0,False
2022-02-28 12:40:00,0.0,False
2022-02-28 12:50:00,0.0,False
2022-02-28 13:00:00,0.0,False
2022-02-28 13:10:00,,False
2022-02-28 13:20:00,0.0,False
2022-02-28 13:30:00,0.0,False
2022-02-28 13:40:00,0.0,False
2022-02-28 13:50:00,0.0,False
2022-02-28 14:00:00,0.0,False
2022-02-28 14:10:00,0.0,False
2022-02-28 14:20:00,0.0,False
2022-02-28 14:30:00,0.0,False
2022-02-28 14:40:00,0.0,False
2022-02-28 14:50:00,0.0,False
2022-02-28 15:00:00,0.0,False
2022-02-28 15:10:00,0.0,False
2022-02-28 15:20:00,0.0,False
2022-02-28 15:30:00,0.0,False
2022-02-28 15:40:00,0.0,False
2022-02-28 15:50:00,0.0,False
2022-02-28 16:00:00,0.0,False
2022-02-28 16:10:00,0.0,False
2022-02-28 16:20:00,0.0,False
2022-02-28 16:30:00,0.0,False
2022-02-28 16:40:00,0.0,False
2022-02-28 16:50:00,0.0,False
2022-02-28 17:00:00,0.0,False
2022-02-28 17:10:00,0.0,False
2022-02-28 17:20:00,0.0,False
2022-02-28 17:30:00,0.0,False
2022-02-28 17:40:00,0.0,False
2022-02-28 17:50:00,0.0,False
2022-02-28 18:00:00,0.0,False
2022-02-28 18:10:00,0.0,False
2022-02-28 18:20:00,0.0,False
2022-02-28 18:30:00,0.0,False
2022-02-28 18:40:00,0.0,False
2022-02-28 18:50:00,0.0,False
2022-02-28 19:00:00,0.0,False
2022-02-28 19:10:00,0.0,False
2022-02-28 19:20:00,0.0,False
2022-02-28 19:30:00,0.0,False
2022-02-28 19:40:00,0.0,False
2022-02-28 19:50:00,0.0,False
2022-02-28 20:00:00,0.0,False
2022-02-28 20:10:00,0.0,False
2022-02-28 20:20:00,0.0,False
2022-02-28 20:30:00,0.0,False
2022-02-28 20:40:00,0.0,False
2022-02-28 20:50:00,,False
2022-02-28 21:00:00,0.0,False
2022-02-28 21:10:00,0.0,False
2022-02-28 21:20:00,0.0,False
2022-02-28 21:30:00,0.0,False
2022-02-28 21:40:00,0.0,False
2022-02-28 21:50:00,0.0,False
2022-02-28 22:00:00,0.0,False
2022-02-28 22:10:00,0.0,False
2022-02-28 22:20:00,0.0,False
2022-02-28 22:30:00,0.0,False
2022-02-28 22:40:00,0.0,False
2022-02-28 22:50:00,0.0,False
2022-02-28 23:00:00,,False
2022-02-28 23:10:00,0.0,False
2022-02-28 23:20:00,,False
2022-02-28 23:30:00,0.0,False
2022-02-28 23:40:00,0.0,False
2022-02-28 23:50:00,0.0,False
2022-03-01 00:00:00,0.0,False
2022-03-01 00:10:00,0.0,False
2022-03-01 00:20:00,0.0,False
2022-03-01 00:30:00,0.0,False
2022-03-01 00:40:00,0.0,False
2022-03-01 00:50:00,0.0,False
2022-03-01 01:00:00,0.0,False
2022-03-01 01:10:00,0.0,False
2022-03-01 01:20:00,0.0,False
2022-03-01 01:30:00,0.0,False
2022-03-01 01:40:00,0.0,False
2022-03-01 01:50:00,0.0,False
2022-03-01 02:00:00,0.0,False
2022-03-01 02:10:00,0.0,False
2022-03-01 02:20:00,0.0,False
2022-03-01 02:30:00,0.0,False
2022-03-01 02:40:00,0.0,False
2022-03-01 02:50:00,0.0,False
2022-03-01 03:00:00,0.0,False
2022-03-01 03:10:00,0.0,False
2022-03-01 03:20:00,,False
2022-03-01 03:30:00,0.0,False
2022-03-01 03:40:00,0.0,False
2022-03-01 03:50:00,0.0,False
2022-03-01 04:00:00,0.0,False
2022-03-01 04:10:00,0.0,False
2022-03-01 04:20:00,0.0,False
2022-03-01 04:30:00,0.0,False
2022-03-01 04:40:00,0.0,False
2022-03-01 04:50:00,0.0,False
2022-03-01 05:00:00,,False
2022-03-01 05:10:00,0.0,False
2022-03-01 05:20:00,0.0,False
2022-03-01 05:30:00,0.0,False
2022-03-01 05:40:00,0.0,False
2022-03-01 05:50:00,0.0,False
2022-03-01 06:00:00,0.0,False
2022-03-01 06:10:00,0.0,False
2022-03-01 06:20:00,0.0,False
2022-03-01 06:30:00,0.0,False
2022-03-01 06:40:00,0.0,False
2022-03-01 06:50:00,0.0,False
2022-03-01 07:00:00,0.0,False
2022-03-01 07:10:00,0.0,False
2022-03-01 07:20:00,0.0,False
2022-03-01 07:30:00,0.0,False
2022-03-01 07:40:00,0.0,False
2022-03-01 07:50:00,0.0,False
2022-03-01 08:00:00,0.0,False
2022-03-01 08:10:00,0.0,False
2022-03-01 08:20:00,0.0,False
2022-03-01 08:30:00,0.0,False
2022-03-01 08:40:00,0.0,False
2022-03-01 08:50:00,0.0,False
2022-03-01 09:00:00,0.0,False
2022-03-01 09:10:00,0.0,False
2022-03-01 09:20:00,0.0,False
2022-03-01 09:30:00,0.0,False
2022-03-01 09:40:00,0.0,False
2022-03-01 09:50:00,0.0,False
2022-03-01 10:00:00,0.0,False
2022-03-01 10:10:00,,False
2022-03-01 10:20:00,0.0,False
2022-03-01 10:30:00,0.0,False
2022-03-01 10:40:00,0.0,False
2022-03-01 10:50:00,0.0,False
2022-03-01 11:00:00,0.0,False
2022-03-01 11:10:00,0.0,False
2022-03-01 11:20:00,0.0,False
2022-03-01 11:30:00,0.0,False
2022-03-01 11:40:00,0.0,False
2022-03-01 11:50:00,0.0,False
2022-03-01 12:00:00,0.0,False
2022-03-01 12:10:00,0.0,False
2022-03-01 12:20:00,,False
2022-03-01 12:30:00,0.0,False
2022-03-01 12:40:00,0.0,False
2022-03-01 12:50:00,,False
2022-03-01 13:00:00,0.0,False
2022-03-01 13:10:00,0.0,False
2022-03-01 13:20:00,0.0,False
2022-03-01 13:30:00,0.0,False
2022-03-01 13:40:00,0.0,False
2022-03-01 13:50:00,0.0,False
2022-03-01 14:00:00,,False
2022-03-01 14:10:00,0.0,False
2022-03-01 14:20:00,0.0,False
2022-03-01 14:30:00,0.0,False
2022-03-01 14:40:00,0.0,False
2022-03-01 14:50:00,0.0,False
2022-03-01 15:00:00,0.0,False
2022-03-01 15:10:00,,False
2022-03-01 15:20:00,0.0,False
2022-03-01 15:30:00,0.0,False
2022-03-01 15:40:00,0.0,False
2022-03-01 15:50:00,,False
2022-03-01 16:00:00,0.0,False
2022-03-01 16:10:00,0.0,False
2022-03-01 16:20:00,0.0,False
2022-03-01 16:30:00,0.0,False
2022-03-01 16:40:00,,False
2022-03-01 16:50:00,0.0,False
2022-03-01 17:00:00,0.0,False
2022-03-01 17:10:00,0.0,False
2022-03-01 17:20:00,0.0,False
2022-03-01 17:30:00,0.0,False
2022-03-01 17:40:00,0.0,False
2022-03-01 17:50:00,0.0,False
2022-03-01 18:00:00,0.0,False
2022-03-01 18:10:00,0.0,False
2022-03-01 18:20:00,0.0,False
2022-03-01 18:30:00,0.0,False
2022-03-01 18:40:00,0.0,False
2022-03-01 18:50:00,0.0,False
2022-03-01 19:00:00,0.0,False
2022-03-01 19:10:00,0.0,False
2022-03-01 19:20:00,0.0,False
2022-03-01 19:30:00,0.0,False
2022-03-01 19:40:00,0.0,False
2022-03-01 19:50:00,0.0,False
2022-03-01 20:00:00,0.0,False
2022-03-01 20:10:00,0.0,False
2022-03-01 20:20:00,0.0,False
2022-03-01 20:30:00,0.0,False
2022-03-01 20:40:00,0.0,False
2022-03-01 20:50:00,0.0,False
2022-03-01 21:00:00,0.0,False
2022-03-01 21:10:00,0.0,False
2022-03-01 21:20:00,0.0,False
2022-03-01 21:30:00,0.0,False
2022-03-01 21:40:00,0.0,False
2022-03-01 21:50:00,0.0,False
2022-03-01 22:00:00,0.0,False
2022-03-01 22:10:00,0.0,False
2022-03-01 22:20:00,0.0,False
2022-03-01 22:30:00,0.0,False
2022-03-01 22:40:00,0.0,False
2022-03-01 22:50:00,0.0,False
2022-03-01 23:00:00,0.0,False
2022-03-01 23:10:00,0.0,False
2022-03-01 23:20:00,0.0,False
2022-03-01 23:30:00,0.0,False
2022-03-01 23:40:00,0.0,False
2022-03-01 23:50:00,0.0,False
2022-03-02 00:00:00,0.0,False
2022-03-02 00:10:00,0.0,False
2022-03-02 00:20:00,0.0,False
2022-03-02 00:30:00,0.0,False
2022-03-02 00:40:00,0.0,False
2022-03-02 00:50:00,0.0,False
2022-03-02 01:00:00,0.0,False
2022-03-02 01:10:00,0.0,False
2022-03-02 01:20:00,0.0,False
2022-03-02 01:30:00,0.0,False
2022-03-02 01:40:00,0.0,False
2022-03-02 01:50:00,0.0,False
2022-03-02 02:00:00,0.0,False
2022-03-02 02:10:00,0.0,False
2022-03-02 02:20:00,0.0,False
2022-03-02 02:30:00,0.0,False
2022-03-02 02:40:00,0.0,False
2022-03-02 02:50:00,0.0,False
2022-03-02 03:00:00,0.0,False
2022-03-02 03:10:00,0.0,False
2022-03-02 03:20:00,0.0,False
2022-03-02 03:30:00,0.0,False
2022-03-02 03:40:00,0.0,False
2022-03-02 03:50:00,0.0,False
2022-03-02 04:00:00,0.0,False
2022-03-02 04:10:00,0.0,False
2022-03-02 04:20:00,0.0,False
2022-03-02 04:30:00,0.0,False
2022-03-02 04:40:00,0.0,False
2022-03-02 04:50:00,0.0,False
2022-03-02 05:00:00,0.0,False
2022-03-02 05:10:00,0.0,False
2022-03-02 05:20:00,0.0,False
2022-03-02 05:30:00,0.0,False
2022-03-02 05:40:00,0.0,False
2022-03-02 05:50:00,0.0,False
2022-03-02 06:00:00,0.0,False
2022-03-02 06:10:00,0.0,False
2022-03-02 06:20:00,0.0,False
2022-03-02 06:30:00,0.0,False
2022-03-02 06:40:00,0.0,False
2022-03-02 06:50:00,0.0,False
2022-03-02 07:00:00,0.0,False
2022-03-02 07:10:00,0.0,False
2022-03-02 07:20:00,0.0,False
2022-03-02 07:30:00,0.0,False
2022-03-02 07:40:00,0.0,False
2022-03-02 07:50:00,0.0,False
2022-03-02 08:00:00,0.0,False
2022-03-02 08:10:00,0.0,False
2022-03-02 08:20:00,0.0,False
2022-03-02 08:30:00,0.0,False
2022-03-02 08:40:00,0.0,False
2022-03-02 08:50:00,0.0,False
2022-03-02 09:00:00,0.0,False
2022-03-02 09:10:00,0.0,False
2022-03-02 09:20:00,,False
2022-03-02 09:30:00,0.0,False
2022-03-02 09:40:00,0.0,False
2022-03-02 09:50:00,0.0,False
2022-03-02 10:00:00,0.0,False
2022-03-02 10:10:00,0.0,False
2022-03-02 10:20:00,0.0,False
2022-03-02 10:30:00,0.0,False
2022-03-02 10:40:00,,False
2022-03-02 10:50:00,0.0,False
2022-03-02 11:00:00,0.0,False
2022-03-02 11:10:00,0.0,False
2022-03-02 11:20:00,0.0,False
2022-03-02 11:30:00,,False
2022-03-02 11:40:00,0.0,False
2022-03-02 11:50:00,0.0,False
2022-03-02 12:00:00,0.0,False
2022-03-02 12:10:00,0.0,False
2022-03-02 12:20:00,0.0,False
2022-03-02 12:30:00,0.0,False
2022-03-02 12:40:00,0.0,False
2022-03-02 12:50:00,0.0,False
2022-03-02 13:00:00,0.0,False
2022-03-02 13:10:00,0.0,False
2022-03-02 13:20:00,0.0,False
2022-03-02 13:30:00,0.0,False
2022-03-02 13:40:00,,False
2022-03-02 13:50:00,,False
2022-03-02 14:00:00,0.0,False
2022-03-02 14:10:00,0.0,False
2022-03-02 14:20:00,0.0,False
2022-03-02 14:30:00,0.0,False
2022-03-02 14:40:00,,False
2022-03-02 14:50:00,0.0,False
2022-03-02 15:00:00,0.0,False
2022-03-02 15:10:00,0.0,False
2022-03-02 15:20:00,0.0,False
2022-03-02 15:30:00,0.0,False
2022-03-02 15:40:00,,False
2022-03-02 15:50:00,0.0,False
2022-03-02 16:00:00,0.0,False
2022-03-02 16:10:00,0.0,False
2022-03-02 16:20:00,0.0,False
2022-03-02 16:30:00,0.0,False
2022-03-02 16:40:00,0.0,False
2022-03-02 16:50:00,,False
2022-03-02 17:00:00,0.0,False
2022-03-02 17:10:00,0.0,False
2022-03-02 17:20:00,,False
2022-03-02 17:30:00,0.0,False
2022-03-02 17:40:00,0.0,False
2022-03-02 17:50:00,0.0,False
2022-03-02 18:00:00,0.0,False
2022-03-02 18:10:00,0.0,False
2022-03-02 18:20:00,0.0,False
2022-03-02 18:30:00,0.0,False
2022-03-02 18:40:00,0.0,False
2022-03-02 18:50:00,0.0,False
2022-03-02 19:00:00,0.0,False
2022-03-02 19:10:00,0.0,False
2022-03-02 19:20:00,0.0,False
2022-03-02 19:30:00,0.0,False
2022-03-02 19:40:00,0.0,False
2022-03-02 19:50:00,0.0,False
2022-03-02 20:00:00,0.0,False
2022-03-02 20:10:00,0.0,False
2022-03-02 20:20:00,0.0,False
2022-03-02 20:30:00,0.0,False
2022-03-02 20:40:00,0.0,False
2022-03-02 20:50:00,0.0,False
2022-03-02 21:00:00,0.0,False
2022-03-02 21:10:00,0.0,False
2022-03-02 21:20:00,0.0,False
2022-03-02 21:30:00,0.0,False
2022-03-02 21:40:00,0.0,False
2022-03-02 21:50:00,0.0,False
2022-03-02 22:00:00,,False
2022-03-02 22:10:00,0.0,False
2022-03-02 22:20:00,0.0,False
2022-03-02 22:30:00,0.0,False
2022-03-02 22:40:00,0.0,False
2022-03-02 22:50:00,0.0,False
2022-03-02 23:00:00,0.0,False
2022-03-02 23:10:00,0.0,False
2022-03-02 23:20:00,0.0,False
2022-03-02 23:30:00,0.0,False
2022-03-02 23:40:00,0.0,False
2022-03-02 23:50:00,0.0,False
2022-03-03 00:00:00,,False
2022-03-03 00:10:00,0.0,False
2022-03-03 00:20:00,0.0,False
2022-03-03 00:30:00,0.0,False
2022-03-03 00:40:00,0.0,False
2022-03-03 00:50:00,0.0,False
2022-03-03 01:00:00,0.0,False
2022-03-03 01:10:00,0.0,False
2022-03-03 01:20:00,0.0,False
2022-03-03 01:30:00,0.0,False
2022-03-03 01:40:00,0.0,False
2022-03-03 01:50:00,0.0,False
2022-03-03 02:00:00,0.0,False
2022-03-03 02:10:00,0.0,False
2022-03-03 02:20:00,0.0,False
2022-03-03 02:30:00,0.0,False
2022-03-03 02:40:00,0.0,False
2022-03-03 02:50:00,0.0,False
2022-03-03 03:00:00,0.0,False
2022-03-03 03:10:00,0.0,False
2022-03-03 03:20:00,0.0,False
2022-03-03 03:30:00,0.0,False
2022-03-03 03:40:00,0.0,False
2022-03-03 03:50:00,0.0,False
2022-03-03 04:00:00,,False
2022-03-03 04:10:00,0.0,False
2022-03-03 04:20:00,0.0,False
2022-03-03 04:30:00,0.0,False
2022-03-03 04:40:00,0.0,False
2022-03-03 04:50:00,0.0,False
2022-03-03 05:00:00,0.0,False
2022-03-03 05:10:00,0.0,False
2022-03-03 05:20:00,0.0,False
2022-03-03 05:30:00,0.0,False
2022-03-03 05:40:00,0.0,False
2022-03-03 05:50:00,0.0,False
2022-03-03 06:00:00,0.0,False
2022-03-03 06:10:00,0.0,False
2022-03-03 06:20:00,,False
2022-03-03 06:30:00,0.0,False
2022-03-03 06:40:00,0.0,False
2022-03-03 06:50:00,0.0,False
2022-03-03 07:00:00,0.0,False
2022-03-03 07:10:00,0.0,False
2022-03-03 07:20:00,0.0,False
2022-03-03 07:30:00,0.0,False
2022-03-03 07:40:00,0.0,False
2022-03-03 07:50:00,0.0,False
2022-03-03 08:00:00,0.0,False
2022-03-03 08:10:00,0.0,False
2022-03-03 08:20:00,,False
2022-03-03 08:30:00,0.0,False
2022-03-03 08:40:00,0.0,False
2022-03-03 08:50:00,0.0,False
2022-03-03 09:00:00,0.0,False
2022-03-03 09:10:00,0.0,False
2022-03-03 09:20:00,0.0,False
2022-03-03 09:30:00,0.0,False
2022-03-03 09:40:00,0.0,False
2022-03-03 09:50:00,0.0,False
2022-03-03 10:00:00,0.0,False
2022-03-03 10:10:00,0.0,False
2022-03-03 10:20:00,0.0,False
2022-03-03 10:30:00,0.0,False
2022-03-03 10:40:00,0.0,False
2022-03-03 10:50:00,0.0,False
2022-03-03 11:00:00,0.0,False
2022-03-03 11:10:00,0.0,False
2022-03-03 11:20:00,0.0,False
2022-03-03 11:30:00,0.0,False
2022-03-03 11:40:00,0.0,False
2022-03-03 11:50:00,0.0,False
2022-03-03 12:00:00,0.0,False
2022-03-03 12:10:00,0.0,False
2022-03-03 12:20:00,,False
2022-03-03 12:30:00,0.0,False
2022-03-03 12:40:00,0.0,False
2022-03-03 12:50:00,0.0,False
2022-03-03 13:00:00,0.0,False
2022-03-03 13:10:00,0.0,False
2022-03-03 13:20:00,0.0,False
2022-03-03 13:30:00,0.0,False
2022-03-03 13:40:00,0.0,False
2022-03-03 13:50:00,0.0,False
2022-03-03 14:00:00,0.0,False
2022-03-03 14:10:00,0.0,False
2022-03-03 14:20:00,0.0,False
2022-03-03 14:30:00,0.0,False
2022-03-03 14:40:00,0.0,False
2022-03-03 14:50:00,0.0,False
2022-03-03 15:00:00,,False
2022-03-03 15:10:00,0.0,False
2022-03-03 15:20:00,0.0,False
2022-03-03 15:30:00,0.0,False
2022-03-03 15:40:00,0.0,False
2022-03-03 15:50:00,0.0,False
2022-03-03 16:00:00,0.0,False
2022-03-03 16:10:00,0.0,False
2022-03-03 16:20:00,0.0,False
2022-03-03 16:30:00,0.0,False
2022-03-03 16:40:00,0.0,False
2022-03-03 16:50:00,0.0,False
2022-03-03 17:00:00,0.0,False
2022-03-03 17:10:00,0.0,False
2022-03-03 17:20:00,0.0,False
2022-03-03 17:30:00,0.0,False
2022-03-03 17:40:00,,False
2022-03-03 17:50:00,0.0,False
2022-03-03 18:00:00,0.0,False
2022-03-03 18:10:00,0.0,False
2022-03-03 18:20:00,0.0,False
2022-03-03 18:30:00,0.0,False
2022-03-03 18:40:00,0.0,False
2022-03-03 18:50:00,0.0,False
2022-03-03 19:00:00,0.0,False
2022-03-03 19:10:00,0.0,False
2022-03-03 19:20:00,0.0,False
2022-03-03 19:30:00,0.0,False
2022-03-03 19:40:00,0.0,False
2022-03-03 19:50:00,0.0,False
2022-03-03 20:00:00,0.0,False
2022-03-03 20:10:00,0.0,False
2022-03-03 20:20:00,0.0,False
2022-03-03 20:30:00,0.0,False
2022-03-03 20:40:00,0.0,False
2022-03-03 20:50:00,0.0,False
2022-03-03 21:00:00,0.0,False
2022-03-03 21:10:00,,False
2022-03-03 21:20:00,0.0,False
2022-03-03 21:30:00,0.0,False
2022-03-03 21:40:00,0.0,False
2022-03-03 21:50:00,0.0,False
2022-03-03 22:00:00,0.0,False
2022-03-03 22:10:00,0.0,False
2022-03-03 22:20:00,0.0,False
2022-03-03 22:30:00,0.0,False
2022-03-03 22:40:00,0.0,False
2022-03-03 22:50:00,0.0,False
2022-03-03 23:00:00,0.0,False
2022-03-03 23:10:00,0.0,False
2022-03-03 23:20:00,0.0,False
2022-03-03 23:30:00,0.0,False
2022-03-03 23:40:00,0.0,False
2022-03-03 23:50:00,0.0,False
2022-03-04 00:00:00,0.0,False
2022-03-04 00:10:00,0.0,False
2022-03-04 00:20:00,0.0,False
2022-03-04 00:30:00,0.0,False
2022-03-04 00:40:00,0.0,False
2022-03-04 00:50:00,0.0,False
2022-03-04 01:00:00,0.0,False
2022-03-04 01:10:00,0.0,False
2022-03-04 01:20:00,0.0,False
2022-03-04 01:30:00,0.0,False
2022-03-04 01:40:00,0.0,False
2022-03-04 01:50:00,0.0,False
2022-03-04 02:00:00,0.0,False
2022-03-04 02:10:00,0.0,False
2022-03-04 02:20:00,0.0,False
2022-03-04 02:30:00,0.0,False
2022-03-04 02:40:00,0.0,False
2022-03-04 02:50:00,0.0,False
2022-03-04 03:00:00,0.0,False
2022-03-04 03:10:00,0.0,False
2022-03-04 03:20:00,0.0,False
2022-03-04 03:30:00,0.0,False
2022-03-04 03:40:00,0.0,False
2022-03-04 03:50:00,0.0,False
2022-03-04 04:00:00,0.0,False
2022-03-04 04:10:00,0.0,False
2022-03-04 04:20:00,0.0,False
2022-03-04 04:30:00,0.0,False
2022-03-04 04:40:00,0.0,False
2022-03-04 04:50:00,0.0,False
2022-03-04 05:00:00,,False
2022-03-04 05:10:00,0.0,False
2022-03-04 05:20:00,0.0,False
2022-03-04 05:30:00,0.0,False
2022-03-04 05:40:00,,False
2022-03-04 05:50:00,0.0,False
2022-03-04 06:00:00,0.0,False
2022-03-04 06:10:00,0.0,False
2022-03-04 06:20:00,0.0,False
2022-03-04 06:30:00,0.0,False
2022-03-04 06:40:00,0.0,False
2022-03-04 06:50:00,0.0,False
2022-03-04 07:00:00,0.0,False
2022-03-04 07:10:00,0.0,False
2022-03-04 07:20:00,0.0,False
2022-03-04 07:30:00,0.0,False
2022-03-04 07:40:00,0.0,False
2022-03-04 07:50:00,0.0,False
2022-03-04 08:00:00,0.0,False
2022-03-04 08:10:00,0.0,False
2022-03-04 08:20:00,0.0,False
2022-03-04 08:30:00,0.0,False
2022-03-04 08:40:00,0.0,False
2022-03-04 08:50:00,0.0,False
2022-03-04 09:00:00,0.0,False
2022-03-04 09:10:00,0.0,False
2022-03-04 09:20:00,0.0,False
2022-03-04 09:30:00,0.0,False
2022-03-04 09:40:00,0.0,False
2022-03-04 09:50:00,0.0,False
2022-03-04 10:00:00,0.0,False
2022-03-04 10:10:00,0.0,False
2022-03-04 10:20:00,0.0,False
2022-03-04 10:30:00,0.0,False
2022-03-04 10:40:00,0.0,False
2022-03-04 10:50:00,0.0,False
2022-03-04 11:00:00,0.0,False
2022-03-04 11:10:00,0.0,False
2022-03-04 11:20:00,0.0,False
2022-03-04 11:30:00,0.0,False
2022-03-04 11:40:00,0.0,False
2022-03-04 11:50:00,0.0,False
2022-03-04 12:00:00,0.0,False
2022-03-04 12:10:00,0.0,False
2022-03-04 12:20:00,0.0,False
2022-03-04 12:30:00,0.0,False
2022-03-04 12:40:00,0.0,False
2022-03-04 12:50:00,0.0,False
2022-03-04 13:00:00,0.0,False
2022-03-04 13:10:00,0.0,False
2022-03-04 13:20:00,0.0,False
2022-03-04 13:30:00,0.0,False
2022-03-04 13:40:00,0.0,False
2022-03-04 13:50:00,0.0,False
2022-03-04 14:00:00,0.0,False
2022-03-04 14:10:00,0.0,False
2022-03-04 14:20:00,0.0,False
2022-03-04 14:30:00,0.0,False
2022-03-04 14:40:00,0.0,False
2022-03-04 14:50:00,0.0,False
2022-03-04 15:00:00,0.0,False
2022-03-04 15:10:00,0.0,False
2022-03-04 15:20:00,0.0,False
2022-03-04 15:30:00,0.0,False
2022-03-04 15:40:00,0.0,False
2022-03-04 15:50:00,0.0,False
2022-03-04 16:00:00,0.0,False
2022-03-04 16:10:00,0.0,False
2022-03-04 16:20:00,0.0,False
2022-03-04 16:30:00,0.0,False
2022-03-04 16:40:00,0.0,False
2022-03-04 16:50:00,0.0,False
2022-03-04 17:00:00,0.0,False
2022-03-04 17:10:00,0.0,False
2022-03-04 17:20:00,0.0,False
2022-03-04 17:30:00,0.0,False
2022-03-04 17:40:00,0.0,False
2022-03-04 17:50:00,0.0,False
2022-03-04 18:00:00,0.0,False
2022-03-04 18:10:00,0.0,False
2022-03-04 18:20:00,0.0,False
2022-03-04 18:30:00,0.0,False
2022-03-04 18:40:00,0.0,False
2022-03-04 18:50:00,0.0,False
2022-03-04 19:00:00,0.0,False
2022-03-04 19:10:00,0.0,False
2022-03-04 19:20:00,0.0,False
2022-03-04 19:30:00,0.0,False
2022-03-04 19:40:00,0.0,False
2022-03-04 19:50:00,0.0,False
2022-03-04 20:00:00,0.0,False
2022-03-04 20:10:00,0.0,False
2022-03-04 20:20:00,0.0,False
2022-03-04 20:30:00,0.0,False
2022-03-04 20:40:00,0.0,False
2022-03-04 20:50:00,0.0,False
2022-03-04 21:00:00,0.0,False
2022-03-04 21:10:00,0.0,False
2022-03-04 21:20:00,,False
2022-03-04 21:30:00,0.0,False
2022-03-04 21:40:00,0.0,False
2022-03-04 21:50:00,0.0,False
2022-03-04 22:00:00,0.0,False
2022-03-04 22:10:00,0.0,False
2022-03-04 22:20:00,0.0,False
2022-03-04 22:30:00,0.0,False
2022-03-04 22:40:00,0.0,False
2022-03-04 22:50:00,0.0,False
2022-03-04 23:00:00,0.0,False
2022-03-04 23:10:00,0.0,False
2022-03-04 23:20:00,0.0,False
2022-03-04 23:30:00,0.0,False
2022-03-04 23:40:00,0.0,False
2022-03-04 23:50:00,0.0,False
2022-03-05 00:00:00,0.0,False
2022-03-05 00:10:00,0.0,False
2022-03-05 00:20:00,0.0,False
2022-03-05 00:30:00,0.0,False
2022-03-05 00:40:00,0.0,False
2022-03-05 00:50:00,0.0,False
2022-03-05 01:00:00,0.0,False
2022-03-05 01:10:00,0.0,False
2022-03-05 01:20:00,0.0,False
2022-03-05 01:30:00,0.0,False
2022-03-05 01:40:00,0.0,False
2022-03-05 01:50:00,0.0,False
2022-03-05 02:00:00,0.0,False
2022-03-05 02:10:00,0.0,False
2022-03-05 02:20:00,0.0,False
2022-03-05 02:30:00,0.0,False
2022-03-05 02:40:00,0.0,False
2022-03-05 02:50:00,0.0,False
2022-03-05 03:00:00,0.0,False
2022-03-05 03:10:00,0.0,False
2022-03-05 03:20:00,0.0,False
2022-03-05 03:30:00,0.0,False
2022-03-05 03:40:00,0.0,False
2022-03-05 03:50:00,0.0,False
2022-03-05 04:00:00,0.0,False
2022-03-05 04:10:00,0.0,False
2022-03-05 04:20:00,0.0,False
2022-03-05 04:30:00,0.0,False
2022-03-05 04:40:00,0.0,False
2022-03-05 04:50:00,0.0,False
2022-03-05 05:00:00,0.0,False
2022-03-05 05:10:00,0.0,False
2022-03-05 05:20:00,0.0,False
2022-03-05 05:30:00,0.0,False
2022-03-05 05:40:00,0.0,False
2022-03-05 05:50:00,0.0,False
2022-03-05 06:00:00,0.0,False
2022-03-05 06:10:00,,False
2022-03-05 06:20:00,0.0,False
2022-03-05 06:30:00,0.0,False
2022-03-05 06:40:00,0.0,False
2022-03-05 06:50:00,0.0,False
2022-03-05 07:00:00,0.0,False
2022-03-05 07:10:00,0.0,False
2022-03-05 07:20:00,0.0,False
2022-03-05 07:30:00,0.0,False
2022-03-05 07:40:00,0.0,False
2022-03-05 07:50:00,0.0,False
2022-03-05 08:00:00,0.0,False
2022-03-05 08:10:00,0.0,False
2022-03-05 08:20:00,0.0,False
2022-03-05 08:30:00,0.0,False
2022-03-05 08:40:00,0.0,False
2022-03-05 08:50:00,0.0,False
2022-03-05 09:00:00,0.0,False
2022-03-05 09:10:00,0.0,False
2022-03-05 09:20:00,0.0,False
2022-03-05 09:30:00,0.0,False
2022-03-05 09:40:00,0.0,False
2022-03-05 09:50:00,0.0,False
2022-03-05 10:00:00,0.0,False
2022-03-05 10:10:00,0.0,False
2022-03-05 10:20:00,0.0,False
2022-03-05 10:30:00,0.0,False
2022-03-05 10:40:00,0.0,False
2022-03-05 10:50:00,0.0,False
2022-03-05 11:00:00,0.0,False
2022-03-05 11:10:00,0.0,False
2022-03-05 11:20:00,0.0,False
2022-03-05 11:30:00,0.0,False
2022-03-05 11:40:00,0.0,False
2022-03-05 11:50:00,0.0,False
2022-03-05 12:00:00,0.0,False
2022-03-05 12:10:00,0.0,False
2022-03-05 12:20:00,0.0,False
2022-03-05 12:30:00,0.0,False
2022-03-05 12:40:00,0.0,False
2022-03-05 12:50:00,0.0,False
2022-03-05 13:00:00,0.0,False
2022-03-05 13:10:00,0.0,False
2022-03-05 13:20:00,0.0,False
2022-03-05 13:30:00,0.0,False
2022-03-05 13:40:00,0.0,False
2022-03-05 13:50:00,0.0,False
2022-03-05 14:00:00,0.0,False
2022-03-05 14:10:00,0.0,False
2022-03-05 14:20:00,0.0,False
2022-03-05 14:30:00,0.0,False
2022-03-05 14:40:00,0.0,False
2022-03-05 14:50:00,0.0,False
2022-03-05 15:00:00,0.0,False
2022-03-05 15:10:00,0.0,False
2022-03-05 15:20:00,0.0,False
2022-03-05 15:30:00,0.0,False
2022-03-05 15:40:00,0.0,False
2022-03-05 15:50:00,0.0,False
2022-03-05 16:00:00,0.0,False
2022-03-05 16:10:00,0.0,False
2022-03-05 16:20:00,0.0,False
2022-03-05 16:30:00,0.0,False
2022-03-05 16:40:00,0.0,False
2022-03-05 16:50:00,0.0,False
2022-03-05 17:00:00,0.0,False
2022-03-05 17:10:00,0.0,False
2022-03-05 17:20:00,0.0,False
2022-03-05 17:30:00,0.0,False
2022-03-05 17:40:00,0.0,False
2022-03-05 17:50:00,0.0,False
2022-03-05 18:00:00,0.0,False
2022-03-05 18:10:00,0.0,False
2022-03-05 18:20:00,0.0,False
2022-03-05 18:30:00,0.0,False
2022-03-05 18:40:00,,False
2022-03-05 18:50:00,0.0,False
2022-03-05 19:00:00,0.0,False
2022-03-05 19:10:00,0.0,False
2022-03-05 19:20:00,0.0,False
2022-03-05 19:30:00,0.0,False
2022-03-05 19:40:00,0.0,False
2022-03-05 19:50:00,0.0,False
2022-03-05 20:00:00,0.0,False
2022-03-05 20:10:00,0.0,False
2022-03-05 20:20:00,0.0,False
2022-03-05 20:30:00,0.0,False
2022-03-05 20:40:00,0.0,False
2022-03-05 20:50:00,0.0,False
2022-03-05 21:00:00,0.0,False
2022-03-05 21:10:00,0.0,False
2022-03-05 21:20:00,0.0,False
2022-03-05 21:30:00,0.0,False
2022-03-05 21:40:00,0.0,False
2022-03-05 21:50:00,0.0,False
2022-03-05 22:00:00,0.0,False
2022-03-05 22:10:00,0.0,False
2022-03-05 22:20:00,0.0,False
2022-03-05 22:30:00,0.0,False
2022-03-05 22:40:00,0.0,False
2022-03-05 22:50:00,0.0,False
2022-03-05 23:00:00,0.0,False
2022-03-05 23:10:00,0.0,False
2022-03-05 23:20:00,0.0,False
2022-03-05 23:30:00,0.0,False
2022-03-05 23:40:00,0.0,False
2022-03-05 23:50:00,0.0,False
2022-03-06 00:00:00,0.0,False
2022-03-06 00:10:00,0.0,False
2022-03-06 00:20:00,0.0,False
2022-03-06 00:30:00,0.0,False
2022-03-06 00:40:00,0.0,False
2022-03-06 00:50:00,0.0,False
2022-03-06 01:00:00,0.0,False
2022-03-06 01:10:00,0.0,False
2022-03-06 01:20:00,0.0,False
2022-03-06 01:30:00,0.0,False
2022-03-06 01:40:00,0.0,False
2022-03-06 01:50:00,0.0,False
2022-03-06 02:00:00,0.0,False
2022-03-06 02:10:00,0.0,False
2022-03-06 02:20:00,0.0,False
2022-03-06 02:30:00,0.0,False
2022-03-06 02:40:00,0.0,False
2022-03-06 02:50:00,0.0,False
2022-03-06 03:00:00,0.0,False
2022-03-06 03:10:00,0.0,False
2022-03-06 03:20:00,0.0,False
2022-03-06 03:30:00,0.0,False
2022-03-06 03:40:00,0.0,False
2022-03-06 03:50:00,0.0,False
2022-03-06 04:00:00,0.0,False
2022-03-06 04:10:00,0.0,False
2022-03-06 04:20:00,0.0,False
2022-03-06 04:30:00,0.0,False
2022-03-06 04:40:00,0.0,False
2022-03-06 04:50:00,0.0,False
2022-03-06 05:00:00,0.0,False
2022-03-06 05:10:00,0.0,False
2022-03-06 05:20:00,0.0,False
2022-03-06 05:30:00,0.0,False
2022-03-06 05:40:00,0.0,False
2022-03-06 05:50:00,0.0,False
2022-03-06 06:00:00,0.0,False
2022-03-06 06:10:00,0.0,False
2022-03-06 06:20:00,0.0,False
2022-03-06 06:30:00,0.0,False
2022-03-06 06:40:00,0.0,False
2022-03-06 06:50:00,,False
2022-03-06 07:00:00,0.0,False
2022-03-06 07:10:00,0.0,False
2022-03-06 07:20:00,0.0,False
2022-03-06 07:30:00,0.0,False
2022-03-06 07:40:00,0.0,False
2022-03-06 07:50:00,0.0,False
2022-03-06 08:00:00,0.0,False
2022-03-06 08:10:00,0.0,False
2022-03-06 08:20:00,0.0,False
2022-03-06 08:30:00,0.0,False
2022-03-06 08:40:00,,False
2022-03-06 08:50:00,0.0,False
2022-03-06 09:00:00,0.0,False
2022-03-06 09:10:00,0.0,False
2022-03-06 09:20:00,,False
2022-03-06 09:30:00,0.0,False
2022-03-06 09:40:00,0.0,False
2022-03-06 09:50:00,0.0,False
2022-03-06 10:00:00,0.0,False
2022-03-06 10:10:00,0.0,False
2022-03-06 10:20:00,0.0,False
2022-03-06 10:30:00,0.0,False
2022-03-06 10:40:00,0.0,False
2022-03-06 10:50:00,0.0,False
2022-03-06 11:00:00,0.0,False
2022-03-06 11:10:00,0.0,False
2022-03-06 11:20:00,0.0,False
2022-03-06 11:30:00,0.0,False
2022-03-06 11:40:00,0.0,False
2022-03-06 11:50:00,0.0,False
2022-03-06 12:00:00,0.0,False
2022-03-06 12:10:00,0.0,False
2022-03-06 12:20:00,0.0,False
2022-03-06 12:30:00,0.0,False
2022-03-06 12:40:00,0.0,False
2022-03-06 12:50:00,0.0,False
2022-03-06 13:00:00,0.0,False
2022-03-06 13:10:00,0.0,False
2022-03-06 13:20:00,0.0,False
2022-03-06 13:30:00,0.0,False
2022-03-06 13:40:00,0.0,False
2022-03-06 13:50:00,0.0,False
2022-03-06 14:00:00,0.0,False
2022-03-06 14:10:00,0.0,False
2022-03-06 14:20:00,0.0,False
2022-03-06 14:30:00,0.0,False
2022-03-06 14:40:00,0.0,False
2022-03-06 14:50:00,0.0,False
2022-03-06 15:00:00,0.0,False
2022-03-06 15:10:00,0.0,False
2022-03-06 15:20:00,0.0,False
2022-03-06 15:30:00,0.0,False
2022-03-06 15:40:00,0.0,False
2022-03-06 15:50:00,0.0,False
2022-03-06 16:00:00,0.0,False
2022-03-06 16:10:00,0.0,False
2022-03-06 16:20:00,0.0,False
2022-03-06 16:30:00,0.0,False
2022-03-06 16:40:00,0.0,False
2022-03-06 16:50:00,0.0,False
2022-03-06 17:00:00,0.0,False
2022-03-06 17:10:00,0.0,False
2022-03-06 17:20:00,0.0,False
2022-03-06 17:30:00,0.0,False
2022-03-06 17:40:00,0.0,False
2022-03-06 17:50:00,0.0,False
2022-03-06 18:00:00,,False
2022-03-06 18:10:00,0.0,False
2022-03-06 18:20:00,0.0,False
2022-03-06 18:30:00,0.0,False
2022-03-06 18:40:00,0.0,False
2022-03-06 18:50:00,0.0,False
2022-03-06 19:00:00,0.0,False
2022-03-06 19:10:00,0.0,False
2022-03-06 19:20:00,0.0,False
2022-03-06 19:30:00,0.0,False
2022-03-06 19:40:00,0.0,False
2022-03-06 19:50:00,0.0,False
2022-03-06 20:00:00,0.0,False
2022-03-06 20:10:00,0.0,False
2022-03-06 20:20:00,0.0,False
2022-03-06 20:30:00,0.0,False
2022-03-06 20:40:00,0.0,False
2022-03-06 20:50:00,0.0,False
2022-03-06 21:00:00,0.0,False
2022-03-06 21:10:00,,False
2022-03-06 21:20:00,0.0,False
2022-03-06 21:30:00,,False
2022-03-06 21:40:00,0.0,False
2022-03-06 21:50:00,0.0,False
2022-03-06 22:00:00,0.0,False
2022-03-06 22:10:00,0.0,False
2022-03-06 22:20:00,0.0,False
2022-03-06 22:30:00,0.0,False
2022-03-06 22:40:00,0.0,False
2022-03-06 22:50:00,0.0,False
2022-03-06 23:00:00,0.0,False
2022-03-06 23:10:00,0.0,False
2022-03-06 23:20:00,0.0,False
2022-03-06 23:30:00,0.0,False
2022-03-06 23:40:00,0.0,False
2022-03-06 23:50:00,0.0,False
2022-03-07 00:00:00,0.0,False
2022-03-07 00:10:00,0.0,False
2022-03-07 00:20:00,0.0,False
2022-03-07 00:30:00,0.0,False
2022-03-07 00:40:00,0.0,False
2022-03-07 00:50:00,0.0,False
2022-03-07 01:00:00,0.0,False
2022-03-07 01:10:00,0.0,False
2022-03-07 01:20:00,0.0,False
2022-03-07 01:30:00,0.0,False
2022-03-07 01:40:00,,False
2022-03-07 01:50:00,0.0,False
2022-03-07 02:00:00,0.0,False
2022-03-07 02:10:00,0.0,False
2022-03-07 02:20:00,0.0,False
2022-03-07 02:30:00,0.0,False
2022-03-07 02:40:00,0.0,False
2022-03-07 02:50:00,,False
2022-03-07 03:00:00,0.0,False
2022-03-07 03:10:00,0.0,False
2022-03-07 03:20:00,0.0,False
2022-03-07 03:30:00,0.0,False
2022-03-07 03:40:00,0.0,False
2022-03-07 03:50:00,0.0,False
2022-03-07 04:00:00,0.0,False
2022-03-07 04:10:00,0.0,False
2022-03-07 04:20:00,0.0,False
2022-03-07 04:30:00,0.0,False
2022-03-07 04:40:00,0.0,False
2022-03-07 04:50:00,0.0,False
2022-03-07 05:00:00,0.0,False
2022-03-07 05:10:00,0.0,False
2022-03-07 05:20:00,0.0,False
2022-03-07 05:30:00,0.0,False
2022-03-07 05:40:00,0.0,False
2022-03-07 05:50:00,0.0,False
2022-03-07 06:00:00,0.0,False
2022-03-07 06:10:00,0.0,False
2022-03-07 06:20:00,0.0,False
2022-03-07 06:30:00,0.0,False
2022-03-07 06:40:00,0.0,False
2022-03-07 06:50:00,0.0,False
2022-03-07 07:00:00,0.0,False
2022-03-07 07:10:00,0.0,False
2022-03-07 07:20:00,0.0,False
2022-03-07 07:30:00,0.0,False
2022-03-07 07:40:00,0.0,False
2022-03-07 07:50:00,0.0,False
2022-03-07 08:00:00,0.0,False
2022-03-07 08:10:00,0.0,False
2022-03-07 08:20:00,0.0,False
2022-03-07 08:30:00,0.0,False
2022-03-07 08:40:00,0.0,False
2022-03-07 08:50:00,0.0,False
2022-03-07 09:00:00,0.0,False
2022-03-07 09:10:00,0.0,False
2022-03-07 09:20:00,0.0,False
2022-03-07 09:30:00,0.0,False
2022-03-07 09:40:00,0.0,False
2022-03-07 09:50:00,,False
2022-03-07 10:00:00,0.0,False
2022-03-07 10:10:00,0.0,False
2022-03-07 10:20:00,0.0,False
2022-03-07 10:30:00,0.0,False
2022-03-07 10:40:00,0.0,False
2022-03-07 10:50:00,0.0,False
2022-03-07 11:00:00,0.0,False
2022-03-07 11:10:00,0.0,False
2022-03-07 11:20:00,0.0,False
2022-03-07 11:30:00,0.0,False
2022-03-07 11:40:00,0.0,False
2022-03-07 11:50:00,0.0,False
2022-03-07 12:00:00,0.0,False
2022-03-07 12:10:00,0.0,False
2022-03-07 12:20:00,0.0,False
2022-03-07 12:30:00,0.0,False
2022-03-07 12:40:00,0.0,False
2022-03-07 12:50:00,0.0,False
2022-03-07 13:00:00,0.0,False
2022-03-07 13:10:00,0.0,False
2022-03-07 13:20:00,0.0,False
2022-03-07 13:30:00,0.0,False
2022-03-07 13:40:00,0.0,False
2022-03-07 13:50:00,0.0,False
2022-03-07 14:00:00,0.0,False
2022-03-07 14:10:00,0.0,False
2022-03-07 14:20:00,0.0,False
2022-03-07 14:30:00,0.0,False
2022-03-07 14:40:00,0.0,False
2022-03-07 14:50:00,0.0,False
2022-03-07 15:00:00,,False
2022-03-07 15:10:00,0.0,False
2022-03-07 15:20:00,0.0,False
2022-03-07 15:30:00,0.0,False
2022-03-07 15:40:00,0.0,False
2022-03-07 15:50:00,0.0,False
2022-03-07 16:00:00,0.0,False
2022-03-07 16:10:00,0.0,False
2022-03-07 16:20:00,0.0,False
2022-03-07 16:30:00,0.0,False
2022-03-07 16:40:00,0.0,False
2022-03-07 16:50:00,0.0,False
2022-03-07 17:00:00,0.0,False
2022-03-07 17:10:00,0.0,False
2022-03-07 17:20:00,0.0,False
2022-03-07 17:30:00,0.0,False
2022-03-07 17:40:00,0.0,False
2022-03-07 17:50:00,0.0,False
2022-03-07 18:00:00,0.0,False
2022-03-07 18:10:00,,False
2022-03-07 18:20:00,0.0,False
2022-03-07 18:30:00,0.0,False
2022-03-07 18:40:00,0.0,False
2022-03-07 18:50:00,0.0,False
2022-03-07 19:00:00,0.0,False
2022-03-07 19:10:00,0.0,False
2022-03-07 19:20:00,0.0,False
2022-03-07 19:30:00,0.0,False
2022-03-07 19:40:00,0.0,False
2022-03-07 19:50:00,0.0,False
2022-03-07 20:00:00,,False
2022-03-07 20:10:00,0.0,False
2022-03-07 20:20:00,0.0,False
2022-03-07 20:30:00,0.0,False
2022-03-07 20:40:00,0.0,False
2022-03-07 20:50:00,0.0,False
2022-03-07 21:00:00,0.0,False
2022-03-07 21:10:00,0.0,False
2022-03-07 21:20:00,0.0,False
2022-03-07 21:30:00,0.0,False
2022-03-07 21:40:00,0.0,False
2022-03-07 21:50:00,0.0,False
2022-03-07 22:00:00,0.0,False
2022-03-07 22:10:00,0.0,False
2022-03-07 22:20:00,0.0,False
2022-03-07 22:30:00,0.0,False
2022-03-07 22:40:00,0.0,False
2022-03-07 22:50:00,0.0,False
2022-03-07 23:00:00,0.0,False
2022-03-07 23:10:00,0.0,False
2022-03-07 23:20:00,0.0,False
2022-03-07 23:30:00,0.0,False
2022-03-07 23:40:00,0.0,False
2022-03-07 23:50:00,0.0,False
2022-03-08 00:00:00,0.0,False
2022-03-08 00:10:00,0.0,False
2022-03-08 00:20:00,0.0,False
2022-03-08 00:30:00,0.0,False
2022-03-08 00:40:00,0.0,False
2022-03-08 00:50:00,0.0,False
2022-03-08 01:00:00,0.0,False
2022-03-08 01:10:00,0.0,False
2022-03-08 01:20:00,0.0,False
2022-03-08 01:30:00,0.0,False
2022-03-08 01:40:00,,False
2022-03-08 01:50:00,0.0,False
2022-03-08 02:00:00,0.0,False
2022-03-08 02:10:00,,False
2022-03-08 02:20:00,0.0,False
2022-03-08 02:30:00,0.0,False
2022-03-08 02:40:00,0.0,False
2022-03-08 02:50:00,0.0,False
2022-03-08 03:00:00,0.0,False
2022-03-08 03:10:00,0.0,False
2022-03-08 03:20:00,0.0,False
2022-03-08 03:30:00,0.0,False
2022-03-08 03:40:00,0.0,False
2022-03-08 03:50:00,0.0,False
2022-03-08 04:00:00,0.0,False
2022-03-08 04:10:00,0.0,False
2022-03-08 04:20:00,0.0,False
2022-03-08 04:30:00,0.0,False
2022-03-08 04:40:00,0.0,False
2022-03-08 04:50:00,0.0,False
2022-03-08 05:00:00,0.0,False
2022-03-08 05:10:00,0.0,False
2022-03-08 05:20:00,0.0,False
2022-03-08 05:30:00,0.0,False
2022-03-08 05:40:00,0.0,False
2022-03-08 05:50:00,0.0,False
2022-03-08 06:00:00,0.0,False
2022-03-08 06:10:00,0.0,False
2022-03-08 06:20:00,0.0,False
2022-03-08 06:30:00,0.0,False
2022-03-08 06:40:00,0.0,False
2022-03-08 06:50:00,0.0,False
2022-03-08 07:00:00,0.0,False
2022-03-08 07:10:00,0.0,False
2022-03-08 07:20:00,0.0,False
2022-03-08 07:30:00,0.0,False
2022-03-08 07:40:00,,False
2022-03-08 07:50:00,0.0,False
2022-03-08 08:00:00,0.0,False
2022-03-08 08:10:00,0.0,False
2022-03-08 08:20:00,0.0,False
2022-03-08 08:30:00,0.0,False
2022-03-08 08:40:00,0.0,False
2022-03-08 08:50:00,0.0,False
2022-03-08 09:00:00,0.0,False
2022-03-08 09:10:00,0.0,False
2022-03-08 09:20:00,0.0,False
2022-03-08 09:30:00,0.0,False
2022-03-08 09:40:00,0.0,False
2022-03-08 09:50:00,0.0,False
2022-03-08 10:00:00,0.0,False
2022-03-08 10:10:00,0.0,False
2022-03-08 10:20:00,0.0,False
2022-03-08 10:30:00,,False
2022-03-08 10:40:00,0.0,False
2022-03-08 10:50:00,0.0,False
2022-03-08 11:00:00,0.0,False
2022-03-08 11:10:00,0.0,False
2022-03-08 11:20:00,0.0,False
2022-03-08 11:30:00,0.0,False
2022-03-08 11:40:00,,False
2022-03-08 11:50:00,0.0,False
2022-03-08 12:00:00,0.0,False
2022-03-08 12:10:00,0.0,False
2022-03-08 12:20:00,0.0,False
2022-03-08 12:30:00,0.0,False
2022-03-08 12:40:00,0.0,False
2022-03-08 12:50:00,0.0,False
2022-03-08 13:00:00,,False
2022-03-08 13:10:00,0.0,False
2022-03-08 13:20:00,0.0,False
2022-03-08 13:30:00,0.0,False
2022-03-08 13:40:00,0.0,False
2022-03-08 13:50:00,0.0,False
2022-03-08 14:00:00,0.0,False
2022-03-08 14:10:00,0.0,False
2022-03-08 14:20:00,0.0,False
2022-03-08 14:30:00,0.0,False
2022-03-08 14:40:00,0.0,False
2022-03-08 14:50:00,0.0,False
2022-03-08 15:00:00,0.0,False
2022-03-08 15:10:00,0.0,False
2022-03-08 15:20:00,0.0,False
2022-03-08 15:30:00,0.0,False
2022-03-08 15:40:00,0.0,False
2022-03-08 15:50:00,0.0,False
2022-03-08 16:00:00,0.0,False
2022-03-08 16:10:00,0.0,False
2022-03-08 16:20:00,0.0,False
2022-03-08 16:30:00,0.0,False
2022-03-08 16:40:00,0.0,False
2022-03-08 16:50:00,0.0,False
2022-03-08 17:00:00,0.0,False
2022-03-08 17:10:00,0.0,False
2022-03-08 17:20:00,0.0,False
2022-03-08 17:30:00,0.0,False
2022-03-08 17:40:00,0.0,False
2022-03-08 17:50:00,0.0,False
2022-03-08 18:00:00,0.0,False
2022-03-08 18:10:00,0.0,False
2022-03-08 18:20:00,0.0,False
2022-03-08 18:30:00,0.0,False
2022-03-08 18:40:00,0.0,False
2022-03-08 18:50:00,0.0,False
2022-03-08 19:00:00,0.0,False
2022-03-08 19:10:00,0.0,False
2022-03-08 19:20:00,0.0,False
2022-03-08 19:30:00,0.0,False
2022-03-08 19:40:00,0.0,False
2022-03-08 19:50:00,0.0,False
2022-03-08 20:00:00,0.0,False
2022-03-08 20:10:00,0.0,False
2022-03-08 20:20:00,0.0,False
2022-03-08 20:30:00,0.0,False
2022-03-08 20:40:00,0.0,False
2022-03-08 20:50:00,0.0,False
2022-03-08 21:00:00,0.0,False
2022-03-08 21:10:00,0.0,False
2022-03-08 21:20:00,0.0,False
2022-03-08 21:30:00,0.0,False
2022-03-08 21:40:00,0.0,False
2022-03-08 21:50:00,0.0,False
2022-03-08 22:00:00,0.0,False
2022-03-08 22:10:00,0.0,False
2022-03-08 22:20:00,0.0,False
2022-03-08 22:30:00,0.0,False
2022-03-08 22:40:00,0.0,False
2022-03-08 22:50:00,0.0,False
2022-03-08 23:00:00,0.0,False
2022-03-08 23:10:00,0.0,False
2022-03-08 23:20:00,0.0,False
2022-03-08 23:30:00,0.0,False
2022-03-08 23:40:00,0.0,False
2022-03-08 23:50:00,0.0,False
2022-03-09 00:00:00,0.0,False
2022-03-09 00:10:00,0.0,False
2022-03-09 00:20:00,0.0,False
2022-03-09 00:30:00,0.0,False
2022-03-09 00:40:00,0.0,False
2022-03-09 00:50:00,0.0,False
2022-03-09 01:00:00,0.0,False
2022-03-09 01:10:00,0.0,False
2022-03-09 01:20:00,0.0,False
2022-03-09 01:30:00,0.0,False
2022-03-09 01:40:00,,False
2022-03-09 01:50:00,0.0,False
2022-03-09 02:00:00,0.0,False
2022-03-09 02:10:00,0.0,False
2022-03-09 02:20:00,0.0,False
2022-03-09 02:30:00,0.0,False
2022-03-09 02:40:00,0.0,False
2022-03-09 02:50:00,0.0,False
2022-03-09 03:00:00,0.0,False
2022-03-09 03:10:00,,False
2022-03-09 03:20:00,0.0,False
2022-03-09 03:30:00,0.0,False
2022-03-09 03:40:00,0.0,False
2022-03-09 03:50:00,0.0,False
2022-03-09 04:00:00,0.0,False
2022-03-09 04:10:00,0.0,False
2022-03-09 04:20:00,0.0,False
2022-03-09 04:30:00,0.0,False
2022-03-09 04:40:00,0.0,False
2022-03-09 04:50:00,0.0,False
2022-03-09 05:00:00,0.0,False
2022-03-09 05:10:00,0.0,False
2022-03-09 05:20:00,0.0,False
2022-03-09 05:30:00,0.0,False
2022-03-09 05:40:00,0.0,False
2022-03-09 05:50:00,0.0,False
2022-03-09 06:00:00,0.0,False
2022-03-09 06:10:00,0.0,False
2022-03-09 06:20:00,0.0,False
2022-03-09 06:30:00,0.0,False
2022-03-09 06:40:00,0.0,False
2022-03-09 06:50:00,0.0,False
2022-03-09 07:00:00,0.0,False
2022-03-09 07:10:00,0.0,False
2022-03-09 07:20:00,0.0,False
2022-03-09 07:30:00,0.0,False
2022-03-09 07:40:00,0.0,False
2022-03-09 07:50:00,0.0,False
2022-03-09 08:00:00,0.0,False
2022-03-09 08:10:00,0.0,False
2022-03-09 08:20:00,0.0,False
2022-03-09 08:30:00,0.0,False
2022-03-09 08:40:00,0.0,False
2022-03-09 08:50:00,0.0,False
2022-03-09 09:00:00,0.0,False
2022-03-09 09:10:00,0.0,False
2022-03-09 09:20:00,0.0,False
2022-03-09 09:30:00,0.0,False
2022-03-09 09:40:00,0.0,False
2022-03-09 09:50:00,0.0,False
2022-03-09 10:00:00,0.0,False
2022-03-09 10:10:00,0.0,False
2022-03-09 10:20:00,0.0,False
2022-03-09 10:30:00,0.0,False
2022-03-09 10:40:00,0.0,False
2022-03-09 10:50:00,0.0,False
2022-03-09 11:00:00,0.0,False
2022-03-09 11:10:00,0.0,False
2022-03-09 11:20:00,0.0,False
2022-03-09 11:30:00,0.0,False
2022-03-09 11:40:00,0.0,False
2022-03-09 11:50:00,0.0,False
2022-03-09 12:00:00,0.0,False
2022-03-09 12:10:00,0.0,False
2022-03-09 12:20:00,0.0,False
2022-03-09 12:30:00,0.0,False
2022-03-09 12:40:00,0.0,False
2022-03-09 12:50:00,,False
2022-03-09 13:00:00,0.0,False
2022-03-09 13:10:00,0.0,False
2022-03-09 13:20:00,0.0,False
2022-03-09 13:30:00,0.0,False
2022-03-09 13:40:00,0.0,False
2022-03-09 13:50:00,0.0,False
2022-03-09 14:00:00,0.0,False
2022-03-09 14:10:00,0.0,False
2022-03-09 14:20:00,0.0,False
2022-03-09 14:30:00,0.0,False
2022-03-09 14:40:00,0.0,False
2022-03-09 14:50:00,0.0,False
2022-03-09 15:00:00,0.0,False
2022-03-09 15:10:00,0.0,False
2022-03-09 15:20:00,0.0,False
2022-03-09 15:30:00,0.0,False
2022-03-09 15:40:00,0.0,False
2022-03-09 15:50:00,0.0,False
2022-03-09 16:00:00,0.0,False
2022-03-09 16:10:00,0.0,False
2022-03-09 16:20:00,0.0,False
2022-03-09 16:30:00,0.0,False
2022-03-09 16:40:00,0.0,False
2022-03-09 16:50:00,0.0,False
2022-03-09 17:00:00,0.0,False
2022-03-09 17:10:00,0.0,False
2022-03-09 17:20:00,0.0,False
2022-03-09 17:30:00,0.0,False
2022-03-09 17:40:00,0.0,False
2022-03-09 17:50:00,0.0,False
2022-03-09 18:00:00,0.0,False
2022-03-09 18:10:00,0.0,False
2022-03-09 18:20:00,0.0,False
2022-03-09 18:30:00,0.0,False
2022-03-09 18:40:00,0.0,False
2022-03-09 18:50:00,0.0,False
2022-03-09 19:00:00,0.0,False
2022-03-09 19:10:00,0.0,False
2022-03-09 19:20:00,0.0,False
2022-03-09 19:30:00,0.0,False
2022-03-09 19:40:00,,False
2022-03-09 19:50:00,0.0,False
2022-03-09 20:00:00,0.0,False
2022-03-09 20:10:00,,False
2022-03-09 20:20:00,0.0,False
2022-03-09 20:30:00,0.0,False
2022-03-09 20:40:00,0.0,False
2022-03-09 20:50:00,,False
2022-03-09 21:00:00,0.0,False
2022-03-09 21:10:00,0.0,False
2022-03-09 21:20:00,0.0,False
2022-03-09 21:30:00,0.0,False
2022-03-09 21:40:00,0.0,False
2022-03-09 21:50:00,0.0,False
2022-03-09 22:00:00,0.0,False
2022-03-09 22:10:00,0.0,False
2022-03-09 22:20:00,0.0,False
2022-03-09 22:30:00,0.0,False
2022-03-09 22:40:00,0.0,False
2022-03-09 22:50:00,0.0,False
2022-03-09 23:00:00,0.0,False
2022-03-09 23:10:00,0.0,False
2022-03-09 23:20:00,0.0,False
2022-03-09 23:30:00,0.0,False
2022-03-09 23:40:00,0.0,False
2022-03-09 23:50:00,0.0,False
2022-03-10 00:00:00,0.0,False
2022-03-10 00:10:00,0.0,False
2022-03-10 00:20:00,0.0,False
2022-03-10 00:30:00,0.0,False
2022-03-10 00:40:00,0.0,False
2022-03-10 00:50:00,,False
2022-03-10 01:00:00,0.0,False
2022-03-10 01:10:00,0.0,False
2022-03-10 01:20:00,0.0,False
2022-03-10 01:30:00,0.0,False
2022-03-10 01:40:00,0.0,False
2022-03-10 01:50:00,0.0,False
2022-03-10 02:00:00,0.0,False
2022-03-10 02:10:00,0.0,False
2022-03-10 02:20:00,0.0,False
2022-03-10 02:30:00,0.0,False
2022-03-10 02:40:00,0.0,False
2022-03-10 02:50:00,0.0,False
2022-03-10 03:00:00,0.0,False
2022-03-10 03:10:00,0.0,False
2022-03-10 03:20:00,0.0,False
2022-03-10 03:30:00,0.0,False
2022-03-10 03:40:00,0.0,False
2022-03-10 03:50:00,0.0,False
2022-03-10 04:00:00,0.0,False
2022-03-10 04:10:00,0.0,False
2022-03-10 04:20:00,0.0,False
2022-03-10 04:30:00,0.0,False
2022-03-10 04:40:00,0.0,False
2022-03-10 04:50:00,0.0,False
2022-03-10 05:00:00,0.0,False
2022-03-10 05:10:00,0.0,False
2022-03-10 05:20:00,0.0,False
2022-03-10 05:30:00,0.0,False
2022-03-10 05:40:00,0.0,False
2022-03-10 05:50:00,0.0,False
2022-03-10 06:00:00,0.0,False
2022-03-10 06:10:00,0.0,False
2022-03-10 06:20:00,0.0,False
2022-03-10 06:30:00,0.0,False
2022-03-10 06:40:00,0.0,False
2022-03-10 06:50:00,0.0,False
2022-03-10 07:00:00,0.0,False
2022-03-10 07:10:00,0.0,False
2022-03-10 07:20:00,0.0,False
2022-03-10 07:30:00,0.0,False
2022-03-10 07:40:00,0.0,False
2022-03-10 07:50:00,0.0,False
2022-03-10 08:00:00,0.0,False
2022-03-10 08:10:00,0.0,False
2022-03-10 08:20:00,0.0,False
2022-03-10 08:30:00,0.0,False
2022-03-10 08:40:00,0.0,False
2022-03-10 08:50:00,0.0,False
2022-03-10 09:00:00,0.0,False
2022-03-10 09:10:00,0.0,False
2022-03-10 09:20:00,0.0,False
2022-03-10 09:30:00,0.0,False
2022-03-10 09:40:00,0.0,False
2022-03-10 09:50:00,0.0,False
2022-03-10 10:00:00,0.0,False
2022-03-10 10:10:00,0.0,False
2022-03-10 10:20:00,0.0,False
2022-03-10 10:30:00,0.0,False
2022-03-10 10:40:00,0.0,False
2022-03-10 10:50:00,0.0,False
2022-03-10 11:00:00,0.0,False
2022-03-10 11:10:00,0.0,False
2022-03-10 11:20:00,0.0,False
2022-03-10 11:30:00,0.0,False
2022-03-10 11:40:00,0.0,False
2022-03-10 11:50:00,0.0,False
2022-03-10 12:00:00,0.0,False
2022-03-10 12:10:00,,False
2022-03-10 12:20:00,0.0,False
2022-03-10 12:30:00,0.0,False
2022-03-10 12:40:00,0.0,False
2022-03-10 12:50:00,0.0,False
2022-03-10 13:00:00,0.0,False
2022-03-10 13:10:00,0.0,False
2022-03-10 13:20:00,0.0,False
2022-03-10 13:30:00,0.0,False
2022-03-10 13:40:00,0.0,False
2022-03-10 13:50:00,0.0,False
2022-03-10 14:00:00,0.0,False
2022-03-10 14:10:00,0.0,False
2022-03-10 14:20:00,0.0,False
2022-03-10 14:30:00,0.0,False
2022-03-10 14:40:00,0.0,False
2022-03-10 14:50:00,0.0,False
2022-03-10 15:00:00,0.0,False
2022-03-10 15:10:00,0.0,False
2022-03-10 15:20:00,0.0,False
2022-03-10 15:30:00,0.0,False
2022-03-10 15:40:00,0.0,False
2022-03-10 15:50:00,,False
2022-03-10 16:00:00,0.0,False
2022-03-10 16:10:00,0.0,False
2022-03-10 16:20:00,0.0,False
2022-03-10 16:30:00,0.0,False
2022-03-10 16:40:00,0.0,False
2022-03-10 16:50:00,0.0,False
2022-03-10 17:00:00,0.0,False
2022-03-10 17:10:00,0.0,False
2022-03-10 17:20:00,0.0,False
2022-03-10 17:30:00,0.0,False
2022-03-10 17:40:00,0.0,False
2022-03-10 17:50:00,0.0,False
2022-03-10 18:00:00,0.0,False
2022-03-10 18:10:00,0.0,False
2022-03-10 18:20:00,0.0,False
2022-03-10 18:30:00,0.0,False
2022-03-10 18:40:00,0.0,False
2022-03-10 18:50:00,0.0,False
2022-03-10 19:00:00,0.0,False
2022-03-10 19:10:00,0.0,False
2022-03-10 19:20:00,0.0,False
2022-03-10 19:30:00,0.0,False
2022-03-10 19:40:00,0.0,False
2022-03-10 19:50:00,0.0,False
2022-03-10 20:00:00,0.0,False
2022-03-10 20:10:00,0.0,False
2022-03-10 20:20:00,0.0,False
2022-03-10 20:30:00,,False
2022-03-10 20:40:00,0.0,False
2022-03-10 20:50:00,0.0,False
2022-03-10 21:00:00,0.0,False
2022-03-10 21:10:00,0.0,False
2022-03-10 21:20:00,0.0,False
2022-03-10 21:30:00,0.0,False
2022-03-10 21:40:00,0.0,False
2022-03-10 21:50:00,0.0,False
2022-03-10 22:00:00,0.0,False
2022-03-10 22:10:00,0.0,False
2022-03-10 22:20:00,0.0,False
2022-03-10 22:30:00,0.0,False
2022-03-10 22:40:00,0.0,False
2022-03-10 22:50:00,0.0,False
2022-03-10 23:00:00,0.0,False
2022-03-10 23:10:00,0.0,False
2022-03-10 23:20:00,0.0,False
2022-03-10 23:30:00,,False
2022-03-10 23:40:00,0.0,False
2022-03-10 23:50:00,0.0,False
2022-03-11 00:00:00,0.0,False
2022-03-11 00:10:00,0.0,False
2022-03-11 00:20:00,,False
2022-03-11 00:30:00,0.0,False
2022-03-11 00:40:00,0.0,False
2022-03-11 00:50:00,0.0,False
2022-03-11 01:00:00,0.0,False
2022-03-11 01:10:00,0.0,False
2022-03-11 01:20:00,0.0,False
2022-03-11 01:30:00,0.0,False
2022-03-11 01:40:00,0.0,False
2022-03-11 01:50:00,0.0,False
2022-03-11 02:00:00,0.0,False
2022-03-11 02:10:00,,False
2022-03-11 02:20:00,0.0,False
2022-03-11 02:30:00,0.0,False
2022-03-11 02:40:00,0.0,False
2022-03-11 02:50:00,0.0,False
2022-03-11 03:00:00,0.0,False
2022-03-11 03:10:00,0.0,False
2022-03-11 03:20:00,0.0,False
2022-03-11 03:30:00,0.0,False
2022-03-11 03:40:00,0.0,False
2022-03-11 03:50:00,0.0,False
2022-03-11 04:00:00,,False
2022-03-11 04:10:00,0.0,False
2022-03-11 04:20:00,0.0,False
2022-03-11 04:30:00,0.0,False
2022-03-11 04:40:00,0.0,False
2022-03-11 04:50:00,0.0,False
2022-03-11 05:00:00,0.0,False
2022-03-11 05:10:00,0.0,False
2022-03-11 05:20:00,0.0,False
2022-03-11 05:30:00,0.0,False
2022-03-11 05:40:00,,False
2022-03-11 05:50:00,0.0,False
2022-03-11 06:00:00,0.0,False
2022-03-11 06:10:00,0.0,False
2022-03-11 06:20:00,0.0,False
2022-03-11 06:30:00,0.0,False
2022-03-11 06:40:00,0.0,False
2022-03-11 06:50:00,0.0,False
2022-03-11 07:00:00,0.0,False
2022-03-11 07:10:00,0.0,False
2022-03-11 07:20:00,0.0,False
2022-03-11 07:30:00,0.0,False
2022-03-11 07:40:00,0.0,False
2022-03-11 07:50:00,0.0,False
2022-03-11 08:00:00,0.0,False
2022-03-11 08:10:00,0.0,False
2022-03-11 08:20:00,0.0,False
2022-03-11 08:30:00,0.0,False
2022-03-11 08:40:00,0.0,False
2022-03-11 08:50:00,0.0,False
2022-03-11 09:00:00,0.0,False
2022-03-11 09:10:00,0.0,False
2022-03-11 09:20:00,0.0,False
2022-03-11 09:30:00,0.0,False
2022-03-11 09:40:00,0.0,False
2022-03-11 09:50:00,0.0,False
2022-03-11 10:00:00,0.0,False
2022-03-11 10:10:00,0.0,False
2022-03-11 10:20:00,0.0,False
2022-03-11 10:30:00,0.0,False
2022-03-11 10:40:00,0.0,False
2022-03-11 10:50:00,0.0,False
2022-03-11 11:00:00,0.0,False
2022-03-11 11:10:00,0.0,False
2022-03-11 11:20:00,0.0,False
2022-03-11 11:30:00,0.0,False
2022-03-11 11:40:00,0.0,False
2022-03-11 11:50:00,0.0,False
2022-03-11 12:00:00,0.0,False
2022-03-11 12:10:00,0.0,False
2022-03-11 12:20:00,0.0,False
2022-03-11 12:30:00,0.0,False
2022-03-11 12:40:00,0.0,False
2022-03-11 12:50:00,0.0,False
2022-03-11 13:00:00,0.0,False
2022-03-11 13:10:00,0.0,False
2022-03-11 13:20:00,0.0,False
2022-03-11 13:30:00,0.0,False
2022-03-11 13:40:00,,False
2022-03-11 13:50:00,,False
2022-03-11 14:00:00,0.0,False
2022-03-11 14:10:00,0.0,False
2022-03-11 14:20:00,0.0,False
2022-03-11 14:30:00,0.0,False
2022-03-11 14:40:00,0.0,False
2022-03-11 14:50:00,0.0,False
2022-03-11 15:00:00,0.0,False
2022-03-11 15:10:00,0.0,False
2022-03-11 15:20:00,0.0,False
2022-03-11 15:30:00,0.0,False
2022-03-11 15:40:00,0.0,False
2022-03-11 15:50:00,0.0,False
2022-03-11 16:00:00,0.0,False
2022-03-11 16:10:00,0.0,False
2022-03-11 16:20:00,,False
2022-03-11 16:30:00,0.0,False
2022-03-11 16:40:00,0.0,False
2022-03-11 16:50:00,0.0,False
2022-03-11 17:00:00,0.0,False
2022-03-11 17:10:00,0.0,False
2022-03-11 17:20:00,0.0,False
2022-03-11 17:30:00,0.0,False
2022-03-11 17:40:00,0.0,False
2022-03-11 17:50:00,0.0,False
2022-03-11 18:00:00,0.0,False
2022-03-11 18:10:00,0.0,False
2022-03-11 18:20:00,0.0,False
2022-03-11 18:30:00,0.0,False
2022-03-11 18:40:00,,False
2022-03-11 18:50:00,0.0,False
2022-03-11 19:00:00,0.0,False
2022-03-11 19:10:00,0.0,False
2022-03-11 19:20:00,0.0,False
2022-03-11 19:30:00,,False
2022-03-11 19:40:00,0.0,False
2022-03-11 19:50:00,0.0,False
2022-03-11 20:00:00,0.0,False
2022-03-11 20:10:00,0.0,False
2022-03-11 20:20:00,0.0,False
2022-03-11 20:30:00,0.0,False
2022-03-11 20:40:00,0.0,False
2022-03-11 20:50:00,0.0,False
2022-03-11 21:00:00,0.0,False
2022-03-11 21:10:00,0.0,False
2022-03-11 21:20:00,0.0,False
2022-03-11 21:30:00,0.0,False
2022-03-11 21:40:00,0.0,False
2022-03-11 21:50:00,0.0,False
2022-03-11 22:00:00,0.0,False
2022-03-11 22:10:00,0.0,False
2022-03-11 22:20:00,0.0,False
2022-03-11 22:30:00,0.0,False
2022-03-11 22:40:00,0.0,False
2022-03-11 22:50:00,0.0,False
2022-03-11 23:00:00,0.0,False
2022-03-11 23:10:00,0.0,False
2022-03-11 23:20:00,0.0,False
2022-03-11 23:30:00,0.0,False
2022-03-11 23:40:00,0.0,False
2022-03-11 23:50:00,0.0,False
2022-03-12 00:00:00,0.0,False
2022-03-12 00:10:00,0.0,False
2022-03-12 00:20:00,0.0,False
2022-03-12 00:30:00,0.0,False
2022-03-12 00:40:00,0.0,False
2022-03-12 00:50:00,0.0,False
2022-03-12 01:00:00,0.0,False
2022-03-12 01:10:00,0.0,False
2022-03-12 01:20:00,0.0,False
2022-03-12 01:30:00,0.0,False
2022-03-12 01:40:00,0.0,False
2022-03-12 01:50:00,0.0,False
2022-03-12 02:00:00,0.0,False
2022-03-12 02:10:00,0.0,False
2022-03-12 02:20:00,0.0,False
2022-03-12 02:30:00,0.0,False
2022-03-12 02:40:00,,False
2022-03-12 02:50:00,0.0,False
2022-03-12 03:00:00,0.0,False
2022-03-12 03:10:00,0.0,False
2022-03-12 03:20:00,0.0,False
2022-03-12 03:30:00,0.0,False
2022-03-12 03:40:00,0.0,False
2022-03-12 03:50:00,0.0,False
2022-03-12 04:00:00,0.0,False
2022-03-12 04:10:00,,False
2022-03-12 04:20:00,0.0,False
2022-03-12 04:30:00,0.0,False
2022-03-12 04:40:00,0.0,False
2022-03-12 04:50:00,,False
2022-03-12 05:00:00,0.0,False
2022-03-12 05:10:00,0.0,False
2022-03-12 05:20:00,0.0,False
2022-03-12 05:30:00,0.0,False
2022-03-12 05:40:00,0.0,False
2022-03-12 05:50:00,0.0,False
2022-03-12 06:00:00,0.0,False
2022-03-12 06:10:00,0.0,False
2022-03-12 06:20:00,0.0,False
2022-03-12 06:30:00,0.0,False
2022-03-12 06:40:00,0.0,False
2022-03-12 06:50:00,0.0,False
2022-03-12 07:00:00,,False
2022-03-12 07:10:00,0.0,False
2022-03-12 07:20:00,0.0,False
2022-03-12 07:30:00,0.0,False
2022-03-12 07:40:00,0.0,False
2022-03-12 07:50:00,0.0,False
2022-03-12 08:00:00,0.0,False
2022-03-12 08:10:00,0.0,False
2022-03-12 08:20:00,0.0,False
2022-03-12 08:30:00,0.0,False
2022-03-12 08:40:00,0.0,False
2022-03-12 08:50:00,0.0,False
2022-03-12 09:00:00,,False
2022-03-12 09:10:00,0.0,False
2022-03-12 09:20:00,0.0,False
2022-03-12 09:30:00,0.0,False
2022-03-12 09:40:00,0.0,False
2022-03-12 09:50:00,0.0,False
2022-03-12 10:00:00,0.0,False
2022-03-12 10:10:00,0.0,False
2022-03-12 10:20:00,0.0,False
2022-03-12 10:30:00,0.0,False
2022-03-12 10:40:00,0.0,False
2022-03-12 10:50:00,0.0,False
2022-03-12 11:00:00,0.0,False
2022-03-12 11:10:00,,False
2022-03-12 11:20:00,0.0,False
2022-03-12 11:30:00,0.0,False
2022-03-12 11:40:00,,False
2022-03-12 11:50:00,0.0,False
2022-03-12 12:00:00,0.0,False
2022-03-12 12:10:00,0.0,False
2022-03-12 12:20:00,0.0,False
2022-03-12 12:30:00,0.0,False
2022-03-12 12:40:00,0.0,False
2022-03-12 12:50:00,0.0,False
2022-03-12 13:00:00,0.0,False
2022-03-12 13:10:00,0.0,False
2022-03-12 13:20:00,0.0,False
2022-03-12 13:30:00,0.0,False
2022-03-12 13:40:00,0.0,False
2022-03-12 13:50:00,0.0,False
2022-03-12 14:00:00,0.0,False
2022-03-12 14:10:00,0.0,False
2022-03-12 14:20:00,0.0,False
2022-03-12 14:30:00,0.0,False
2022-03-12 14:40:00,0.0,False
2022-03-12 14:50:00,0.0,False
2022-03-12 15:00:00,,False
2022-03-12 15:10:00,0.0,False
2022-03-12 15:20:00,0.0,False
2022-03-12 15:30:00,0.0,False
2022-03-12 15:40:00,0.0,False
2022-03-12 15:50:00,0.0,False
2022-03-12 16:00:00,0.0,False
2022-03-12 16:10:00,0.0,False
2022-03-12 16:20:00,0.0,False
2022-03-12 16:30:00,0.0,False
2022-03-12 16:40:00,0.0,False
2022-03-12 16:50:00,0.0,False
2022-03-12 17:00:00,0.0,False
2022-03-12 17:10:00,0.0,False
2022-03-12 17:20:00,0.0,False
2022-03-12 17:30:00,0.0,False
2022-03-12 17:40:00,0.0,False
2022-03-12 17:50:00,0.0,False
2022-03-12 18:00:00,0.0,False
2022-03-12 18:10:00,0.0,False
2022-03-12 18:20:00,0.0,False
2022-03-12 18:30:00,0.0,False
2022-03-12 18:40:00,0.0,False
2022-03-12 18:50:00,0.0,False
2022-03-12 19:00:00,0.0,False
2022-03-12 19:10:00,0.0,False
2022-03-12 19:20:00,0.0,False
2022-03-12 19:30:00,0.0,False
2022-03-12 19:40:00,0.0,False
2022-03-12 19:50:00,0.0,False
2022-03-12 20:00:00,0.0,False
2022-03-12 20:10:00,0.0,False
2022-03-12 20:20:00,0.0,False
2022-03-12 20:30:00,0.0,False
2022-03-12 20:40:00,0.0,False
2022-03-12 20:50:00,0.0,False
2022-03-12 21:00:00,0.0,False
2022-03-12 21:10:00,0.0,False
2022-03-12 21:20:00,0.0,False
2022-03-12 21:30:00,0.0,False
2022-03-12 21:40:00,0.0,False
2022-03-12 21:50:00,0.0,False
2022-03-12 22:00:00,0.0,False
2022-03-12 22:10:00,0.0,False
2022-03-12 22:20:00,0.0,False
2022-03-12 22:30:00,0.0,False
2022-03-12 22:40:00,,False
2022-03-12 22:50:00,0.0,False
2022-03-12 23:00:00,0.0,False
2022-03-12 23:10:00,0.0,False
2022-03-12 23:20:00,0.0,False
2022-03-12 23:30:00,0.0,False
2022-03-12 23:40:00,0.0,False
2022-03-12 23:50:00,,False
2022-03-13 00:00:00,0.0,False
2022-03-13 00:10:00,0.0,False
2022-03-13 00:20:00,0.0,False
2022-03-13 00:30:00,0.0,False
2022-03-13 00:40:00,0.0,False
2022-03-13 00:50:00,0.0,False
2022-03-13 01:00:00,0.0,False
2022-03-13 01:10:00,0.0,False
2022-03-13 01:20:00,0.0,False
2022-03-13 01:30:00,0.0,False
2022-03-13 01:40:00,0.0,False
2022-03-13 01:50:00,,False
2022-03-13 02:00:00,0.0,False
2022-03-13 02:10:00,0.0,False
2022-03-13 02:20:00,0.0,False
2022-03-13 02:30:00,0.0,False
2022-03-13 02:40:00,0.0,False
2022-03-13 02:50:00,0.0,False
2022-03-13 03:00:00,0.0,False
2022-03-13 03:10:00,0.0,False
2022-03-13 03:20:00,0.0,False
2022-03-13 03:30:00,0.0,False
2022-03-13 03:40:00,,False
2022-03-13 03:50:00,0.0,False
2022-03-13 04:00:00,0.0,False
2022-03-13 04:10:00,0.0,False
2022-03-13 04:20:00,0.0,False
2022-03-13 04:30:00,0.0,False
2022-03-13 04:40:00,0.0,False
2022-03-13 04:50:00,0.0,False
2022-03-13 05:00:00,0.0,False
2022-03-13 05:10:00,0.0,False
2022-03-13 05:20:00,0.0,False
2022-03-13 05:30:00,0.0,False
2022-03-13 05:40:00,0.0,False
2022-03-13 05:50:00,,False
2022-03-13 06:00:00,0.0,False
2022-03-13 06:10:00,0.0,False
2022-03-13 06:20:00,0.0,False
2022-03-13 06:30:00,0.0,False
2022-03-13 06:40:00,0.0,False
2022-03-13 06:50:00,0.0,False
2022-03-13 07:00:00,0.0,False
2022-03-13 07:10:00,0.0,False
2022-03-13 07:20:00,0.0,False
2022-03-13 07:30:00,0.0,False
2022-03-13 07:40:00,0.0,False
2022-03-13 07:50:00,0.0,False
2022-03-13 08:00:00,0.0,False
2022-03-13 08:10:00,0.0,False
2022-03-13 08:20:00,0.0,False
2022-03-13 08:30:00,0.0,False
2022-03-13 08:40:00,0.0,False
2022-03-13 08:50:00,0.0,False
2022-03-13 09:00:00,0.0,False
2022-03-13 09:10:00,0.0,False
2022-03-13 09:20:00,0.0,False
2022-03-13 09:30:00,0.0,False
2022-03-13 09:40:00,0.0,False
2022-03-13 09:50:00,0.0,False
2022-03-13 10:00:00,0.0,False
2022-03-13 10:10:00,0.0,False
2022-03-13 10:20:00,0.0,False
2022-03-13 10:30:00,0.0,False
2022-03-13 10:40:00,0.0,False
2022-03-13 10:50:00,0.0,False
2022-03-13 11:00:00,0.0,False
2022-03-13 11:10:00,0.0,False
2022-03-13 11:20:00,0.0,False
2022-03-13 11:30:00,0.0,False
2022-03-13 11:40:00,0.0,False
2022-03-13 11:50:00,0.0,False
2022-03-13 12:00:00,0.0,False
2022-03-13 12:10:00,0.0,False
2022-03-13 12:20:00,0.0,False
2022-03-13 12:30:00,0.0,False
2022-03-13 12:40:00,0.0,False
2022-03-13 12:50:00,0.0,False
2022-03-13 13:00:00,0.0,False
2022-03-13 13:10:00,0.0,False
2022-03-13 13:20:00,0.0,False
2022-03-13 13:30:00,0.0,False
2022-03-13 13:40:00,0.0,False
2022-03-13 13:50:00,0.0,False
2022-03-13 14:00:00,0.0,False
2022-03-13 14:10:00,0.0,False
2022-03-13 14:20:00,0.0,False
2022-03-13 14:30:00,0.0,False
2022-03-13 14:40:00,0.0,False
2022-03-13 14:50:00,0.0,False
2022-03-13 15:00:00,0.0,False
2022-03-13 15:10:00,0.0,False
2022-03-13 15:20:00,0.0,False
2022-03-13 15:30:00,0.0,False
2022-03-13 15:40:00,0.0,False
2022-03-13 15:50:00,0.0,False
2022-03-13 16:00:00,0.0,False
2022-03-13 16:10:00,0.0,False
2022-03-13 16:20:00,0.0,False
2022-03-13 16:30:00,0.0,False
2022-03-13 16:40:00,0.0,False
2022-03-13 16:50:00,0.0,False
2022-03-13 17:00:00,0.0,False
2022-03-13 17:10:00,0.0,False
2022-03-13 17:20:00,0.0,False
2022-03-13 17:30:00,0.0,False
2022-03-13 17:40:00,0.0,False
2022-03-13 17:50:00,0.0,False
2022-03-13 18:00:00,0.0,False
2022-03-13 18:10:00,0.0,False
2022-03-13 18:20:00,0.0,False
2022-03-13 18:30:00,0.0,False
2022-03-13 18:40:00,0.0,False
2022-03-13 18:50:00,0.0,False
2022-03-13 19:00:00,0.0,False
2022-03-13 19:10:00,0.0,False
2022-03-13 19:20:00,0.0,False
2022-03-13 19:30:00,0.0,False
2022-03-13 19:40:00,0.0,False
2022-03-13 19:50:00,0.0,False
2022-03-13 20:00:00,0.0,False
2022-03-13 20:10:00,0.0,False
2022-03-13 20:20:00,0.0,False
2022-03-13 20:30:00,0.0,False
2022-03-13 20:40:00,0.0,False
2022-03-13 20:50:00,0.0,False
2022-03-13 21:00:00,0.0,False
2022-03-13 21:10:00,0.0,False
2022-03-13 21:20:00,0.0,False
2022-03-13 21:30:00,0.0,False
2022-03-13 21:40:00,0.0,False
2022-03-13 21:50:00,0.0,False
2022-03-13 22:00:00,0.0,False
2022-03-13 22:10:00,0.0,False
2022-03-13 22:20:00,0.0,False
2022-03-13 22:30:00,0.0,False
2022-03-13 22:40:00,0.0,False
2022-03-13 22:50:00,,False
2022-03-13 23:00:00,0.0,False
2022-03-13 23:10:00,0.0,False
2022-03-13 23:20:00,0.0,False
2022-03-13 23:30:00,0.0,False
2022-03-13 23:40:00,0.0,False
2022-03-13 23:50:00,0.0,False
2022-03-14 00:00:00,0.0,False
2022-03-14 00:10:00,0.0,False
2022-03-14 00:20:00,0.0,False
2022-03-14 00:30:00,0.0,False
2022-03-14 00:40:00,0.0,False
2022-03-14 00:50:00,0.0,False
2022-03-14 01:00:00,,False
2022-03-14 01:10:00,0.0,False
2022-03-14 01:20:00,0.0,False
2022-03-14 01:30:00,0.0,False
2022-03-14 01:40:00,0.0,False
2022-03-14 01:50:00,0.0,False
2022-03-14 02:00:00,,False
2022-03-14 02:10:00,0.0,False
2022-03-14 02:20:00,0.0,False
2022-03-14 02:30:00,0.0,False
2022-03-14 02:40:00,0.0,False
2022-03-14 02:50:00,,False
2022-03-14 03:00:00,0.0,False
2022-03-14 03:10:00,0.0,False
2022-03-14 03:20:00,0.0,False
2022-03-14 03:30:00,0.0,False
2022-03-14 03:40:00,0.0,False
2022-03-14 03:50:00,0.0,False
2022-03-14 04:00:00,0.0,False
2022-03-14 04:10:00,0.0,False
2022-03-14 04:20:00,0.0,False
2022-03-14 04:30:00,0.0,False
2022-03-14 04:40:00,0.0,False
2022-03-14 04:50:00,0.0,False
2022-03-14 05:00:00,0.0,False
2022-03-14 05:10:00,0.0,False
2022-03-14 05:20:00,0.0,False
2022-03-14 05:30:00,0.0,False
2022-03-14 05:40:00,0.0,False
2022-03-14 05:50:00,0.0,False
2022-03-14 06:00:00,0.0,False
2022-03-14 06:10:00,0.0,False
2022-03-14 06:20:00,0.0,False
2022-03-14 06:30:00,0.0,False
2022-03-14 06:40:00,0.0,False
2022-03-14 06:50:00,0.0,False
2022-03-14 07:00:00,0.0,False
2022-03-14 07:10:00,0.0,False
2022-03-14 07:20:00,0.0,False
2022-03-14 07:30:00,0.0,False
2022-03-14 07:40:00,0.0,False
2022-03-14 07:50:00,0.0,False
2022-03-14 08:00:00,,False
2022-03-14 08:10:00,0.0,False
2022-03-14 08:20:00,0.0,False
2022-03-14 08:30:00,0.0,False
2022-03-14 08:40:00,0.0,False
2022-03-14 08:50:00,0.0,False
2022-03-14 09:00:00,0.0,False
2022-03-14 09:10:00,0.0,False
2022-03-14 09:20:00,0.0,False
2022-03-14 09:30:00,0.0,False
2022-03-14 09:40:00,0.0,False
2022-03-14 09:50:00,0.0,False
2022-03-14 10:00:00,0.0,False
2022-03-14 10:10:00,0.0,False
2022-03-14 10:20:00,,False
2022-03-14 10:30:00,0.0,False
2022-03-14 10:40:00,0.0,False
2022-03-14 10:50:00,0.0,False
2022-03-14 11:00:00,0.0,False
2022-03-14 11:10:00,0.0,False
2022-03-14 11:20:00,0.0,False
2022-03-14 11:30:00,0.0,False
2022-03-14 11:40:00,0.0,False
2022-03-14 11:50:00,0.0,False
2022-03-14 12:00:00,0.0,False
2022-03-14 12:10:00,0.0,False
2022-03-14 12:20:00,,False
2022-03-14 12:30:00,0.0,False
2022-03-14 12:40:00,0.0,False
2022-03-14 12:50:00,0.0,False
2022-03-14 13:00:00,0.0,False
2022-03-14 13:10:00,0.0,False
2022-03-14 13:20:00,0.0,False
2022-03-14 13:30:00,,False
2022-03-14 13:40:00,0.0,False
2022-03-14 13:50:00,0.0,False
2022-03-14 14:00:00,0.0,False
2022-03-14 14:10:00,0.0,False
2022-03-14 14:20:00,0.0,False
2022-03-14 14:30:00,0.0,False
2022-03-14 14:40:00,0.0,False
2022-03-14 14:50:00,0.0,False
2022-03-14 15:00:00,0.0,False
2022-03-14 15:10:00,0.0,False
2022-03-14 15:20:00,0.0,False
2022-03-14 15:30:00,0.0,False
2022-03-14 15:40:00,0.0,False
2022-03-14 15:50:00,0.0,False
2022-03-14 16:00:00,0.0,False
2022-03-14 16:10:00,0.0,False
2022-03-14 16:20:00,0.0,False
2022-03-14 16:30:00,0.0,False
2022-03-14 16:40:00,0.0,False
2022-03-14 16:50:00,0.0,False
2022-03-14 17:00:00,0.0,False
2022-03-14 17:10:00,0.0,False
2022-03-14 17:20:00,0.0,False
2022-03-14 17:30:00,0.0,False
2022-03-14 17:40:00,0.0,False
2022-03-14 17:50:00,0.0,False
2022-03-14 18:00:00,0.0,False
2022-03-14 18:10:00,0.0,False
2022-03-14 18:20:00,0.0,False
2022-03-14 18:30:00,0.0,False
2022-03-14 18:40:00,0.0,False
2022-03-14 18:50:00,0.0,False
2022-03-14 19:00:00,0.0,False
2022-03-14 19:10:00,0.0,False
2022-03-14 19:20:00,0.0,False
2022-03-14 19:30:00,0.0,False
2022-03-14 19:40:00,0.0,False
2022-03-14 19:50:00,,False
2022-03-14 20:00:00,0.0,False
2022-03-14 20:10:00,0.0,False
2022-03-14 20:20:00,0.0,False
2022-03-14 20:30:00,0.0,False
2022-03-14 20:40:00,0.0,False
2022-03-14 20:50:00,0.0,False
2022-03-14 21:00:00,0.0,False
2022-03-14 21:10:00,0.0,False
2022-03-14 21:20:00,0.0,False
2022-03-14 21:30:00,0.0,False
2022-03-14 21:40:00,0.0,False
2022-03-14 21:50:00,,False
2022-03-14 22:00:00,0.0,False
2022-03-14 22:10:00,0.0,False
2022-03-14 22:20:00,0.0,False
2022-03-14 22:30:00,0.0,False
2022-03-14 22:40:00,,False
2022-03-14 22:50:00,0.0,False
2022-03-14 23:00:00,0.0,False
2022-03-14 23:10:00,0.0,False
2022-03-14 23:20:00,0.0,False
2022-03-14 23:30:00,0.0,False
2022-03-14 23:40:00,0.0,False
2022-03-14 23:50:00,0.0,False
2022-03-15 00:00:00,0.0,False
2022-03-15 00:10:00,0.0,False
2022-03-15 00:20:00,0.0,False
2022-03-15 00:30:00,0.0,False
2022-03-15 00:40:00,0.0,False
2022-03-15 00:50:00,0.0,False
2022-03-15 01:00:00,0.0,False
2022-03-15 01:10:00,0.0,False
2022-03-15 01:20:00,0.0,False
2022-03-15 01:30:00,0.0,False
2022-03-15 01:40:00,0.0,False
2022-03-15 01:50:00,0.0,False
2022-03-15 02:00:00,,False
2022-03-15 02:10:00,,False
2022-03-15 02:20:00,0.0,False
2022-03-15 02:30:00,0.0,False
2022-03-15 02:40:00,0.0,False
2022-03-15 02:50:00,0.0,False
2022-03-15 03:00:00,0.0,False
2022-03-15 03:10:00,0.0,False
2022-03-15 03:20:00,0.0,False
2022-03-15 03:30:00,,False
2022-03-15 03:40:00,0.0,False
2022-03-15 03:50:00,0.0,False
2022-03-15 04:00:00,0.0,False
2022-03-15 04:10:00,0.0,False
2022-03-15 04:20:00,0.0,False
2022-03-15 04:30:00,0.0,False
2022-03-15 04:40:00,0.0,False
2022-03-15 04:50:00,0.0,False
2022-03-15 05:00:00,0.0,False
2022-03-15 05:10:00,0.0,False
2022-03-15 05:20:00,0.0,False
2022-03-15 05:30:00,0.0,False
2022-03-15 05:40:00,0.0,False
2022-03-15 05:50:00,0.0,False
2022-03-15 06:00:00,0.0,False
2022-03-15 06:10:00,0.0,False
2022-03-15 06:20:00,0.0,False
2022-03-15 06:30:00,0.0,False
2022-03-15 06:40:00,0.0,False
2022-03-15 06:50:00,0.0,False
2022-03-15 07:00:00,0.0,False
2022-03-15 07:10:00,0.0,False
2022-03-15 07:20:00,0.0,False
2022-03-15 07:30:00,0.0,False
2022-03-15 07:40:00,0.0,False
2022-03-15 07:50:00,0.0,False
2022-03-15 08:00:00,0.0,False
2022-03-15 08:10:00,0.0,False
2022-03-15 08:20:00,0.0,False
2022-03-15 08:30:00,0.0,False
2022-03-15 08:40:00,0.0,False
2022-03-15 08:50:00,0.0,False
2022-03-15 09:00:00,,False
2022-03-15 09:10:00,0.0,False
2022-03-15 09:20:00,0.0,False
2022-03-15 09:30:00,0.0,False
2022-03-15 09:40:00,0.0,False
2022-03-15 09:50:00,0.0,False
2022-03-15 10:00:00,0.0,False
2022-03-15 10:10:00,0.0,False
2022-03-15 10:20:00,0.0,False
2022-03-15 10:30:00,0.0,False
2022-03-15 10:40:00,0.0,False
2022-03-15 10:50:00,,False
2022-03-15 11:00:00,0.0,False
2022-03-15 11:10:00,0.0,False
2022-03-15 11:20:00,0.0,False
2022-03-15 11:30:00,0.0,False
2022-03-15 11:40:00,0.0,False
2022-03-15 11:50:00,,False
2022-03-15 12:00:00,0.0,False
2022-03-15 12:10:00,0.0,False
2022-03-15 12:20:00,0.0,False
2022-03-15 12:30:00,0.0,False
2022-03-15 12:40:00,0.0,False
2022-03-15 12:50:00,0.0,False
2022-03-15 13:00:00,0.0,False
2022-03-15 13:10:00,0.0,False
2022-03-15 13:20:00,0.0,False
2022-03-15 13:30:00,0.0,False
2022-03-15 13:40:00,0.0,False
2022-03-15 13:50:00,0.0,False
2022-03-15 14:00:00,0.0,False
2022-03-15 14:10:00,0.0,False
2022-03-15 14:20:00,0.0,False
2022-03-15 14:30:00,0.0,False
2022-03-15 14:40:00,,False
2022-03-15 14:50:00,0.0,False
2022-03-15 15:00:00,0.0,False
2022-03-15 15:10:00,0.0,False
2022-03-15 15:20:00,0.0,False
2022-03-15 15:30:00,0.0,False
2022-03-15 15:40:00,0.0,False
2022-03-15 15:50:00,0.0,False
2022-03-15 16:00:00,0.0,False
2022-03-15 16:10:00,0.0,False
2022-03-15 16:20:00,0.0,False
2022-03-15 16:30:00,0.0,False
2022-03-15 16:40:00,0.0,False
2022-03-15 16:50:00,0.0,False
2022-03-15 17:00:00,0.0,False
2022-03-15 17:10:00,0.0,False
2022-03-15 17:20:00,0.0,False
2022-03-15 17:30:00,0.0,False
2022-03-15 17:40:00,0.0,False
2022-03-15 17:50:00,0.0,False
2022-03-15 18:00:00,0.0,False
2022-03-15 18:10:00,0.0,False
2022-03-15 18:20:00,0.0,False
2022-03-15 18:30:00,0.0,False
2022-03-15 18:40:00,,False
2022-03-15 18:50:00,0.0,False
2022-03-15 19:00:00,0.0,False
2022-03-15 19:10:00,0.0,False
2022-03-15 19:20:00,0.0,False
2022-03-15 19:30:00,0.0,False
2022-03-15 19:40:00,0.0,False
2022-03-15 19:50:00,0.0,False
2022-03-15 20:00:00,,False
2022-03-15 20:10:00,0.0,False
2022-03-15 20:20:00,0.0,False
2022-03-15 20:30:00,0.0,False
2022-03-15 20:40:00,0.0,False
2022-03-15 20:50:00,0.0,False
2022-03-15 21:00:00,0.0,False
2022-03-15 21:10:00,0.0,False
2022-03-15 21:20:00,0.0,False
2022-03-15 21:30:00,,False
2022-03-15 21:40:00,0.0,False
2022-03-15 21:50:00,0.0,False
2022-03-15 22:00:00,0.0,False
2022-03-15 22:10:00,0.0,False
2022-03-15 22:20:00,0.0,False
2022-03-15 22:30:00,0.0,False
2022-03-15 22:40:00,0.0,False
2022-03-15 22:50:00,0.0,False
2022-03-15 23:00:00,0.0,False
2022-03-15 23:10:00,,False
2022-03-15 23:20:00,0.0,False
2022-03-15 23:30:00,0.0,False
2022-03-15 23:40:00,0.0,False
2022-03-15 23:50:00,0.0,False
2022-03-16 00:00:00,,False
2022-03-16 00:10:00,0.0,False
2022-03-16 00:20:00,0.0,False
2022-03-16 00:30:00,0.0,False
2022-03-16 00:40:00,0.0,False
2022-03-16 00:50:00,0.0,False
2022-03-16 01:00:00,0.0,False
2022-03-16 01:10:00,0.0,False
2022-03-16 01:20:00,0.0,False
2022-03-16 01:30:00,0.0,False
2022-03-16 01:40:00,0.0,False
2022-03-16 01:50:00,0.0,False
2022-03-16 02:00:00,0.0,False
2022-03-16 02:10:00,0.0,False
2022-03-16 02:20:00,0.0,False
2022-03-16 02:30:00,0.0,False
2022-03-16 02:40:00,0.0,False
2022-03-16 02:50:00,0.0,False
2022-03-16 03:00:00,0.0,False
2022-03-16 03:10:00,0.0,False
2022-03-16 03:20:00,0.0,False
2022-03-16 03:30:00,0.0,False
2022-03-16 03:40:00,0.0,False
2022-03-16 03:50:00,0.0,False
2022-03-16 04:00:00,0.0,False
2022-03-16 04:10:00,0.0,False
2022-03-16 04:20:00,0.0,False
2022-03-16 04:30:00,0.0,False
2022-03-16 04:40:00,0.0,False
2022-03-16 04:50:00,0.0,False
2022-03-16 05:00:00,0.0,False
2022-03-16 05:10:00,0.0,False
2022-03-16 05:20:00,0.0,False
2022-03-16 05:30:00,0.0,False
2022-03-16 05:40:00,0.0,False
2022-03-16 05:50:00,0.0,False
2022-03-16 06:00:00,0.0,False
2022-03-16 06:10:00,0.0,False
2022-03-16 06:20:00,0.0,False
2022-03-16 06:30:00,0.0,False
2022-03-16 06:40:00,0.0,False
2022-03-16 06:50:00,0.0,False
2022-03-16 07:00:00,0.0,False
2022-03-16 07:10:00,0.0,False
2022-03-16 07:20:00,0.0,False
2022-03-16 07:30:00,0.0,False
2022-03-16 07:40:00,0.0,False
2022-03-16 07:50:00,0.0,False
2022-03-16 08:00:00,0.0,False
2022-03-16 08:10:00,0.0,False
2022-03-16 08:20:00,0.0,False
2022-03-16 08:30:00,,False
2022-03-16 08:40:00,0.0,False
2022-03-16 08:50:00,,False
2022-03-16 09:00:00,0.0,False
2022-03-16 09:10:00,0.0,False
2022-03-16 09:20:00,0.0,False
2022-03-16 09:30:00,0.0,False
2022-03-16 09:40:00,0.0,False
2022-03-16 09:50:00,0.0,False
2022-03-16 10:00:00,0.0,False
2022-03-16 10:10:00,0.0,False
2022-03-16 10:20:00,0.0,False
2022-03-16 10:30:00,0.0,False
2022-03-16 10:40:00,0.0,False
2022-03-16 10:50:00,0.0,False
2022-03-16 11:00:00,0.0,False
2022-03-16 11:10:00,0.0,False
2022-03-16 11:20:00,,False
2022-03-16 11:30:00,0.0,False
2022-03-16 11:40:00,,False
2022-03-16 11:50:00,0.0,False
2022-03-16 12:00:00,0.0,False
2022-03-16 12:10:00,0.0,False
2022-03-16 12:20:00,0.0,False
2022-03-16 12:30:00,0.0,False
2022-03-16 12:40:00,0.0,False
2022-03-16 12:50:00,0.0,False
2022-03-16 13:00:00,0.0,False
2022-03-16 13:10:00,0.0,False
2022-03-16 13:20:00,0.0,False
2022-03-16 13:30:00,0.0,False
2022-03-16 13:40:00,0.0,False
2022-03-16 13:50:00,0.0,False
2022-03-16 14:00:00,0.0,False
2022-03-16 14:10:00,0.0,False
2022-03-16 14:20:00,0.0,False
2022-03-16 14:30:00,0.0,False
2022-03-16 14:40:00,0.0,False
2022-03-16 14:50:00,0.0,False
2022-03-16 15:00:00,0.0,False
2022-03-16 15:10:00,0.0,False
2022-03-16 15:20:00,0.0,False
2022-03-16 15:30:00,0.0,False
2022-03-16 15:40:00,0.0,False
2022-03-16 15:50:00,0.0,False
2022-03-16 16:00:00,0.0,False
2022-03-16 16:10:00,0.0,False
2022-03-16 16:20:00,0.0,False
2022-03-16 16:30:00,0.0,False
2022-03-16 16:40:00,0.0,False
2022-03-16 16:50:00,0.0,False
2022-03-16 17:00:00,0.0,False
2022-03-16 17:10:00,0.0,False
2022-03-16 17:20:00,0.0,False
2022-03-16 17:30:00,0.0,False
2022-03-16 17:40:00,0.0,False
2022-03-16 17:50:00,0.0,False
2022-03-16 18:00:00,0.0,False
2022-03-16 18:10:00,0.0,False
2022-03-16 18:20:00,0.0,False
2022-03-16 18:30:00,0.0,False
2022-03-16 18:40:00,0.0,False
2022-03-16 18:50:00,0.0,False
2022-03-16 19:00:00,0.0,False
2022-03-16 19:10:00,0.0,False
2022-03-16 19:20:00,0.0,False
2022-03-16 19:30:00,0.0,False
2022-03-16 19:40:00,0.0,False
2022-03-16 19:50:00,0.0,False
2022-03-16 20:00:00,0.0,False
2022-03-16 20:10:00,0.0,False
2022-03-16 20:20:00,0.0,False
2022-03-16 20:30:00,0.0,False
2022-03-16 20:40:00,0.0,False
2022-03-16 20:50:00,0.0,False
2022-03-16 21:00:00,0.0,False
2022-03-16 21:10:00,0.0,False
2022-03-16 21:20:00,0.0,False
2022-03-16 21:30:00,0.0,False
2022-03-16 21:40:00,0.0,False
2022-03-16 21:50:00,0.0,False
2022-03-16 22:00:00,0.0,False
2022-03-16 22:10:00,0.0,False
2022-03-16 22:20:00,0.0,False
2022-03-16 22:30:00,0.0,False
2022-03-16 22:40:00,0.0,False
2022-03-16 22:50:00,0.0,False
2022-03-16 23:00:00,0.0,False
2022-03-16 23:10:00,0.0,False
2022-03-16 23:20:00,,False
2022-03-16 23:30:00,0.0,False
2022-03-16 23:40:00,0.0,False
2022-03-16 23:50:00,0.0,False
2022-03-17 00:00:00,0.0,False
2022-03-17 00:10:00,0.0,False
2022-03-17 00:20:00,0.0,False
2022-03-17 00:30:00,0.0,False
2022-03-17 00:40:00,0.0,False
2022-03-17 00:50:00,0.0,False
2022-03-17 01:00:00,0.0,False
2022-03-17 01:10:00,0.0,False
2022-03-17 01:20:00,0.0,False
2022-03-17 01:30:00,0.0,False
2022-03-17 01:40:00,0.0,False
2022-03-17 01:50:00,,False
2022-03-17 02:00:00,0.0,False
2022-03-17 02:10:00,0.0,False
2022-03-17 02:20:00,,False
2022-03-17 02:30:00,0.0,False
2022-03-17 02:40:00,0.0,False
2022-03-17 02:50:00,0.0,False
2022-03-17 03:00:00,0.0,False
2022-03-17 03:10:00,0.0,False
2022-03-17 03:20:00,0.0,False
2022-03-17 03:30:00,0.0,False
2022-03-17 03:40:00,0.0,False
2022-03-17 03:50:00,0.0,False
2022-03-17 04:00:00,0.0,False
2022-03-17 04:10:00,0.0,False
2022-03-17 04:20:00,0.0,False
2022-03-17 04:30:00,0.0,False
2022-03-17 04:40:00,0.0,False
2022-03-17 04:50:00,0.0,False
2022-03-17 05:00:00,0.0,False
2022-03-17 05:10:00,0.0,False
2022-03-17 05:20:00,0.0,False
2022-03-17 05:30:00,0.0,False
2022-03-17 05:40:00,0.0,False
2022-03-17 05:50:00,0.0,False
2022-03-17 06:00:00,0.0,False
2022-03-17 06:10:00,0.0,False
2022-03-17 06:20:00,0.0,False
2022-03-17 06:30:00,0.0,False
2022-03-17 06:40:00,0.0,False
2022-03-17 06:50:00,0.0,False
2022-03-17 07:00:00,,False
2022-03-17 07:10:00,0.0,False
2022-03-17 07:20:00,0.0,False
2022-03-17 07:30:00,0.0,False
2022-03-17 07:40:00,0.0,False
2022-03-17 07:50:00,0.0,False
2022-03-17 08:00:00,0.0,False
2022-03-17 08:10:00,0.0,False
2022-03-17 08:20:00,0.0,False
2022-03-17 08:30:00,0.0,False
2022-03-17 08:40:00,0.0,False
2022-03-17 08:50:00,0.0,False
2022-03-17 09:00:00,,False
2022-03-17 09:10:00,0.0,False
2022-03-17 09:20:00,0.0,False
2022-03-17 09:30:00,0.0,False
2022-03-17 09:40:00,0.0,False
2022-03-17 09:50:00,0.0,False
2022-03-17 10:00:00,0.0,False
2022-03-17 10:10:00,0.0,False
2022-03-17 10:20:00,0.0,False
2022-03-17 10:30:00,0.0,False
2022-03-17 10:40:00,0.0,False
2022-03-17 10:50:00,0.0,False
2022-03-17 11:00:00,0.0,False
2022-03-17 11:10:00,0.0,False
2022-03-17 11:20:00,0.0,False
2022-03-17 11:30:00,,False
2022-03-17 11:40:00,0.0,False
2022-03-17 11:50:00,0.0,False
2022-03-17 12:00:00,0.0,False
2022-03-17 12:10:00,0.0,False
2022-03-17 12:20:00,0.0,False
2022-03-17 12:30:00,0.0,False
2022-03-17 12:40:00,,False
2022-03-17 12:50:00,0.0,False
2022-03-17 13:00:00,0.0,False
2022-03-17 13:10:00,0.0,False
2022-03-17 13:20:00,0.0,False
2022-03-17 13:30:00,0.0,False
2022-03-17 13:40:00,0.0,False
2022-03-17 13:50:00,0.0,False
2022-03-17 14:00:00,0.0,False
2022-03-17 14:10:00,0.0,False
2022-03-17 14:20:00,0.0,False
2022-03-17 14:30:00,0.0,False
2022-03-17 14:40:00,0.0,False
2022-03-17 14:50:00,0.0,False
2022-03-17 15:00:00,0.0,False
2022-03-17 15:10:00,0.0,False
2022-03-17 15:20:00,0.0,False
2022-03-17 15:30:00,0.0,False
2022-03-17 15:40:00,0.0,False
2022-03-17 15:50:00,0.0,False
2022-03-17 16:00:00,0.0,False
2022-03-17 16:10:00,,False
2022-03-17 16:20:00,0.0,False
2022-03-17 16:30:00,0.0,False
2022-03-17 16:40:00,0.0,False
2022-03-17 16:50:00,0.0,False
2022-03-17 17:00:00,0.0,False
2022-03-17 17:10:00,0.0,False
2022-03-17 17:20:00,0.0,False
2022-03-17 17:30:00,0.0,False
2022-03-17 17:40:00,0.0,False
2022-03-17 17:50:00,0.0,False
2022-03-17 18:00:00,0.0,False
2022-03-17 18:10:00,0.0,False
2022-03-17 18:20:00,0.0,False
2022-03-17 18:30:00,0.0,False
2022-03-17 18:40:00,0.0,False
2022-03-17 18:50:00,0.0,False
2022-03-17 19:00:00,0.0,False
2022-03-17 19:10:00,0.0,False
2022-03-17 19:20:00,0.0,False
2022-03-17 19:30:00,0.0,False
2022-03-17 19:40:00,0.0,False
2022-03-17 19:50:00,0.0,False
2022-03-17 20:00:00,0.0,False
2022-03-17 20:10:00,0.0,False
2022-03-17 20:20:00,0.0,False
2022-03-17 20:30:00,0.0,False
2022-03-17 20:40:00,0.0,False
2022-03-17 20:50:00,0.0,False
2022-03-17 21:00:00,0.0,False
2022-03-17 21:10:00,0.0,False
2022-03-17 21:20:00,0.0,False
2022-03-17 21:30:00,0.0,False
2022-03-17 21:40:00,0.0,False
2022-03-17 21:50:00,0.0,False
2022-03-17 22:00:00,0.0,False
2022-03-17 22:10:00,0.0,False
2022-03-17 22:20:00,0.0,False
2022-03-17 22:30:00,0.0,False
2022-03-17 22:40:00,0.0,False
2022-03-17 22:50:00,0.0,False
2022-03-17 23:00:00,0.0,False
2022-03-17 23:10:00,0.0,False
2022-03-17 23:20:00,0.0,False
2022-03-17 23:30:00,0.0,False
2022-03-17 23:40:00,0.0,False
2022-03-17 23:50:00,0.0,False
2022-03-18 00:00:00,0.0,False
2022-03-18 00:10:00,0.0,False
2022-03-18 00:20:00,0.0,False
2022-03-18 00:30:00,0.0,False
2022-03-18 00:40:00,0.0,False
2022-03-18 00:50:00,0.0,False
2022-03-18 01:00:00,0.0,False
2022-03-18 01:10:00,0.0,False
2022-03-18 01:20:00,0.0,False
2022-03-18 01:30:00,0.0,False
2022-03-18 01:40:00,0.0,False
2022-03-18 01:50:00,0.0,False
2022-03-18 02:00:00,0.0,False
2022-03-18 02:10:00,0.0,False
2022-03-18 02:20:00,0.0,False
2022-03-18 02:30:00,0.0,False
2022-03-18 02:40:00,0.0,False
2022-03-18 02:50:00,,False
2022-03-18 03:00:00,0.0,False
2022-03-18 03:10:00,0.0,False
2022-03-18 03:20:00,0.0,False
2022-03-18 03:30:00,0.0,False
2022-03-18 03:40:00,0.0,False
2022-03-18 03:50:00,0.0,False
2022-03-18 04:00:00,0.0,False
2022-03-18 04:10:00,0.0,False
2022-03-18 04:20:00,0.0,False
2022-03-18 04:30:00,0.0,False
2022-03-18 04:40:00,0.0,False
2022-03-18 04:50:00,0.0,False
2022-03-18 05:00:00,0.0,False
2022-03-18 05:10:00,,False
2022-03-18 05:20:00,0.0,False
2022-03-18 05:30:00,0.0,False
2022-03-18 05:40:00,0.0,False
2022-03-18 05:50:00,0.0,False
2022-03-18 06:00:00,0.0,False
2022-03-18 06:10:00,0.0,False
2022-03-18 06:20:00,0.0,False
2022-03-18 06:30:00,0.0,False
2022-03-18 06:40:00,0.0,False
2022-03-18 06:50:00,0.0,False
2022-03-18 07:00:00,0.0,False
2022-03-18 07:10:00,0.0,False
2022-03-18 07:20:00,0.0,False
2022-03-18 07:30:00,0.0,False
2022-03-18 07:40:00,0.0,False
2022-03-18 07:50:00,0.0,False
2022-03-18 08:00:00,0.0,False
2022-03-18 08:10:00,0.0,False
2022-03-18 08:20:00,0.0,False
2022-03-18 08:30:00,0.0,False
2022-03-18 08:40:00,0.0,False
2022-03-18 08:50:00,0.0,False
2022-03-18 09:00:00,0.0,False
2022-03-18 09:10:00,0.0,False
2022-03-18 09:20:00,0.0,False
2022-03-18 09:30:00,0.0,False
2022-03-18 09:40:00,0.0,False
2022-03-18 09:50:00,0.0,False
2022-03-18 10:00:00,0.0,False
2022-03-18 10:10:00,0.0,False
2022-03-18 10:20:00,0.0,False
2022-03-18 10:30:00,0.0,False
2022-03-18 10:40:00,0.0,False
2022-03-18 10:50:00,0.0,False
2022-03-18 11:00:00,0.0,False
2022-03-18 11:10:00,0.0,False
2022-03-18 11:20:00,0.0,False
2022-03-18 11:30:00,0.0,False
2022-03-18 11:40:00,0.0,False
2022-03-18 11:50:00,0.0,False
2022-03-18 12:00:00,0.0,False
2022-03-18 12:10:00,0.0,False
2022-03-18 12:20:00,0.0,False
2022-03-18 12:30:00,0.0,False
2022-03-18 12:40:00,0.0,False
2022-03-18 12:50:00,0.0,False
2022-03-18 13:00:00,0.0,False
2022-03-18 13:10:00,0.0,False
2022-03-18 13:20:00,0.0,False
2022-03-18 13:30:00,0.0,False
2022-03-18 13:40:00,0.0,False
2022-03-18 13:50:00,0.0,False
2022-03-18 14:00:00,0.0,False
2022-03-18 14:10:00,0.0,False
2022-03-18 14:20:00,0.0,False
2022-03-18 14:30:00,0.0,False
2022-03-18 14:40:00,0.0,False
2022-03-18 14:50:00,0.0,False
2022-03-18 15:00:00,0.0,False
2022-03-18 15:10:00,0.0,False
2022-03-18 15:20:00,0.0,False
2022-03-18 15:30:00,0.0,False
2022-03-18 15:40:00,0.0,False
2022-03-18 15:50:00,0.0,False
2022-03-18 16:00:00,0.0,False
2022-03-18 16:10:00,0.0,False
2022-03-18 16:20:00,0.0,False
2022-03-18 16:30:00,0.0,False
2022-03-18 16:40:00,,False
2022-03-18 16:50:00,0.0,False
2022-03-18 17:00:00,0.0,False
2022-03-18 17:10:00,0.0,False
2022-03-18 17:20:00,0.0,False
2022-03-18 17:30:00,0.0,False
2022-03-18 17:40:00,0.0,False
2022-03-18 17:50:00,0.0,False
2022-03-18 18:00:00,0.0,False
2022-03-18 18:10:00,0.0,False
2022-03-18 18:20:00,0.0,False
2022-03-18 18:30:00,0.0,False
2022-03-18 18:40:00,0.0,False
2022-03-18 18:50:00,0.0,False
2022-03-18 19:00:00,0.0,False
2022-03-18 19:10:00,0.0,False
2022-03-18 19:20:00,0.0,False
2022-03-18 19:30:00,0.0,False
2022-03-18 19:40:00,0.0,False
2022-03-18 19:50:00,0.0,False
2022-03-18 20:00:00,0.0,False
2022-03-18 20:10:00,0.0,False
2022-03-18 20:20:00,0.0,False
2022-03-18 20:30:00,0.0,False
2022-03-18 20:40:00,0.0,False
2022-03-18 20:50:00,0.0,False
2022-03-18 21:00:00,0.0,False
2022-03-18 21:10:00,0.0,False
2022-03-18 21:20:00,0.0,False
2022-03-18 21:30:00,0.0,False
2022-03-18 21:40:00,,False
2022-03-18 21:50:00,0.0,False
2022-03-18 22:00:00,,False
2022-03-18 22:10:00,0.0,False
2022-03-18 22:20:00,0.0,False
2022-03-18 22:30:00,,False
2022-03-18 22:40:00,0.0,False
2022-03-18 22:50:00,0.0,False
2022-03-18 23:00:00,0.0,False
2022-03-18 23:10:00,0.0,False
2022-03-18 23:20:00,0.0,False
2022-03-18 23:30:00,0.0,False
2022-03-18 23:40:00,0.0,False
2022-03-18 23:50:00,0.0,False
2022-03-19 00:00:00,0.0,False
2022-03-19 00:10:00,,False
2022-03-19 00:20:00,0.0,False
2022-03-19 00:30:00,0.0,False
2022-03-19 00:40:00,0.0,False
2022-03-19 00:50:00,0.0,False
2022-03-19 01:00:00,0.0,False
2022-03-19 01:10:00,0.0,False
2022-03-19 01:20:00,0.0,False
2022-03-19 01:30:00,0.0,False
2022-03-19 01:40:00,0.0,False
2022-03-19 01:50:00,0.0,False
2022-03-19 02:00:00,0.0,False
2022-03-19 02:10:00,0.0,False
2022-03-19 02:20:00,0.0,False
2022-03-19 02:30:00,0.0,False
2022-03-19 02:40:00,0.0,False
2022-03-19 02:50:00,0.0,False
2022-03-19 03:00:00,0.0,False
2022-03-19 03:10:00,0.0,False
2022-03-19 03:20:00,0.0,False
2022-03-19 03:30:00,0.0,False
2022-03-19 03:40:00,0.0,False
2022-03-19 03:50:00,0.0,False
2022-03-19 04:00:00,0.0,False
2022-03-19 04:10:00,0.0,False
2022-03-19 04:20:00,0.0,False
2022-03-19 04:30:00,0.0,False
2022-03-19 04:40:00,0.0,False
2022-03-19 04:50:00,0.0,False
2022-03-19 05:00:00,0.0,False
2022-03-19 05:10:00,0.0,False
2022-03-19 05:20:00,0.0,False
2022-03-19 05:30:00,0.0,False
2022-03-19 05:40:00,0.0,False
2022-03-19 05:50:00,0.0,False
2022-03-19 06:00:00,0.0,False
2022-03-19 06:10:00,0.0,False
2022-03-19 06:20:00,0.0,False
2022-03-19 06:30:00,0.0,False
2022-03-19 06:40:00,0.0,False
2022-03-19 06:50:00,0.0,False
2022-03-19 07:00:00,0.0,False
2022-03-19 07:10:00,0.0,False
2022-03-19 07:20:00,0.0,False
2022-03-19 07:30:00,0.0,False
2022-03-19 07:40:00,0.0,False
2022-03-19 07:50:00,0.0,False
2022-03-19 08:00:00,0.0,False
2022-03-19 08:10:00,0.0,False
2022-03-19 08:20:00,0.0,False
2022-03-19 08:30:00,0.0,False
2022-03-19 08:40:00,0.0,False
2022-03-19 08:50:00,0.0,False
2022-03-19 09:00:00,0.0,False
2022-03-19 09:10:00,0.0,False
2022-03-19 09:20:00,0.0,False
2022-03-19 09:30:00,0.0,False
2022-03-19 09:40:00,0.0,False
2022-03-19 09:50:00,0.0,False
2022-03-19 10:00:00,0.0,False
2022-03-19 10:10:00,0.0,False
2022-03-19 10:20:00,0.0,False
2022-03-19 10:30:00,0.0,False
2022-03-19 10:40:00,0.0,False
2022-03-19 10:50:00,0.0,False
2022-03-19 11:00:00,0.0,False
2022-03-19 11:10:00,0.0,False
2022-03-19 11:20:00,0.0,False
2022-03-19 11:30:00,0.0,False
2022-03-19 11:40:00,0.0,False
2022-03-19 11:50:00,0.0,False
2022-03-19 12:00:00,0.0,False
2022-03-19 12:10:00,0.0,False
2022-03-19 12:20:00,0.0,False
2022-03-19 12:30:00,0.0,False
2022-03-19 12:40:00,0.0,False
2022-03-19 12:50:00,0.0,False
2022-03-19 13:00:00,0.0,False
2022-03-19 13:10:00,0.0,False
2022-03-19 13:20:00,0.0,False
2022-03-19 13:30:00,0.0,False
2022-03-19 13:40:00,0.0,False
2022-03-19 13:50:00,0.0,False
2022-03-19 14:00:00,0.0,False
2022-03-19 14:10:00,0.0,False
2022-03-19 14:20:00,0.0,False
2022-03-19 14:30:00,0.0,False
2022-03-19 14:40:00,0.0,False
2022-03-19 14:50:00,0.0,False
2022-03-19 15:00:00,0.0,False
2022-03-19 15:10:00,0.0,False
2022-03-19 15:20:00,0.0,False
2022-03-19 15:30:00,0.0,False
2022-03-19 15:40:00,0.0,False
2022-03-19 15:50:00,0.0,False
2022-03-19 16:00:00,0.0,False
2022-03-19 16:10:00,0.0,False
2022-03-19 16:20:00,0.0,False
2022-03-19 16:30:00,0.0,False
2022-03-19 16:40:00,0.0,False
2022-03-19 16:50:00,0.0,False
2022-03-19 17:00:00,0.0,False
2022-03-19 17:10:00,0.0,False
2022-03-19 17:20:00,0.0,False
2022-03-19 17:30:00,0.0,False
2022-03-19 17:40:00,0.0,False
2022-03-19 17:50:00,0.0,False
2022-03-19 18:00:00,0.0,False
2022-03-19 18:10:00,0.0,False
2022-03-19 18:20:00,0.0,False
2022-03-19 18:30:00,0.0,False
2022-03-19 18:40:00,,False
2022-03-19 18:50:00,0.0,False
2022-03-19 19:00:00,0.0,False
2022-03-19 19:10:00,0.0,False
2022-03-19 19:20:00,0.0,False
2022-03-19 19:30:00,0.0,False
2022-03-19 19:40:00,0.0,False
2022-03-19 19:50:00,,False
2022-03-19 20:00:00,,False
2022-03-19 20:10:00,0.0,False
2022-03-19 20:20:00,0.0,False
2022-03-19 20:30:00,0.0,False
2022-03-19 20:40:00,0.0,False
2022-03-19 20:50:00,0.0,False
2022-03-19 21:00:00,0.0,False
2022-03-19 21:10:00,0.0,False
2022-03-19 21:20:00,0.0,False
2022-03-19 21:30:00,0.0,False
2022-03-19 21:40:00,0.0,False
2022-03-19 21:50:00,0.0,False
2022-03-19 22:00:00,0.0,False
2022-03-19 22:10:00,0.0,False
2022-03-19 22:20:00,0.0,False
2022-03-19 22:30:00,0.0,False
2022-03-19 22:40:00,0.0,False
2022-03-19 22:50:00,0.0,False
2022-03-19 23:00:00,,False
2022-03-19 23:10:00,0.0,False
2022-03-19 23:20:00,0.0,False
2022-03-19 23:30:00,0.0,False
2022-03-19 23:40:00,0.0,False
2022-03-19 23:50:00,0.0,False
2022-03-20 00:00:00,0.0,False
2022-03-20 00:10:00,0.0,False
2022-03-20 00:20:00,0.0,False
2022-03-20 00:30:00,0.0,False
2022-03-20 00:40:00,0.0,False
2022-03-20 00:50:00,0.0,False
2022-03-20 01:00:00,0.0,False
2022-03-20 01:10:00,0.0,False
2022-03-20 01:20:00,0.0,False
2022-03-20 01:30:00,0.0,False
2022-03-20 01:40:00,0.0,False
2022-03-20 01:50:00,0.0,False
2022-03-20 02:00:00,0.0,False
2022-03-20 02:10:00,0.0,False
2022-03-20 02:20:00,0.0,False
2022-03-20 02:30:00,,False
2022-03-20 02:40:00,0.0,False
2022-03-20 02:50:00,0.0,False
2022-03-20 03:00:00,0.0,False
2022-03-20 03:10:00,0.0,False
2022-03-20 03:20:00,,False
2022-03-20 03:30:00,0.0,False
2022-03-20 03:40:00,0.0,False
2022-03-20 03:50:00,0.0,False
2022-03-20 04:00:00,0.0,False
2022-03-20 04:10:00,0.0,False
2022-03-20 04:20:00,0.0,False
2022-03-20 04:30:00,0.0,False
2022-03-20 04:40:00,,False
2022-03-20 04:50:00,0.0,False
2022-03-20 05:00:00,0.0,False
2022-03-20 05:10:00,0.0,False
2022-03-20 05:20:00,0.0,False
2022-03-20 05:30:00,0.0,False
2022-03-20 05:40:00,0.0,False
2022-03-20 05:50:00,,False
2022-03-20 06:00:00,0.0,False
2022-03-20 06:10:00,0.0,False
2022-03-20 06:20:00,0.0,False
2022-03-20 06:30:00,0.0,False
2022-03-20 06:40:00,0.0,False
2022-03-20 06:50:00,0.0,False
2022-03-20 07:00:00,0.0,False
2022-03-20 07:10:00,0.0,False
2022-03-20 07:20:00,0.0,False
2022-03-20 07:30:00,0.0,False
2022-03-20 07:40:00,0.0,False
2022-03-20 07:50:00,0.0,False
2022-03-20 08:00:00,0.0,False
2022-03-20 08:10:00,0.0,False
2022-03-20 08:20:00,0.0,False
2022-03-20 08:30:00,0.0,False
2022-03-20 08:40:00,0.0,False
2022-03-20 08:50:00,0.0,False
2022-03-20 09:00:00,0.0,False
2022-03-20 09:10:00,0.0,False
2022-03-20 09:20:00,0.0,False
2022-03-20 09:30:00,0.0,False
2022-03-20 09:40:00,0.0,False
2022-03-20 09:50:00,0.0,False
2022-03-20 10:00:00,0.0,False
2022-03-20 10:10:00,0.0,False
2022-03-20 10:20:00,0.0,False
2022-03-20 10:30:00,0.0,False
2022-03-20 10:40:00,0.0,False
2022-03-20 10:50:00,0.0,False
2022-03-20 11:00:00,,False
2022-03-20 11:10:00,0.0,False
2022-03-20 11:20:00,0.0,False
2022-03-20 11:30:00,0.0,False
2022-03-20 11:40:00,0.0,False
2022-03-20 11:50:00,0.0,False
2022-03-20 12:00:00,0.0,False
2022-03-20 12:10:00,0.0,False
2022-03-20 12:20:00,0.0,False
2022-03-20 12:30:00,0.0,False
2022-03-20 12:40:00,0.0,False
2022-03-20 12:50:00,0.0,False
2022-03-20 13:00:00,0.0,False
2022-03-20 13:10:00,0.0,False
2022-03-20 13:20:00,0.0,False
2022-03-20 13:30:00,0.0,False
2022-03-20 13:40:00,0.0,False
2022-03-20 13:50:00,0.0,False
2022-03-20 14:00:00,0.0,False
2022-03-20 14:10:00,0.0,False
2022-03-20 14:20:00,0.0,False
2022-03-20 14:30:00,0.0,False
2022-03-20 14:40:00,0.0,False
2022-03-20 14:50:00,0.0,False
2022-03-20 15:00:00,0.0,False
2022-03-20 15:10:00,0.0,False
2022-03-20 15:20:00,0.0,False
2022-03-20 15:30:00,0.0,False
2022-03-20 15:40:00,0.0,False
2022-03-20 15:50:00,0.0,False
2022-03-20 16:00:00,0.0,False
2022-03-20 16:10:00,0.0,False
2022-03-20 16:20:00,0.0,False
2022-03-20 16:30:00,0.0,False
2022-03-20 16:40:00,0.0,False
2022-03-20 16:50:00,0.0,False
2022-03-20 17:00:00,0.0,False
2022-03-20 17:10:00,0.0,False
2022-03-20 17:20:00,0.0,False
2022-03-20 17:30:00,0.0,False
2022-03-20 17:40:00,0.0,False
2022-03-20 17:50:00,0.0,False
2022-03-20 18:00:00,0.0,False
2022-03-20 18:10:00,0.0,False
2022-03-20 18:20:00,0.0,False
2022-03-20 18:30:00,0.0,False
2022-03-20 18:40:00,0.0,False
2022-03-20 18:50:00,0.0,False
2022-03-20 19:00:00,0.0,False
2022-03-20 19:10:00,0.0,False
2022-03-20 19:20:00,0.0,False
2022-03-20 19:30:00,0.0,False
2022-03-20 19:40:00,0.0,False
2022-03-20 19:50:00,0.0,False
2022-03-20 20:00:00,0.0,False
2022-03-20 20:10:00,0.0,False
2022-03-20 20:20:00,0.0,False
2022-03-20 20:30:00,0.0,False
2022-03-20 20:40:00,0.0,False
2022-03-20 20:50:00,0.0,False
2022-03-20 21:00:00,0.0,False
2022-03-20 21:10:00,0.0,False
2022-03-20 21:20:00,0.0,False
2022-03-20 21:30:00,0.0,False
2022-03-20 21:40:00,0.0,False
2022-03-20 21:50:00,0.0,False
2022-03-20 22:00:00,0.0,False
2022-03-20 22:10:00,0.0,False
2022-03-20 22:20:00,0.0,False
2022-03-20 22:30:00,0.0,False
2022-03-20 22:40:00,0.0,False
2022-03-20 22:50:00,0.0,False
2022-03-20 23:00:00,0.0,False
2022-03-20 23:10:00,0.0,False
2022-03-20 23:20:00,0.0,False
2022-03-20 23:30:00,0.0,False
2022-03-20 23:40:00,0.0,False
2022-03-20 23:50:00,0.0,False
2022-03-21 00:00:00,,False
2022-03-21 00:10:00,0.0,False
2022-03-21 00:20:00,0.0,False
2022-03-21 00:30:00,0.0,False
2022-03-21 00:40:00,0.0,False
2022-03-21 00:50:00,0.0,False
2022-03-21 01:00:00,0.0,False
2022-03-21 01:10:00,0.0,False
2022-03-21 01:20:00,,False
2022-03-21 01:30:00,0.0,False
2022-03-21 01:40:00,0.0,False
2022-03-21 01:50:00,0.0,False
2022-03-21 02:00:00,0.0,False
2022-03-21 02:10:00,,False
2022-03-21 02:20:00,0.0,False
2022-03-21 02:30:00,0.0,False
2022-03-21 02:40:00,0.0,False
2022-03-21 02:50:00,0.0,False
2022-03-21 03:00:00,0.0,False
2022-03-21 03:10:00,0.0,False
2022-03-21 03:20:00,0.0,False
2022-03-21 03:30:00,0.0,False
2022-03-21 03:40:00,0.0,False
2022-03-21 03:50:00,0.0,False
2022-03-21 04:00:00,0.0,False
2022-03-21 04:10:00,0.0,False
2022-03-21 04:20:00,0.0,False
2022-03-21 04:30:00,0.0,False
2022-03-21 04:40:00,0.0,False
2022-03-21 04:50:00,0.0,False
2022-03-21 05:00:00,0.0,False
2022-03-21 05:10:00,0.0,False
2022-03-21 05:20:00,0.0,False
2022-03-21 05:30:00,0.0,False
2022-03-21 05:40:00,0.0,False
2022-03-21 05:50:00,0.0,False
2022-03-21 06:00:00,0.0,False
2022-03-21 06:10:00,0.0,False
2022-03-21 06:20:00,0.0,False
2022-03-21 06:30:00,0.0,False
2022-03-21 06:40:00,0.0,False
2022-03-21 06:50:00,0.0,False
2022-03-21 07:00:00,0.0,False
2022-03-21 07:10:00,0.0,False
2022-03-21 07:20:00,0.0,False
2022-03-21 07:30:00,0.0,False
2022-03-21 07:40:00,,False
2022-03-21 07:50:00,0.0,False
2022-03-21 08:00:00,0.0,False
2022-03-21 08:10:00,0.0,False
2022-03-21 08:20:00,0.0,False
2022-03-21 08:30:00,0.0,False
2022-03-21 08:40:00,0.0,False
2022-03-21 08:50:00,0.0,False
2022-03-21 09:00:00,0.0,False
2022-03-21 09:10:00,0.0,False
2022-03-21 09:20:00,0.0,False
2022-03-21 09:30:00,0.0,False
2022-03-21 09:40:00,0.0,False
2022-03-21 09:50:00,0.0,False
2022-03-21 10:00:00,0.0,False
2022-03-21 10:10:00,0.0,False
2022-03-21 10:20:00,0.0,False
2022-03-21 10:30:00,0.0,False
2022-03-21 10:40:00,0.0,False
2022-03-21 10:50:00,0.0,False
2022-03-21 11:00:00,0.0,False
2022-03-21 11:10:00,0.0,False
2022-03-21 11:20:00,0.0,False
2022-03-21 11:30:00,0.0,False
2022-03-21 11:40:00,0.0,False
2022-03-21 11:50:00,0.0,False
2022-03-21 12:00:00,0.0,False
2022-03-21 12:10:00,0.0,False
2022-03-21 12:20:00,0.0,False
2022-03-21 12:30:00,0.0,False
2022-03-21 12:40:00,0.0,False
2022-03-21 12:50:00,0.0,False
2022-03-21 13:00:00,0.0,False
2022-03-21 13:10:00,0.0,False
2022-03-21 13:20:00,0.0,False
2022-03-21 13:30:00,0.0,False
2022-03-21 13:40:00,0.0,False
2022-03-21 13:50:00,0.0,False
2022-03-21 14:00:00,0.0,False
2022-03-21 14:10:00,0.0,False
2022-03-21 14:20:00,0.0,False
2022-03-21 14:30:00,0.0,False
2022-03-21 14:40:00,0.0,False
2022-03-21 14:50:00,0.0,False
2022-03-21 15:00:00,0.0,False
2022-03-21 15:10:00,,False
2022-03-21 15:20:00,0.0,False
2022-03-21 15:30:00,0.0,False
2022-03-21 15:40:00,0.0,False
2022-03-21 15:50:00,0.0,False
2022-03-21 16:00:00,0.0,False
2022-03-21 16:10:00,0.0,False
2022-03-21 16:20:00,0.0,False
2022-03-21 16:30:00,0.0,False
2022-03-21 16:40:00,0.0,False
2022-03-21 16:50:00,0.0,False
2022-03-21 17:00:00,0.0,False
2022-03-21 17:10:00,0.0,False
2022-03-21 17:20:00,0.0,False
2022-03-21 17:30:00,0.0,False
2022-03-21 17:40:00,0.0,False
2022-03-21 17:50:00,0.0,False
2022-03-21 18:00:00,0.0,False
2022-03-21 18:10:00,0.0,False
2022-03-21 18:20:00,0.0,False
2022-03-21 18:30:00,0.0,False
2022-03-21 18:40:00,0.0,False
2022-03-21 18:50:00,0.0,False
2022-03-21 19:00:00,0.0,False
2022-03-21 19:10:00,0.0,False
2022-03-21 19:20:00,0.0,False
2022-03-21 19:30:00,0.0,False
2022-03-21 19:40:00,0.0,False
2022-03-21 19:50:00,0.0,False
2022-03-21 20:00:00,,False
2022-03-21 20:10:00,0.0,False
2022-03-21 20:20:00,0.0,False
2022-03-21 20:30:00,0.0,False
2022-03-21 20:40:00,0.0,False
2022-03-21 20:50:00,0.0,False
2022-03-21 21:00:00,0.0,False
2022-03-21 21:10:00,0.0,False
2022-03-21 21:20:00,0.0,False
2022-03-21 21:30:00,0.0,False
2022-03-21 21:40:00,0.0,False
2022-03-21 21:50:00,0.0,False
2022-03-21 22:00:00,0.0,False
2022-03-21 22:10:00,0.0,False
2022-03-21 22:20:00,0.0,False
2022-03-21 22:30:00,0.0,False
2022-03-21 22:40:00,0.0,False
2022-03-21 22:50:00,0.0,False
2022-03-21 23:00:00,0.0,False
2022-03-21 23:10:00,0.0,False
2022-03-21 23:20:00,0.0,False
2022-03-21 23:30:00,0.0,False
2022-03-21 23:40:00,0.0,False
2022-03-21 23:50:00,0.0,False
2022-03-22 00:00:00,0.0,False
2022-03-22 00:10:00,,False
2022-03-22 00:20:00,,False
2022-03-22 00:30:00,0.0,False
2022-03-22 00:40:00,0.0,False
2022-03-22 00:50:00,0.0,False
2022-03-22 01:00:00,0.0,False
2022-03-22 01:10:00,0.0,False
2022-03-22 01:20:00,0.0,False
2022-03-22 01:30:00,0.0,False
2022-03-22 01:40:00,0.0,False
2022-03-22 01:50:00,0.0,False
2022-03-22 02:00:00,0.0,False
2022-03-22 02:10:00,,False
2022-03-22 02:20:00,0.0,False
2022-03-22 02:30:00,0.0,False
2022-03-22 02:40:00,0.0,False
2022-03-22 02:50:00,0.0,False
2022-03-22 03:00:00,0.0,False
2022-03-22 03:10:00,0.0,False
2022-03-22 03:20:00,0.0,False
2022-03-22 03:30:00,0.0,False
2022-03-22 03:40:00,0.0,False
2022-03-22 03:50:00,0.0,False
2022-03-22 04:00:00,0.0,False
2022-03-22 04:10:00,0.0,False
2022-03-22 04:20:00,0.0,False
2022-03-22 04:30:00,0.0,False
2022-03-22 04:40:00,0.0,False
2022-03-22 04:50:00,0.0,False
2022-03-22 05:00:00,0.0,False
2022-03-22 05:10:00,,False
2022-03-22 05:20:00,0.0,False
2022-03-22 05:30:00,0.0,False
2022-03-22 05:40:00,0.0,False
2022-03-22 05:50:00,0.0,False
2022-03-22 06:00:00,0.0,False
2022-03-22 06:10:00,0.0,False
2022-03-22 06:20:00,0.0,False
2022-03-22 06:30:00,0.0,False
2022-03-22 06:40:00,0.0,False
2022-03-22 06:50:00,0.0,False
2022-03-22 07:00:00,0.0,False
2022-03-22 07:10:00,0.0,False
2022-03-22 07:20:00,0.0,False
2022-03-22 07:30:00,0.0,False
2022-03-22 07:40:00,0.0,False
2022-03-22 07:50:00,0.0,False
2022-03-22 08:00:00,0.0,False
2022-03-22 08:10:00,0.0,False
2022-03-22 08:20:00,0.0,False
2022-03-22 08:30:00,0.0,False
2022-03-22 08:40:00,0.0,False
2022-03-22 08:50:00,0.0,False
2022-03-22 09:00:00,0.0,False
2022-03-22 09:10:00,0.0,False
2022-03-22 09:20:00,0.0,False
2022-03-22 09:30:00,0.0,False
2022-03-22 09:40:00,0.0,False
2022-03-22 09:50:00,0.0,False
2022-03-22 10:00:00,0.0,False
2022-03-22 10:10:00,0.0,False
2022-03-22 10:20:00,0.0,False
2022-03-22 10:30:00,0.0,False
2022-03-22 10:40:00,0.0,False
2022-03-22 10:50:00,0.0,False
2022-03-22 11:00:00,0.0,False
2022-03-22 11:10:00,0.0,False
2022-03-22 11:20:00,0.0,False
2022-03-22 11:30:00,0.0,False
2022-03-22 11:40:00,0.0,False
2022-03-22 11:50:00,0.0,False
2022-03-22 12:00:00,0.0,False
2022-03-22 12:10:00,0.0,False
2022-03-22 12:20:00,0.0,False
2022-03-22 12:30:00,0.0,False
2022-03-22 12:40:00,0.0,False
2022-03-22 12:50:00,0.0,False
2022-03-22 13:00:00,0.0,False
2022-03-22 13:10:00,,False
2022-03-22 13:20:00,0.0,False
2022-03-22 13:30:00,0.0,False
2022-03-22 13:40:00,0.0,False
2022-03-22 13:50:00,0.0,False
2022-03-22 14:00:00,0.0,False
2022-03-22 14:10:00,0.0,False
2022-03-22 14:20:00,0.0,False
2022-03-22 14:30:00,0.0,False
2022-03-22 14:40:00,0.0,False
2022-03-22 14:50:00,0.0,False
2022-03-22 15:00:00,0.0,False
2022-03-22 15:10:00,0.0,False
2022-03-22 15:20:00,0.0,False
2022-03-22 15:30:00,0.0,False
2022-03-22 15:40:00,0.0,False
2022-03-22 15:50:00,0.0,False
2022-03-22 16:00:00,0.0,False
2022-03-22 16:10:00,0.0,False
2022-03-22 16:20:00,0.0,False
2022-03-22 16:30:00,0.0,False
2022-03-22 16:40:00,0.0,False
2022-03-22 16:50:00,0.0,False
2022-03-22 17:00:00,0.0,False
2022-03-22 17:10:00,0.0,False
2022-03-22 17:20:00,0.0,False
2022-03-22 17:30:00,0.0,False
2022-03-22 17:40:00,0.0,False
2022-03-22 17:50:00,0.0,False
2022-03-22 18:00:00,0.0,False
2022-03-22 18:10:00,0.0,False
2022-03-22 18:20:00,0.0,False
2022-03-22 18:30:00,0.0,False
2022-03-22 18:40:00,0.0,False
2022-03-22 18:50:00,0.0,False
2022-03-22 19:00:00,0.0,False
2022-03-22 19:10:00,0.0,False
2022-03-22 19:20:00,0.0,False
2022-03-22 19:30:00,0.0,False
2022-03-22 19:40:00,0.0,False
2022-03-22 19:50:00,0.0,False
2022-03-22 20:00:00,0.0,False
2022-03-22 20:10:00,0.0,False
2022-03-22 20:20:00,0.0,False
2022-03-22 20:30:00,0.0,False
2022-03-22 20:40:00,0.0,False
2022-03-22 20:50:00,0.0,False
2022-03-22 21:00:00,0.0,False
2022-03-22 21:10:00,0.0,False
2022-03-22 21:20:00,0.0,False
2022-03-22 21:30:00,0.0,False
2022-03-22 21:40:00,0.0,False
2022-03-22 21:50:00,0.0,False
2022-03-22 22:00:00,0.0,False
2022-03-22 22:10:00,0.0,False
2022-03-22 22:20:00,0.0,False
2022-03-22 22:30:00,0.0,False
2022-03-22 22:40:00,0.0,False
2022-03-22 22:50:00,0.0,False
2022-03-22 23:00:00,0.0,False
2022-03-22 23:10:00,0.0,False
2022-03-22 23:20:00,0.0,False
2022-03-22 23:30:00,0.0,False
2022-03-22 23:40:00,0.0,False
2022-03-22 23:50:00,0.0,False
2022-03-23 00:00:00,0.0,False
2022-03-23 00:10:00,0.0,False
2022-03-23 00:20:00,0.0,False
2022-03-23 00:30:00,0.0,False
2022-03-23 00:40:00,0.0,False
2022-03-23 00:50:00,0.0,False
2022-03-23 01:00:00,0.0,False
2022-03-23 01:10:00,0.0,False
2022-03-23 01:20:00,0.0,False
2022-03-23 01:30:00,0.0,False
2022-03-23 01:40:00,0.0,False
2022-03-23 01:50:00,0.0,False
2022-03-23 02:00:00,0.0,False
2022-03-23 02:10:00,0.0,False
2022-03-23 02:20:00,0.0,False
2022-03-23 02:30:00,0.0,False
2022-03-23 02:40:00,0.0,False
2022-03-23 02:50:00,0.0,False
2022-03-23 03:00:00,0.0,False
2022-03-23 03:10:00,0.0,False
2022-03-23 03:20:00,0.0,False
2022-03-23 03:30:00,0.0,False
2022-03-23 03:40:00,0.0,False
2022-03-23 03:50:00,0.0,False
2022-03-23 04:00:00,0.0,False
2022-03-23 04:10:00,0.0,False
2022-03-23 04:20:00,0.0,False
2022-03-23 04:30:00,0.0,False
2022-03-23 04:40:00,0.0,False
2022-03-23 04:50:00,0.0,False
2022-03-23 05:00:00,0.0,False
2022-03-23 05:10:00,0.0,False
2022-03-23 05:20:00,0.0,False
2022-03-23 05:30:00,0.0,False
2022-03-23 05:40:00,0.0,False
2022-03-23 05:50:00,0.0,False
2022-03-23 06:00:00,0.0,False
2022-03-23 06:10:00,0.0,False
2022-03-23 06:20:00,0.0,False
2022-03-23 06:30:00,0.0,False
2022-03-23 06:40:00,,False
2022-03-23 06:50:00,0.0,False
2022-03-23 07:00:00,0.0,False
2022-03-23 07:10:00,0.0,False
2022-03-23 07:20:00,0.0,False
2022-03-23 07:30:00,0.0,False
2022-03-23 07:40:00,0.0,False
2022-03-23 07:50:00,0.0,False
2022-03-23 08:00:00,0.0,False
2022-03-23 08:10:00,0.0,False
2022-03-23 08:20:00,0.0,False
2022-03-23 08:30:00,0.0,False
2022-03-23 08:40:00,0.0,False
2022-03-23 08:50:00,0.0,False
2022-03-23 09:00:00,0.0,False
2022-03-23 09:10:00,0.0,False
2022-03-23 09:20:00,0.0,False
2022-03-23 09:30:00,0.0,False
2022-03-23 09:40:00,0.0,False
2022-03-23 09:50:00,0.0,False
2022-03-23 10:00:00,0.0,False
2022-03-23 10:10:00,0.0,False
2022-03-23 10:20:00,0.0,False
2022-03-23 10:30:00,0.0,False
2022-03-23 10:40:00,0.0,False
2022-03-23 10:50:00,0.0,False
2022-03-23 11:00:00,0.0,False
2022-03-23 11:10:00,0.0,False
2022-03-23 11:20:00,0.0,False
2022-03-23 11:30:00,0.0,False
2022-03-23 11:40:00,0.0,False
2022-03-23 11:50:00,0.0,False
2022-03-23 12:00:00,0.0,False
2022-03-23 12:10:00,0.0,False
2022-03-23 12:20:00,0.0,False
2022-03-23 12:30:00,,False
2022-03-23 12:40:00,0.0,False
2022-03-23 12:50:00,0.0,False
2022-03-23 13:00:00,0.0,False
2022-03-23 13:10:00,0.0,False
2022-03-23 13:20:00,0.0,False
2022-03-23 13:30:00,0.0,False
2022-03-23 13:40:00,0.0,False
2022-03-23 13:50:00,0.0,False
2022-03-23 14:00:00,0.0,False
2022-03-23 14:10:00,0.0,False
2022-03-23 14:20:00,0.0,False
2022-03-23 14:30:00,0.0,False
2022-03-23 14:40:00,0.0,False
2022-03-23 14:50:00,0.0,False
2022-03-23 15:00:00,0.0,False
2022-03-23 15:10:00,0.0,False
2022-03-23 15:20:00,0.0,False
2022-03-23 15:30:00,0.0,False
2022-03-23 15:40:00,0.0,False
2022-03-23 15:50:00,0.0,False
2022-03-23 16:00:00,0.0,False
2022-03-23 16:10:00,0.0,False
2022-03-23 16:20:00,0.0,False
2022-03-23 16:30:00,0.0,False
2022-03-23 16:40:00,0.0,False
2022-03-23 16:50:00,0.0,False
2022-03-23 17:00:00,0.0,False
2022-03-23 17:10:00,0.0,False
2022-03-23 17:20:00,0.0,False
2022-03-23 17:30:00,0.0,False
2022-03-23 17:40:00,0.0,False
2022-03-23 17:50:00,0.0,False
2022-03-23 18:00:00,0.0,False
2022-03-23 18:10:00,0.0,False
2022-03-23 18:20:00,,False
2022-03-23 18:30:00,0.0,False
2022-03-23 18:40:00,0.0,False
2022-03-23 18:50:00,0.0,False
2022-03-23 19:00:00,0.0,False
2022-03-23 19:10:00,0.0,False
2022-03-23 19:20:00,0.0,False
2022-03-23 19:30:00,0.0,False
2022-03-23 19:40:00,0.0,False
2022-03-23 19:50:00,0.0,False
2022-03-23 20:00:00,0.0,False
2022-03-23 20:10:00,,False
2022-03-23 20:20:00,0.0,False
2022-03-23 20:30:00,0.0,False
2022-03-23 20:40:00,0.0,False
2022-03-23 20:50:00,0.0,False
2022-03-23 21:00:00,0.0,False
2022-03-23 21:10:00,0.0,False
2022-03-23 21:20:00,0.0,False
2022-03-23 21:30:00,0.0,False
2022-03-23 21:40:00,0.0,False
2022-03-23 21:50:00,,False
2022-03-23 22:00:00,0.0,False
2022-03-23 22:10:00,0.0,False
2022-03-23 22:20:00,0.0,False
2022-03-23 22:30:00,0.0,False
2022-03-23 22:40:00,0.0,False
2022-03-23 22:50:00,0.0,False
2022-03-23 23:00:00,0.0,False
2022-03-23 23:10:00,0.0,False
2022-03-23 23:20:00,0.0,False
2022-03-23 23:30:00,0.0,False
2022-03-23 23:40:00,0.0,False
2022-03-23 23:50:00,0.0,False
2022-03-24 00:00:00,0.0,False
2022-03-24 00:10:00,0.0,False
2022-03-24 00:20:00,0.0,False
2022-03-24 00:30:00,0.0,False
2022-03-24 00:40:00,0.0,False
2022-03-24 00:50:00,0.0,False
2022-03-24 01:00:00,0.0,False
2022-03-24 01:10:00,0.0,False
2022-03-24 01:20:00,0.0,False
2022-03-24 01:30:00,0.0,False
2022-03-24 01:40:00,0.0,False
2022-03-24 01:50:00,0.0,False
2022-03-24 02:00:00,0.0,False
2022-03-24 02:10:00,0.0,False
2022-03-24 02:20:00,0.0,False
2022-03-24 02:30:00,0.0,False
2022-03-24 02:40:00,0.0,False
2022-03-24 02:50:00,0.0,False
2022-03-24 03:00:00,0.0,False
2022-03-24 03:10:00,0.0,False
2022-03-24 03:20:00,0.0,False
2022-03-24 03:30:00,0.0,False
2022-03-24 03:40:00,0.0,False
2022-03-24 03:50:00,0.0,False
2022-03-24 04:00:00,0.0,False
2022-03-24 04:10:00,0.0,False
2022-03-24 04:20:00,0.0,False
2022-03-24 04:30:00,0.0,False
2022-03-24 04:40:00,0.0,False
2022-03-24 04:50:00,0.0,False
2022-03-24 05:00:00,0.0,False
2022-03-24 05:10:00,0.0,False
2022-03-24 05:20:00,0.0,False
2022-03-24 05:30:00,0.0,False
2022-03-24 05:40:00,0.0,False
2022-03-24 05:50:00,0.0,False
2022-03-24 06:00:00,0.0,False
2022-03-24 06:10:00,0.0,False
2022-03-24 06:20:00,0.0,False
2022-03-24 06:30:00,0.0,False
2022-03-24 06:40:00,0.0,False
2022-03-24 06:50:00,0.0,False
2022-03-24 07:00:00,0.0,False
2022-03-24 07:10:00,0.0,False
2022-03-24 07:20:00,0.0,False
2022-03-24 07:30:00,0.0,False
2022-03-24 07:40:00,0.0,False
2022-03-24 07:50:00,0.0,False
2022-03-24 08:00:00,0.0,False
2022-03-24 08:10:00,0.0,False
2022-03-24 08:20:00,0.0,False
2022-03-24 08:30:00,0.0,False
2022-03-24 08:40:00,0.0,False
2022-03-24 08:50:00,0.0,False
2022-03-24 09:00:00,0.0,False
2022-03-24 09:10:00,0.0,False
2022-03-24 09:20:00,0.0,False
2022-03-24 09:30:00,0.0,False
2022-03-24 09:40:00,0.0,False
2022-03-24 09:50:00,0.0,False
2022-03-24 10:00:00,0.0,False
2022-03-24 10:10:00,0.0,False
2022-03-24 10:20:00,0.0,False
2022-03-24 10:30:00,0.0,False
2022-03-24 10:40:00,0.0,False
2022-03-24 10:50:00,0.0,False
2022-03-24 11:00:00,0.0,False
2022-03-24 11:10:00,0.0,False
2022-03-24 11:20:00,0.0,False
2022-03-24 11:30:00,0.0,False
2022-03-24 11:40:00,0.0,False
2022-03-24 11:50:00,0.0,False
2022-03-24 12:00:00,0.0,False
2022-03-24 12:10:00,0.0,False
2022-03-24 12:20:00,0.0,False
2022-03-24 12:30:00,0.0,False
2022-03-24 12:40:00,0.0,False
2022-03-24 12:50:00,0.0,False
2022-03-24 13:00:00,0.0,False
2022-03-24 13:10:00,0.0,False
2022-03-24 13:20:00,0.0,False
2022-03-24 13:30:00,0.0,False
2022-03-24 13:40:00,0.0,False
2022-03-24 13:50:00,0.0,False
2022-03-24 14:00:00,0.0,False
2022-03-24 14:10:00,0.0,False
2022-03-24 14:20:00,0.0,False
2022-03-24 14:30:00,0.0,False
2022-03-24 14:40:00,0.0,False
2022-03-24 14:50:00,0.0,False
2022-03-24 15:00:00,0.0,False
2022-03-24 15:10:00,0.0,False
2022-03-24 15:20:00,0.0,False
2022-03-24 15:30:00,0.0,False
2022-03-24 15:40:00,0.0,False
2022-03-24 15:50:00,,False
2022-03-24 16:00:00,0.0,False
2022-03-24 16:10:00,0.0,False
2022-03-24 16:20:00,,False
2022-03-24 16:30:00,0.0,False
2022-03-24 16:40:00,0.0,False
2022-03-24 16:50:00,0.0,False
2022-03-24 17:00:00,0.0,False
2022-03-24 17:10:00,0.0,False
2022-03-24 17:20:00,,False
2022-03-24 17:30:00,0.0,False
2022-03-24 17:40:00,0.0,False
2022-03-24 17:50:00,0.0,False
2022-03-24 18:00:00,0.0,False
2022-03-24 18:10:00,0.0,False
2022-03-24 18:20:00,0.0,False
2022-03-24 18:30:00,0.0,False
2022-03-24 18:40:00,0.0,False
2022-03-24 18:50:00,0.0,False
2022-03-24 19:00:00,0.0,False
2022-03-24 19:10:00,0.0,False
2022-03-24 19:20:00,0.0,False
2022-03-24 19:30:00,0.0,False
2022-03-24 19:40:00,0.0,False
2022-03-24 19:50:00,0.0,False
2022-03-24 20:00:00,0.0,False
2022-03-24 20:10:00,0.0,False
2022-03-24 20:20:00,0.0,False
2022-03-24 20:30:00,0.0,False
2022-03-24 20:40:00,0.0,False
2022-03-24 20:50:00,0.0,False
2022-03-24 21:00:00,0.0,False
2022-03-24 21:10:00,0.0,False
2022-03-24 21:20:00,0.0,False
2022-03-24 21:30:00,0.0,False
2022-03-24 21:40:00,0.0,False
2022-03-24 21:50:00,0.0,False
2022-03-24 22:00:00,0.0,False
2022-03-24 22:10:00,0.0,False
2022-03-24 22:20:00,0.0,False
2022-03-24 22:30:00,,False
2022-03-24 22:40:00,0.0,False
2022-03-24 22:50:00,0.0,False
2022-03-24 23:00:00,0.0,False
2022-03-24 23:10:00,0.0,False
2022-03-24 23:20:00,0.0,False
2022-03-24 23:30:00,0.0,False
2022-03-24 23:40:00,0.0,False
2022-03-24 23:50:00,0.0,False
2022-03-25 00:00:00,0.0,False
2022-03-25 00:10:00,0.0,False
2022-03-25 00:20:00,0.0,False
2022-03-25 00:30:00,0.0,False
2022-03-25 00:40:00,0.0,False
2022-03-25 00:50:00,0.0,False
2022-03-25 01:00:00,0.0,False
2022-03-25 01:10:00,0.0,False
2022-03-25 01:20:00,0.0,False
2022-03-25 01:30:00,0.0,False
2022-03-25 01:40:00,0.0,False
2022-03-25 01:50:00,0.0,False
2022-03-25 02:00:00,0.0,False
2022-03-25 02:10:00,0.0,False
2022-03-25 02:20:00,0.0,False
2022-03-25 02:30:00,,False
2022-03-25 02:40:00,0.0,False
2022-03-25 02:50:00,0.0,False
2022-03-25 03:00:00,0.0,False
2022-03-25 03:10:00,0.0,False
2022-03-25 03:20:00,0.0,False
2022-03-25 03:30:00,0.0,False
2022-03-25 03:40:00,0.0,False
2022-03-25 03:50:00,,False
2022-03-25 04:00:00,0.0,False
2022-03-25 04:10:00,0.0,False
2022-03-25 04:20:00,0.0,False
2022-03-25 04:30:00,0.0,False
2022-03-25 04:40:00,0.0,False
2022-03-25 04:50:00,0.0,False
2022-03-25 05:00:00,0.0,False
2022-03-25 05:10:00,0.0,False
2022-03-25 05:20:00,0.0,False
2022-03-25 05:30:00,0.0,False
2022-03-25 05:40:00,0.0,False
2022-03-25 05:50:00,0.0,False
2022-03-25 06:00:00,0.0,False
2022-03-25 06:10:00,0.0,False
2022-03-25 06:20:00,0.0,False
2022-03-25 06:30:00,0.0,False
2022-03-25 06:40:00,0.0,False
2022-03-25 06:50:00,0.0,False
2022-03-25 07:00:00,0.0,False
2022-03-25 07:10:00,0.0,False
2022-03-25 07:20:00,0.0,False
2022-03-25 07:30:00,0.0,False
2022-03-25 07:40:00,0.0,False
2022-03-25 07:50:00,0.0,False
2022-03-25 08:00:00,0.0,False
2022-03-25 08:10:00,0.0,False
2022-03-25 08:20:00,0.0,False
2022-03-25 08:30:00,0.0,False
2022-03-25 08:40:00,0.0,False
2022-03-25 08:50:00,0.0,False
2022-03-25 09:00:00,0.0,False
2022-03-25 09:10:00,0.0,False
2022-03-25 09:20:00,0.0,False
2022-03-25 09:30:00,0.0,False
2022-03-25 09:40:00,0.0,False
2022-03-25 09:50:00,0.0,False
2022-03-25 10:00:00,0.0,False
2022-03-25 10:10:00,0.0,False
2022-03-25 10:20:00,0.0,False
2022-03-25 10:30:00,0.0,False
2022-03-25 10:40:00,0.0,False
2022-03-25 10:50:00,0.0,False
2022-03-25 11:00:00,0.0,False
2022-03-25 11:10:00,0.0,False
2022-03-25 11:20:00,0.0,False
2022-03-25 11:30:00,0.0,False
2022-03-25 11:40:00,0.0,False
2022-03-25 11:50:00,0.0,False
2022-03-25 12:00:00,0.0,False
2022-03-25 12:10:00,0.0,False
2022-03-25 12:20:00,0.0,False
2022-03-25 12:30:00,0.0,False
2022-03-25 12:40:00,,False
2022-03-25 12:50:00,0.0,False
2022-03-25 13:00:00,0.0,False
2022-03-25 13:10:00,0.0,False
2022-03-25 13:20:00,,False
2022-03-25 13:30:00,0.0,False
2022-03-25 13:40:00,0.0,False
2022-03-25 13:50:00,0.0,False
2022-03-25 14:00:00,0.0,False
2022-03-25 14:10:00,0.0,False
2022-03-25 14:20:00,,False
2022-03-25 14:30:00,0.0,False
2022-03-25 14:40:00,0.0,False
2022-03-25 14:50:00,0.0,False
2022-03-25 15:00:00,0.0,False
2022-03-25 15:10:00,0.0,False
2022-03-25 15:20:00,0.0,False
2022-03-25 15:30:00,0.0,False
2022-03-25 15:40:00,0.0,False
2022-03-25 15:50:00,0.0,False
2022-03-25 16:00:00,0.0,False
2022-03-25 16:10:00,0.0,False
2022-03-25 16:20:00,0.0,False
2022-03-25 16:30:00,0.0,False
2022-03-25 16:40:00,0.0,False
2022-03-25 16:50:00,0.0,False
2022-03-25 17:00:00,0.0,False
2022-03-25 17:10:00,0.0,False
2022-03-25 17:20:00,0.0,False
2022-03-25 17:30:00,0.0,False
2022-03-25 17:40:00,0.0,False
2022-03-25 17:50:00,0.0,False
2022-03-25 18:00:00,0.0,False
2022-03-25 18:10:00,0.0,False
2022-03-25 18:20:00,0.0,False
2022-03-25 18:30:00,0.0,False
2022-03-25 18:40:00,0.0,False
2022-03-25 18:50:00,0.0,False
2022-03-25 19:00:00,0.0,False
2022-03-25 19:10:00,0.0,False
2022-03-25 19:20:00,0.0,False
2022-03-25 19:30:00,0.0,False
2022-03-25 19:40:00,0.0,False
2022-03-25 19:50:00,0.0,False
2022-03-25 20:00:00,0.0,False
2022-03-25 20:10:00,0.0,False
2022-03-25 20:20:00,0.0,False
2022-03-25 20:30:00,0.0,False
2022-03-25 20:40:00,0.0,False
2022-03-25 20:50:00,0.0,False
2022-03-25 21:00:00,0.0,False
2022-03-25 21:10:00,0.0,False
2022-03-25 21:20:00,0.0,False
2022-03-25 21:30:00,0.0,False
2022-03-25 21:40:00,0.0,False
2022-03-25 21:50:00,0.0,False
2022-03-25 22:00:00,0.0,False
2022-03-25 22:10:00,0.0,False
2022-03-25 22:20:00,0.0,False
2022-03-25 22:30:00,0.0,False
2022-03-25 22:40:00,0.0,False
2022-03-25 22:50:00,0.0,False
2022-03-25 23:00:00,0.0,False
2022-03-25 23:10:00,0.0,False
2022-03-25 23:20:00,0.0,False
2022-03-25 23:30:00,0.0,False
2022-03-25 23:40:00,0.0,False
2022-03-25 23:50:00,0.0,False
2022-03-26 00:00:00,0.0,False
2022-03-26 00:10:00,0.0,False
2022-03-26 00:20:00,,False
2022-03-26 00:30:00,0.0,False
2022-03-26 00:40:00,0.0,False
2022-03-26 00:50:00,0.0,False
2022-03-26 01:00:00,0.0,False
2022-03-26 01:10:00,0.0,False
2022-03-26 01:20:00,0.0,False
2022-03-26 01:30:00,0.0,False
2022-03-26 01:40:00,,False
2022-03-26 01:50:00,0.0,False
2022-03-26 02:00:00,0.0,False
2022-03-26 02:10:00,0.0,False
2022-03-26 02:20:00,0.0,False
2022-03-26 02:30:00,0.0,False
2022-03-26 02:40:00,0.0,False
2022-03-26 02:50:00,0.0,False
2022-03-26 03:00:00,0.0,False
2022-03-26 03:10:00,0.0,False
2022-03-26 03:20:00,0.0,False
2022-03-26 03:30:00,0.0,False
2022-03-26 03:40:00,0.0,False
2022-03-26 03:50:00,0.0,False
2022-03-26 04:00:00,0.0,False
2022-03-26 04:10:00,0.0,False
2022-03-26 04:20:00,0.0,False
2022-03-26 04:30:00,0.0,False
2022-03-26 04:40:00,0.0,False
2022-03-26 04:50:00,0.0,False
2022-03-26 05:00:00,0.0,False
2022-03-26 05:10:00,0.0,False
2022-03-26 05:20:00,0.0,False
2022-03-26 05:30:00,0.0,False
2022-03-26 05:40:00,0.0,False
2022-03-26 05:50:00,0.0,False
2022-03-26 06:00:00,0.0,False
2022-03-26 06:10:00,0.0,False
2022-03-26 06:20:00,0.0,False
2022-03-26 06:30:00,0.0,False
2022-03-26 06:40:00,0.0,False
2022-03-26 06:50:00,0.0,False
2022-03-26 07:00:00,0.0,False
2022-03-26 07:10:00,0.0,False
2022-03-26 07:20:00,,False
2022-03-26 07:30:00,0.0,False
2022-03-26 07:40:00,0.0,False
2022-03-26 07:50:00,0.0,False
2022-03-26 08:00:00,0.0,False
2022-03-26 08:10:00,0.0,False
2022-03-26 08:20:00,0.0,False
2022-03-26 08:30:00,0.0,False
2022-03-26 08:40:00,0.0,False
2022-03-26 08:50:00,0.0,False
2022-03-26 09:00:00,0.0,False
2022-03-26 09:10:00,0.0,False
2022-03-26 09:20:00,0.0,False
2022-03-26 09:30:00,0.0,False
2022-03-26 09:40:00,0.0,False
2022-03-26 09:50:00,0.0,False
2022-03-26 10:00:00,0.0,False
2022-03-26 10:10:00,0.0,False
2022-03-26 10:20:00,0.0,False
2022-03-26 10:30:00,0.0,False
2022-03-26 10:40:00,0.0,False
2022-03-26 10:50:00,0.0,False
2022-03-26 11:00:00,,False
2022-03-26 11:10:00,0.0,False
2022-03-26 11:20:00,0.0,False
2022-03-26 11:30:00,0.0,False
2022-03-26 11:40:00,0.0,False
2022-03-26 11:50:00,0.0,False
2022-03-26 12:00:00,0.0,False
2022-03-26 12:10:00,0.0,False
2022-03-26 12:20:00,0.0,False
2022-03-26 12:30:00,0.0,False
2022-03-26 12:40:00,0.0,False
2022-03-26 12:50:00,0.0,False
2022-03-26 13:00:00,0.0,False
2022-03-26 13:10:00,0.0,False
2022-03-26 13:20:00,,False
2022-03-26 13:30:00,,False
2022-03-26 13:40:00,0.0,False
2022-03-26 13:50:00,0.0,False
2022-03-26 14:00:00,0.0,False
2022-03-26 14:10:00,0.0,False
2022-03-26 14:20:00,0.0,False
2022-03-26 14:30:00,0.0,False
2022-03-26 14:40:00,0.0,False
2022-03-26 14:50:00,0.0,False
2022-03-26 15:00:00,0.0,False
2022-03-26 15:10:00,0.0,False
2022-03-26 15:20:00,0.0,False
2022-03-26 15:30:00,0.0,False
2022-03-26 15:40:00,0.0,False
2022-03-26 15:50:00,,False
2022-03-26 16:00:00,0.0,False
2022-03-26 16:10:00,0.0,False
2022-03-26 16:20:00,,False
2022-03-26 16:30:00,0.0,False
2022-03-26 16:40:00,0.0,False
2022-03-26 16:50:00,0.0,False
2022-03-26 17:00:00,0.0,False
2022-03-26 17:10:00,0.0,False
2022-03-26 17:20:00,0.0,False
2022-03-26 17:30:00,0.0,False
2022-03-26 17:40:00,0.0,False
2022-03-26 17:50:00,0.0,False
2022-03-26 18:00:00,,False
2022-03-26 18:10:00,0.0,False
2022-03-26 18:20:00,0.0,False
2022-03-26 18:30:00,0.0,False
2022-03-26 18:40:00,0.0,False
2022-03-26 18:50:00,0.0,False
2022-03-26 19:00:00,0.0,False
2022-03-26 19:10:00,0.0,False
2022-03-26 19:20:00,0.0,False
2022-03-26 19:30:00,0.0,False
2022-03-26 19:40:00,0.0,False
2022-03-26 19:50:00,0.0,False
2022-03-26 20:00:00,0.0,False
2022-03-26 20:10:00,0.0,False
2022-03-26 20:20:00,0.0,False
2022-03-26 20:30:00,0.0,False
2022-03-26 20:40:00,0.0,False
2022-03-26 20:50:00,0.0,False
2022-03-26 21:00:00,0.0,False
2022-03-26 21:10:00,0.0,False
2022-03-26 21:20:00,0.0,False
2022-03-26 21:30:00,0.0,False
2022-03-26 21:40:00,0.0,False
2022-03-26 21:50:00,0.0,False
2022-03-26 22:00:00,0.0,False
2022-03-26 22:10:00,0.0,False
2022-03-26 22:20:00,0.0,False
2022-03-26 22:30:00,0.0,False
2022-03-26 22:40:00,0.0,False
2022-03-26 22:50:00,0.0,False
2022-03-26 23:00:00,0.0,False
2022-03-26 23:10:00,0.0,False
2022-03-26 23:20:00,0.0,False
2022-03-26 23:30:00,0.0,False
2022-03-26 23:40:00,0.0,False
2022-03-26 23:50:00,,False
2022-03-27 00:00:00,0.0,False
2022-03-27 00:10:00,0.0,False
2022-03-27 00:20:00,0.0,False
2022-03-27 00:30:00,0.0,False
2022-03-27 00:40:00,0.0,False
2022-03-27 00:50:00,0.0,False
2022-03-27 01:00:00,0.0,False
2022-03-27 01:10:00,0.0,False
2022-03-27 01:20:00,0.0,False
2022-03-27 01:30:00,0.0,False
2022-03-27 01:40:00,0.0,False
2022-03-27 01:50:00,0.0,False
2022-03-27 02:00:00,0.0,False
2022-03-27 02:10:00,0.0,False
2022-03-27 02:20:00,0.0,False
2022-03-27 02:30:00,0.0,False
2022-03-27 02:40:00,0.0,False
2022-03-27 02:50:00,0.0,False
2022-03-27 03:00:00,0.0,False
2022-03-27 03:10:00,0.0,False
2022-03-27 03:20:00,0.0,False
2022-03-27 03:30:00,0.0,False
2022-03-27 03:40:00,0.0,False
2022-03-27 03:50:00,0.0,False
2022-03-27 04:00:00,0.0,False
2022-03-27 04:10:00,,False
2022-03-27 04:20:00,0.0,False
2022-03-27 04:30:00,0.0,False
2022-03-27 04:40:00,0.0,False
2022-03-27 04:50:00,0.0,False
2022-03-27 05:00:00,0.0,False
2022-03-27 05:10:00,0.0,False
2022-03-27 05:20:00,0.0,False
2022-03-27 05:30:00,0.0,False
2022-03-27 05:40:00,0.0,False
2022-03-27 05:50:00,0.0,False
2022-03-27 06:00:00,0.0,False
2022-03-27 06:10:00,0.0,False
2022-03-27 06:20:00,,False
2022-03-27 06:30:00,0.0,False
2022-03-27 06:40:00,0.0,False
2022-03-27 06:50:00,0.0,False
2022-03-27 07:00:00,0.0,False
2022-03-27 07:10:00,0.0,False
2022-03-27 07:20:00,0.0,False
2022-03-27 07:30:00,0.0,False
2022-03-27 07:40:00,0.0,False
2022-03-27 07:50:00,,False
2022-03-27 08:00:00,0.0,False
2022-03-27 08:10:00,0.0,False
2022-03-27 08:20:00,0.0,False
2022-03-27 08:30:00,0.0,False
2022-03-27 08:40:00,0.0,False
2022-03-27 08:50:00,0.0,False
2022-03-27 09:00:00,0.0,False
2022-03-27 09:10:00,0.0,False
2022-03-27 09:20:00,0.0,False
2022-03-27 09:30:00,0.0,False
2022-03-27 09:40:00,0.0,False
2022-03-27 09:50:00,0.0,False
2022-03-27 10:00:00,0.0,False
2022-03-27 10:10:00,0.0,False
2022-03-27 10:20:00,0.0,False
2022-03-27 10:30:00,0.0,False
2022-03-27 10:40:00,0.0,False
2022-03-27 10:50:00,0.0,False
2022-03-27 11:00:00,0.0,False
2022-03-27 11:10:00,0.0,False
2022-03-27 11:20:00,0.0,False
2022-03-27 11:30:00,0.0,False
2022-03-27 11:40:00,0.0,False
2022-03-27 11:50:00,0.0,False
2022-03-27 12:00:00,0.0,False
2022-03-27 12:10:00,0.0,False
2022-03-27 12:20:00,0.0,False
2022-03-27 12:30:00,0.0,False
2022-03-27 12:40:00,0.0,False
2022-03-27 12:50:00,0.0,False
2022-03-27 13:00:00,0.0,False
2022-03-27 13:10:00,0.0,False
2022-03-27 13:20:00,0.0,False
2022-03-27 13:30:00,0.0,False
2022-03-27 13:40:00,,False
2022-03-27 13:50:00,0.0,False
2022-03-27 14:00:00,0.0,False
2022-03-27 14:10:00,0.0,False
2022-03-27 14:20:00,0.0,False
2022-03-27 14:30:00,0.0,False
2022-03-27 14:40:00,0.0,False
2022-03-27 14:50:00,0.0,False
2022-03-27 15:00:00,0.0,False
2022-03-27 15:10:00,0.0,False
2022-03-27 15:20:00,,False
2022-03-27 15:30:00,,False
2022-03-27 15:40:00,0.0,False
2022-03-27 15:50:00,0.0,False
2022-03-27 16:00:00,0.0,False
2022-03-27 16:10:00,0.0,False
2022-03-27 16:20:00,0.0,False
2022-03-27 16:30:00,0.0,False
2022-03-27 16:40:00,0.0,False
2022-03-27 16:50:00,0.0,False
2022-03-27 17:00:00,0.0,False
2022-03-27 17:10:00,0.0,False
2022-03-27 17:20:00,0.0,False
2022-03-27 17:30:00,0.0,False
2022-03-27 17:40:00,,False
2022-03-27 17:50:00,0.0,False
2022-03-27 18:00:00,0.0,False
2022-03-27 18:10:00,0.0,False
2022-03-27 18:20:00,0.0,False
2022-03-27 18:30:00,0.0,False
2022-03-27 18:40:00,0.0,False
2022-03-27 18:50:00,0.0,False
2022-03-27 19:00:00,0.0,False
2022-03-27 19:10:00,0.0,False
2022-03-27 19:20:00,,False
2022-03-27 19:30:00,0.0,False
2022-03-27 19:40:00,0.0,False
2022-03-27 19:50:00,0.0,False
2022-03-27 20:00:00,0.0,False
2022-03-27 20:10:00,0.0,False
2022-03-27 20:20:00,0.0,False
2022-03-27 20:30:00,0.0,False
2022-03-27 20:40:00,0.0,False
2022-03-27 20:50:00,0.0,False
2022-03-27 21:00:00,0.0,False
2022-03-27 21:10:00,0.0,False
2022-03-27 21:20:00,0.0,False
2022-03-27 21:30:00,0.0,False
2022-03-27 21:40:00,0.0,False
2022-03-27 21:50:00,0.0,False
2022-03-27 22:00:00,0.0,False
2022-03-27 22:10:00,0.0,False
2022-03-27 22:20:00,0.0,False
2022-03-27 22:30:00,0.0,False
2022-03-27 22:40:00,0.0,False
2022-03-27 22:50:00,0.0,False
2022-03-27 23:00:00,0.0,False
2022-03-27 23:10:00,0.0,False
2022-03-27 23:20:00,0.0,False
2022-03-27 23:30:00,0.0,False
2022-03-27 23:40:00,0.0,False
2022-03-27 23:50:00,,False
2022-03-28 00:00:00,0.0,False
2022-03-28 00:10:00,0.0,False
2022-03-28 00:20:00,0.0,False
2022-03-28 00:30:00,0.0,False
2022-03-28 00:40:00,0.0,False
2022-03-28 00:50:00,0.0,False
2022-03-28 01:00:00,0.0,False
2022-03-28 01:10:00,0.0,False
2022-03-28 01:20:00,,False
2022-03-28 01:30:00,0.0,False
2022-03-28 01:40:00,0.0,False
2022-03-28 01:50:00,0.0,False
2022-03-28 02:00:00,,False
2022-03-28 02:10:00,0.0,False
2022-03-28 02:20:00,0.0,False
2022-03-28 02:30:00,0.0,False
2022-03-28 02:40:00,0.0,False
2022-03-28 02:50:00,0.0,False
2022-03-28 03:00:00,0.0,False
2022-03-28 03:10:00,0.0,False
2022-03-28 03:20:00,0.0,False
2022-03-28 03:30:00,0.0,False
2022-03-28 03:40:00,0.0,False
2022-03-28 03:50:00,0.0,False
2022-03-28 04:00:00,,False
2022-03-28 04:10:00,0.0,False
2022-03-28 04:20:00,0.0,False
2022-03-28 04:30:00,0.0,False
2022-03-28 04:40:00,0.0,False
2022-03-28 04:50:00,0.0,False
2022-03-28 05:00:00,0.0,False
2022-03-28 05:10:00,0.0,False
2022-03-28 05:20:00,0.0,False
2022-03-28 05:30:00,0.0,False
2022-03-28 05:40:00,0.0,False
2022-03-28 05:50:00,0.0,False
2022-03-28 06:00:00,0.0,False
2022-03-28 06:10:00,0.0,False
2022-03-28 06:20:00,0.0,False
2022-03-28 06:30:00,0.0,False
2022-03-28 06:40:00,0.0,False
2022-03-28 06:50:00,0.0,False
2022-03-28 07:00:00,0.0,False
2022-03-28 07:10:00,0.0,False
2022-03-28 07:20:00,0.0,False
2022-03-28 07:30:00,,False
2022-03-28 07:40:00,0.0,False
2022-03-28 07:50:00,0.0,False
2022-03-28 08:00:00,0.0,False
2022-03-28 08:10:00,0.0,False
2022-03-28 08:20:00,0.0,False
2022-03-28 08:30:00,0.0,False
2022-03-28 08:40:00,,False
2022-03-28 08:50:00,0.0,False
2022-03-28 09:00:00,0.0,False
2022-03-28 09:10:00,0.0,False
2022-03-28 09:20:00,0.0,False
2022-03-28 09:30:00,0.0,False
2022-03-28 09:40:00,0.0,False
2022-03-28 09:50:00,0.0,False
2022-03-28 10:00:00,0.0,False
2022-03-28 10:10:00,0.0,False
2022-03-28 10:20:00,0.0,False
2022-03-28 10:30:00,0.0,False
2022-03-28 10:40:00,0.0,False
2022-03-28 10:50:00,0.0,False
2022-03-28 11:00:00,0.0,False
2022-03-28 11:10:00,0.0,False
2022-03-28 11:20:00,0.0,False
2022-03-28 11:30:00,,False
2022-03-28 11:40:00,0.0,False
2022-03-28 11:50:00,0.0,False
2022-03-28 12:00:00,0.0,False
2022-03-28 12:10:00,0.0,False
2022-03-28 12:20:00,0.0,False
2022-03-28 12:30:00,0.0,False
2022-03-28 12:40:00,0.0,False
2022-03-28 12:50:00,,False
2022-03-28 13:00:00,0.0,False
2022-03-28 13:10:00,0.0,False
2022-03-28 13:20:00,0.0,False
2022-03-28 13:30:00,0.0,False
2022-03-28 13:40:00,0.0,False
2022-03-28 13:50:00,0.0,False
2022-03-28 14:00:00,0.0,False
2022-03-28 14:10:00,0.0,False
2022-03-28 14:20:00,0.0,False
2022-03-28 14:30:00,0.0,False
2022-03-28 14:40:00,0.0,False
2022-03-28 14:50:00,0.0,False
2022-03-28 15:00:00,0.0,False
2022-03-28 15:10:00,0.0,False
2022-03-28 15:20:00,0.0,False
2022-03-28 15:30:00,0.0,False
2022-03-28 15:40:00,0.0,False
2022-03-28 15:50:00,0.0,False
2022-03-28 16:00:00,0.0,False
2022-03-28 16:10:00,0.0,False
2022-03-28 16:20:00,0.0,False
2022-03-28 16:30:00,0.0,False
2022-03-28 16:40:00,0.0,False
2022-03-28 16:50:00,0.0,False
2022-03-28 17:00:00,0.0,False
2022-03-28 17:10:00,0.0,False
2022-03-28 17:20:00,0.0,False
2022-03-28 17:30:00,0.0,False
2022-03-28 17:40:00,0.0,False
2022-03-28 17:50:00,0.0,False
2022-03-28 18:00:00,0.0,False
2022-03-28 18:10:00,0.0,False
2022-03-28 18:20:00,0.0,False
2022-03-28 18:30:00,0.0,False
2022-03-28 18:40:00,0.0,False
2022-03-28 18:50:00,0.0,False
2022-03-28 19:00:00,0.0,False
2022-03-28 19:10:00,0.0,False
2022-03-28 19:20:00,0.0,False
2022-03-28 19:30:00,0.0,False
2022-03-28 19:40:00,0.0,False
2022-03-28 19:50:00,0.0,False
2022-03-28 20:00:00,0.0,False
2022-03-28 20:10:00,0.0,False
2022-03-28 20:20:00,0.0,False
2022-03-28 20:30:00,0.0,False
2022-03-28 20:40:00,0.0,False
2022-03-28 20:50:00,0.0,False
2022-03-28 21:00:00,0.0,False
2022-03-28 21:10:00,0.0,False
2022-03-28 21:20:00,0.0,False
2022-03-28 21:30:00,0.0,False
2022-03-28 21:40:00,0.0,False
2022-03-28 21:50:00,0.0,False
2022-03-28 22:00:00,0.0,False
2022-03-28 22:10:00,0.0,False
2022-03-28 22:20:00,0.0,False
2022-03-28 22:30:00,0.0,False
2022-03-28 22:40:00,0.0,False
2022-03-28 22:50:00,0.0,False
2022-03-28 23:00:00,0.0,False
2022-03-28 23:10:00,0.0,False
2022-03-28 23:20:00,0.0,False
2022-03-28 23:30:00,0.0,False
2022-03-28 23:40:00,0.0,False
2022-03-28 23:50:00,0.0,False
2022-03-29 00:00:00,0.0,False
2022-03-29 00:10:00,0.0,False
2022-03-29 00:20:00,,False
2022-03-29 00:30:00,0.0,False
2022-03-29 00:40:00,0.0,False
2022-03-29 00:50:00,0.0,False
2022-03-29 01:00:00,0.0,False
2022-03-29 01:10:00,0.0,False
2022-03-29 01:20:00,0.0,False
2022-03-29 01:30:00,0.0,False
2022-03-29 01:40:00,0.0,False
2022-03-29 01:50:00,0.0,False
2022-03-29 02:00:00,0.0,False
2022-03-29 02:10:00,0.0,False
2022-03-29 02:20:00,0.0,False
2022-03-29 02:30:00,0.0,False
2022-03-29 02:40:00,0.0,False
2022-03-29 02:50:00,0.0,False
2022-03-29 03:00:00,0.0,False
2022-03-29 03:10:00,0.0,False
2022-03-29 03:20:00,,False
2022-03-29 03:30:00,0.0,False
2022-03-29 03:40:00,0.0,False
2022-03-29 03:50:00,0.0,False
2022-03-29 04:00:00,0.0,False
2022-03-29 04:10:00,0.0,False
2022-03-29 04:20:00,0.0,False
2022-03-29 04:30:00,0.0,False
2022-03-29 04:40:00,0.0,False
2022-03-29 04:50:00,0.0,False
2022-03-29 05:00:00,,False
2022-03-29 05:10:00,0.0,False
2022-03-29 05:20:00,0.0,False
2022-03-29 05:30:00,0.0,False
2022-03-29 05:40:00,0.0,False
2022-03-29 05:50:00,0.0,False
2022-03-29 06:00:00,0.0,False
2022-03-29 06:10:00,0.0,False
2022-03-29 06:20:00,0.0,False
2022-03-29 06:30:00,0.0,False
2022-03-29 06:40:00,0.0,False
2022-03-29 06:50:00,0.0,False
2022-03-29 07:00:00,0.0,False
2022-03-29 07:10:00,0.0,False
2022-03-29 07:20:00,,False
2022-03-29 07:30:00,0.0,False
2022-03-29 07:40:00,0.0,False
2022-03-29 07:50:00,0.0,False
2022-03-29 08:00:00,0.0,False
2022-03-29 08:10:00,0.0,False
2022-03-29 08:20:00,0.0,False
2022-03-29 08:30:00,0.0,False
2022-03-29 08:40:00,0.0,False
2022-03-29 08:50:00,0.0,False
2022-03-29 09:00:00,0.0,False
2022-03-29 09:10:00,0.0,False
2022-03-29 09:20:00,0.0,False
2022-03-29 09:30:00,0.0,False
2022-03-29 09:40:00,0.0,False
2022-03-29 09:50:00,0.0,False
2022-03-29 10:00:00,0.0,False
2022-03-29 10:10:00,0.0,False
2022-03-29 10:20:00,0.0,False
2022-03-29 10:30:00,0.0,False
2022-03-29 10:40:00,0.0,False
2022-03-29 10:50:00,0.0,False
2022-03-29 11:00:00,0.0,False
2022-03-29 11:10:00,0.0,False
2022-03-29 11:20:00,0.0,False
2022-03-29 11:30:00,0.0,False
2022-03-29 11:40:00,0.0,False
2022-03-29 11:50:00,0.0,False
2022-03-29 12:00:00,0.0,False
2022-03-29 12:10:00,0.0,False
2022-03-29 12:20:00,0.0,False
2022-03-29 12:30:00,0.0,False
2022-03-29 12:40:00,0.0,False
2022-03-29 12:50:00,0.0,False
2022-03-29 13:00:00,,False
2022-03-29 13:10:00,0.0,False
2022-03-29 13:20:00,0.0,False
2022-03-29 13:30:00,0.0,False
2022-03-29 13:40:00,0.0,False
2022-03-29 13:50:00,0.0,False
2022-03-29 14:00:00,0.0,False
2022-03-29 14:10:00,0.0,False
2022-03-29 14:20:00,0.0,False
2022-03-29 14:30:00,0.0,False
2022-03-29 14:40:00,,False
2022-03-29 14:50:00,0.0,False
2022-03-29 15:00:00,0.0,False
2022-03-29 15:10:00,0.0,False
2022-03-29 15:20:00,0.0,False
2022-03-29 15:30:00,0.0,False
2022-03-29 15:40:00,0.0,False
2022-03-29 15:50:00,0.0,False
2022-03-29 16:00:00,0.0,False
2022-03-29 16:10:00,0.0,False
2022-03-29 16:20:00,0.0,False
2022-03-29 16:30:00,0.0,False
2022-03-29 16:40:00,0.0,False
2022-03-29 16:50:00,0.0,False
2022-03-29 17:00:00,0.0,False
2022-03-29 17:10:00,0.0,False
2022-03-29 17:20:00,0.0,False
2022-03-29 17:30:00,0.0,False
2022-03-29 17:40:00,0.0,False
2022-03-29 17:50:00,0.0,False
2022-03-29 18:00:00,0.0,False
2022-03-29 18:10:00,0.0,False
2022-03-29 18:20:00,0.0,False
2022-03-29 18:30:00,0.0,False
2022-03-29 18:40:00,0.0,False
2022-03-29 18:50:00,0.0,False
2022-03-29 19:00:00,0.0,False
2022-03-29 19:10:00,0.0,False
2022-03-29 19:20:00,0.0,False
2022-03-29 19:30:00,0.0,False
2022-03-29 19:40:00,0.0,False
2022-03-29 19:50:00,,False
2022-03-29 20:00:00,0.0,False
2022-03-29 20:10:00,0.0,False
2022-03-29 20:20:00,,False
2022-03-29 20:30:00,0.0,False
2022-03-29 20:40:00,0.0,False
2022-03-29 20:50:00,0.0,False
2022-03-29 21:00:00,0.0,False
2022-03-29 21:10:00,0.0,False
2022-03-29 21:20:00,0.0,False
2022-03-29 21:30:00,0.0,False
2022-03-29 21:40:00,,False
2022-03-29 21:50:00,,False
2022-03-29 22:00:00,0.0,False
2022-03-29 22:10:00,0.0,False
2022-03-29 22:20:00,0.0,False
2022-03-29 22:30:00,0.0,False
2022-03-29 22:40:00,0.0,False
2022-03-29 22:50:00,0.0,False
2022-03-29 23:00:00,0.0,False
2022-03-29 23:10:00,0.0,False
2022-03-29 23:20:00,0.0,False
2022-03-29 23:30:00,0.0,False
2022-03-29 23:40:00,0.0,False
2022-03-29 23:50:00,0.0,False
2022-03-30 00:00:00,0.0,False
2022-03-30 00:10:00,0.0,False
2022-03-30 00:20:00,0.0,False
2022-03-30 00:30:00,0.0,False
2022-03-30 00:40:00,0.0,False
2022-03-30 00:50:00,0.0,False
2022-03-30 01:00:00,0.0,False
2022-03-30 01:10:00,0.0,False
2022-03-30 01:20:00,0.0,False
2022-03-30 01:30:00,0.0,False
2022-03-30 01:40:00,0.0,False
2022-03-30 01:50:00,0.0,False
2022-03-30 02:00:00,0.0,False
2022-03-30 02:10:00,0.0,False
2022-03-30 02:20:00,0.0,False
2022-03-30 02:30:00,0.0,False
2022-03-30 02:40:00,0.0,False
2022-03-30 02:50:00,0.0,False
2022-03-30 03:00:00,0.0,False
2022-03-30 03:10:00,0.0,False
2022-03-30 03:20:00,0.0,False
2022-03-30 03:30:00,0.0,False
2022-03-30 03:40:00,0.0,False
2022-03-30 03:50:00,0.0,False
2022-03-30 04:00:00,,False
2022-03-30 04:10:00,0.0,False
2022-03-30 04:20:00,0.0,False
2022-03-30 04:30:00,0.0,False
2022-03-30 04:40:00,0.0,False
2022-03-30 04:50:00,0.0,False
2022-03-30 05:00:00,0.0,False
2022-03-30 05:10:00,,False
2022-03-30 05:20:00,0.0,False
2022-03-30 05:30:00,0.0,False
2022-03-30 05:40:00,0.0,False
2022-03-30 05:50:00,0.0,False
2022-03-30 06:00:00,0.0,False
2022-03-30 06:10:00,0.0,False
2022-03-30 06:20:00,0.0,False
2022-03-30 06:30:00,0.0,False
2022-03-30 06:40:00,0.0,False
2022-03-30 06:50:00,0.0,False
2022-03-30 07:00:00,0.0,False
2022-03-30 07:10:00,0.0,False
2022-03-30 07:20:00,0.0,False
2022-03-30 07:30:00,0.0,False
2022-03-30 07:40:00,0.0,False
2022-03-30 07:50:00,0.0,False
2022-03-30 08:00:00,0.0,False
2022-03-30 08:10:00,0.0,False
2022-03-30 08:20:00,0.0,False
2022-03-30 08:30:00,,False
2022-03-30 08:40:00,0.0,False
2022-03-30 08:50:00,0.0,False
2022-03-30 09:00:00,0.0,False
2022-03-30 09:10:00,0.0,False
2022-03-30 09:20:00,0.0,False
2022-03-30 09:30:00,0.0,False
2022-03-30 09:40:00,0.0,False
2022-03-30 09:50:00,0.0,False
2022-03-30 10:00:00,0.0,False
2022-03-30 10:10:00,,False
2022-03-30 10:20:00,0.0,False
2022-03-30 10:30:00,0.0,False
2022-03-30 10:40:00,0.0,False
2022-03-30 10:50:00,0.0,False
2022-03-30 11:00:00,0.0,False
2022-03-30 11:10:00,0.0,False
2022-03-30 11:20:00,0.0,False
2022-03-30 11:30:00,0.0,False
2022-03-30 11:40:00,0.0,False
2022-03-30 11:50:00,0.0,False
2022-03-30 12:00:00,0.0,False
2022-03-30 12:10:00,0.0,False
2022-03-30 12:20:00,0.0,False
2022-03-30 12:30:00,0.0,False
2022-03-30 12:40:00,0.0,False
2022-03-30 12:50:00,0.0,False
2022-03-30 13:00:00,0.0,False
2022-03-30 13:10:00,0.0,False
2022-03-30 13:20:00,0.0,False
2022-03-30 13:30:00,0.0,False
2022-03-30 13:40:00,0.0,False
2022-03-30 13:50:00,0.0,False
2022-03-30 14:00:00,,False
2022-03-30 14:10:00,0.0,False
2022-03-30 14:20:00,0.0,False
2022-03-30 14:30:00,0.0,False
2022-03-30 14:40:00,0.0,False
2022-03-30 14:50:00,0.0,False
2022-03-30 15:00:00,0.0,False
2022-03-30 15:10:00,0.0,False
2022-03-30 15:20:00,,False
2022-03-30 15:30:00,0.0,False
2022-03-30 15:40:00,0.0,False
2022-03-30 15:50:00,0.0,False
2022-03-30 16:00:00,0.0,False
2022-03-30 16:10:00,0.0,False
2022-03-30 16:20:00,0.0,False
2022-03-30 16:30:00,0.0,False
2022-03-30 16:40:00,0.0,False
2022-03-30 16:50:00,0.0,False
2022-03-30 17:00:00,0.0,False
2022-03-30 17:10:00,0.0,False
2022-03-30 17:20:00,0.0,False
2022-03-30 17:30:00,0.0,False
2022-03-30 17:40:00,0.0,False
2022-03-30 17:50:00,0.0,False
2022-03-30 18:00:00,0.0,False
2022-03-30 18:10:00,0.0,False
2022-03-30 18:20:00,0.0,False
2022-03-30 18:30:00,0.0,False
2022-03-30 18:40:00,0.0,False
2022-03-30 18:50:00,0.0,False
2022-03-30 19:00:00,0.0,False
2022-03-30 19:10:00,0.0,False
2022-03-30 19:20:00,0.0,False
2022-03-30 19:30:00,,False
2022-03-30 19:40:00,0.0,False
2022-03-30 19:50:00,0.0,False
2022-03-30 20:00:00,0.0,False
2022-03-30 20:10:00,0.0,False
2022-03-30 20:20:00,0.0,False
2022-03-30 20:30:00,0.0,False
2022-03-30 20:40:00,0.0,False
2022-03-30 20:50:00,0.0,False
2022-03-30 21:00:00,0.0,False
2022-03-30 21:10:00,0.0,False
2022-03-30 21:20:00,0.0,False
2022-03-30 21:30:00,0.0,False
2022-03-30 21:40:00,0.0,False
2022-03-30 21:50:00,0.0,False
2022-03-30 22:00:00,0.0,False
2022-03-30 22:10:00,0.0,False
2022-03-30 22:20:00,0.0,False
2022-03-30 22:30:00,0.0,False
2022-03-30 22:40:00,0.0,False
2022-03-30 22:50:00,0.0,False
2022-03-30 23:00:00,0.0,False
2022-03-30 23:10:00,0.0,False
2022-03-30 23:20:00,0.0,False
2022-03-30 23:30:00,0.0,False
2022-03-30 23:40:00,0.0,False
2022-03-30 23:50:00,0.0,False
2022-03-31 00:00:00,,False
2022-03-31 00:10:00,0.0,False
2022-03-31 00:20:00,0.0,False
2022-03-31 00:30:00,0.0,False
2022-03-31 00:40:00,0.0,False
2022-03-31 00:50:00,0.0,False
2022-03-31 01:00:00,0.0,False
2022-03-31 01:10:00,0.0,False
2022-03-31 01:20:00,0.0,False
2022-03-31 01:30:00,0.0,False
2022-03-31 01:40:00,0.0,False
2022-03-31 01:50:00,0.0,False
2022-03-31 02:00:00,0.0,False
2022-03-31 02:10:00,0.0,False
2022-03-31 02:20:00,0.0,False
2022-03-31 02:30:00,0.0,False
2022-03-31 02:40:00,0.0,False
2022-03-31 02:50:00,0.0,False
2022-03-31 03:00:00,0.0,False
2022-03-31 03:10:00,0.0,False
2022-03-31 03:20:00,,False
2022-03-31 03:30:00,0.0,False
2022-03-31 03:40:00,0.0,False
2022-03-31 03:50:00,0.0,False
2022-03-31 04:00:00,0.0,False
2022-03-31 04:10:00,0.0,False
2022-03-31 04:20:00,0.0,False
2022-03-31 04:30:00,0.0,False
2022-03-31 04:40:00,0.0,False
2022-03-31 04:50:00,0.0,False
2022-03-31 05:00:00,0.0,False
2022-03-31 05:10:00,0.0,False
2022-03-31 05:20:00,0.0,False
2022-03-31 05:30:00,0.0,False
2022-03-31 05:40:00,0.0,False
2022-03-31 05:50:00,0.0,False
2022-03-31 06:00:00,0.0,False
2022-03-31 06:10:00,0.0,False
2022-03-31 06:20:00,0.0,False
2022-03-31 06:30:00,0.0,False
2022-03-31 06:40:00,0.0,False
2022-03-31 06:50:00,,False
2022-03-31 07:00:00,0.0,False
2022-03-31 07:10:00,0.0,False
2022-03-31 07:20:00,0.0,False
2022-03-31 07:30:00,0.0,False
2022-03-31 07:40:00,0.0,False
2022-03-31 07:50:00,0.0,False
2022-03-31 08:00:00,0.0,False
2022-03-31 08:10:00,0.0,False
2022-03-31 08:20:00,0.0,False
2022-03-31 08:30:00,0.0,False
2022-03-31 08:40:00,0.0,False
2022-03-31 08:50:00,0.0,False
2022-03-31 09:00:00,0.0,False
2022-03-31 09:10:00,0.0,False
2022-03-31 09:20:00,0.0,False
2022-03-31 09:30:00,0.0,False
2022-03-31 09:40:00,0.0,False
2022-03-31 09:50:00,0.0,False
2022-03-31 10:00:00,0.0,False
2022-03-31 10:10:00,0.0,False
2022-03-31 10:20:00,0.0,False
2022-03-31 10:30:00,0.0,False
2022-03-31 10:40:00,0.0,False
2022-03-31 10:50:00,0.0,False
2022-03-31 11:00:00,0.0,False
2022-03-31 11:10:00,0.0,False
2022-03-31 11:20:00,0.0,False
2022-03-31 11:30:00,0.0,False
2022-03-31 11:40:00,0.0,False
2022-03-31 11:50:00,0.0,False
2022-03-31 12:00:00,,False
2022-03-31 12:10:00,0.0,False
2022-03-31 12:20:00,0.0,False
2022-03-31 12:30:00,0.0,False
2022-03-31 12:40:00,0.0,False
2022-03-31 12:50:00,0.0,False
2022-03-31 13:00:00,0.0,False
2022-03-31 13:10:00,0.0,False
2022-03-31 13:20:00,0.0,False
2022-03-31 13:30:00,0.0,False
2022-03-31 13:40:00,0.0,False
2022-03-31 13:50:00,0.0,False
2022-03-31 14:00:00,0.0,False
2022-03-31 14:10:00,0.0,False
2022-03-31 14:20:00,0.0,False
2022-03-31 14:30:00,0.0,False
2022-03-31 14:40:00,0.0,False
2022-03-31 14:50:00,0.0,False
2022-03-31 15:00:00,0.0,False
2022-03-31 15:10:00,0.0,False
2022-03-31 15:20:00,0.0,False
2022-03-31 15:30:00,0.0,False
2022-03-31 15:40:00,0.0,False
2022-03-31 15:50:00,,False
2022-03-31 16:00:00,,False
2022-03-31 16:10:00,0.0,False
2022-03-31 16:20:00,0.0,False
2022-03-31 16:30:00,0.0,False
2022-03-31 16:40:00,0.0,False
2022-03-31 16:50:00,0.0,False
2022-03-31 17:00:00,0.0,False
2022-03-31 17:10:00,0.0,False
2022-03-31 17:20:00,0.0,False
2022-03-31 17:30:00,0.0,False
2022-03-31 17:40:00,0.0,False
2022-03-31 17:50:00,0.0,False
2022-03-31 18:00:00,0.0,False
2022-03-31 18:10:00,0.0,False
2022-03-31 18:20:00,0.0,False
2022-03-31 18:30:00,0.0,False
2022-03-31 18:40:00,0.0,False
2022-03-31 18:50:00,0.0,False
2022-03-31 19:00:00,0.0,False
2022-03-31 19:10:00,0.0,False
2022-03-31 19:20:00,0.0,False
2022-03-31 19:30:00,0.0,False
2022-03-31 19:40:00,0.0,False
2022-03-31 19:50:00,0.0,False
2022-03-31 20:00:00,0.0,False
2022-03-31 20:10:00,0.0,False
2022-03-31 20:20:00,0.0,False
2022-03-31 20:30:00,0.0,False
2022-03-31 20:40:00,0.0,False
2022-03-31 20:50:00,0.0,False
2022-03-31 21:00:00,0.0,False
2022-03-31 21:10:00,0.0,False
2022-03-31 21:20:00,0.0,False
2022-03-31 21:30:00,0.0,False
2022-03-31 21:40:00,0.0,False
2022-03-31 21:50:00,0.0,False
2022-03-31 22:00:00,0.0,False
2022-03-31 22:10:00,0.0,False
2022-03-31 22:20:00,0.0,False
2022-03-31 22:30:00,0.0,False
2022-03-31 22:40:00,0.0,False
2022-03-31 22:50:00,0.0,False
2022-03-31 23:00:00,0.0,False
2022-03-31 23:10:00,0.0,False
2022-03-31 23:20:00,0.0,False
2022-03-31 23:30:00,0.0,False
2022-03-31 23:40:00,0.0,False
2022-03-31 23:50:00,0.0,False
2022-04-01 00:00:00,,False
2022-04-01 00:10:00,0.9490199320565932,False
2022-04-01 00:20:00,0.9062296793046154,False
2022-04-01 00:30:00,0.9625659507657125,False
2022-04-01 00:40:00,1.1657187809867522,False
2022-04-01 00:50:00,1.1367634540069862,False
2022-04-01 01:00:00,1.0009881271579972,False
2022-04-01 01:10:00,1.131714245726381,False
2022-04-01 01:20:00,0.9091951157038393,False
2022-04-01 01:30:00,0.7625970492481918,False
2022-04-01 01:40:00,1.0260539295329936,False
2022-04-01 01:50:00,0.9758016752977049,False
2022-04-01 02:00:00,0.9782067181981865,False
2022-04-01 02:10:00,1.108467645286069,False
2022-04-01 02:20:00,0.838199477033506,False
2022-04-01 02:30:00,0.9735004438907271,False
2022-04-01 02:40:00,1.011159406552622,False
2022-04-01 02:50:00,0.8625391508839544,False
2022-04-01 03:00:00,1.067534996801746,False
2022-04-01 03:10:00,0.9928979451962004,False
2022-04-01 03:20:00,0.941284574381426,False
2022-04-01 03:30:00,1.0753853969371638,False
2022-04-01 03:40:00,1.0975204476763598,False
2022-04-01 03:50:00,1.0217761966638887,False
2022-04-01 04:00:00,1.076711262703438,False
2022-04-01 04:10:00,0.9784815361116102,False
2022-04-01 04:20:00,1.1119656646079017,False
2022-04-01 04:30:00,0.7660957234773795,False
2022-04-01 04:40:00,1.0689979368508196,False
2022-04-01 04:50:00,1.053402659354689,False
2022-04-01 05:00:00,,False
2022-04-01 05:10:00,,False
2022-04-01 05:20:00,1.183681453403638,False
2022-04-01 05:30:00,,False
2022-04-01 05:40:00,1.0993267970922271,False
2022-04-01 05:50:00,0.9563641882779443,False
2022-04-01 06:00:00,1.0999171530505658,False
2022-04-01 06:10:00,1.0296431781070483,False
2022-04-01 06:20:00,0.7862479207399801,False
2022-04-01 06:30:00,0.9741570410736348,False
2022-04-01 06:40:00,1.1054883513723128,False
2022-04-01 06:50:00,1.005262151023367,False
2022-04-01 07:00:00,1.0325594133320801,False
2022-04-01 07:10:00,1.1907551839255648,False
2022-04-01 07:20:00,1.0409936797989847,False
2022-04-01 07:30:00,1.1020733780432983,False
2022-04-01 07:40:00,1.004709087994657,False
2022-04-01 07:50:00,0.913689658605628,False
2022-04-01 08:00:00,1.1072521919465685,False
2022-04-01 08:10:00,1.0087763343290488,False
2022-04-01 08:20:00,0.833448752718189,False
2022-04-01 08:30:00,0.9064703190529672,False
2022-04-01 08:40:00,0.8603299023544426,False
2022-04-01 08:50:00,0.8522056748062705,False
2022-04-01 09:00:00,1.0383945729844917,False
2022-04-01 09:10:00,1.027523823381321,False
2022-04-01 09:20:00,,False
2022-04-01 09:30:00,1.1121736182404087,False
2022-04-01 09:40:00,1.006825285062053,False
2022-04-01 09:50:00,0.868325633568612,False
2022-04-01 10:00:00,1.1094046833830336,False
2022-04-01 10:10:00,,False
2022-04-01 10:20:00,0.9709796864052401,False
2022-04-01 10:30:00,0.9679936649516844,False
2022-04-01 10:40:00,0.9463918206122313,False
2022-04-01 10:50:00,0.8159511748261211,False
2022-04-01 11:00:00,0.8946666673377822,False
2022-04-01 11:10:00,1.003957482996224,False
2022-04-01 11:20:00,0.7690793579479733,False
2022-04-01 11:30:00,0.8943803065305478,False
2022-04-01 11:40:00,1.0483626142868212,False
2022-04-01 11:50:00,0.7960441232156861,False
2022-04-01 12:00:00,1.0372932529083267,False
2022-04-01 12:10:00,0.8564141682000548,False
2022-04-01 12:20:00,0.8435097228014531,False
2022-04-01 12:30:00,0.7943326027321318,False
2022-04-01 12:40:00,1.0460022219783058,False
2022-04-01 12:50:00,1.064090549659509,False
2022-04-01 13:00:00,1.1924813017462268,False
2022-04-01 13:10:00,0.9690386953106507,False
2022-04-01 13:20:00,0.9884313724380244,False
2022-04-01 13:30:00,1.178512952314377,False
2022-04-01 13:40:00,1.1264816414795207,False
2022-04-01 13:50:00,0.8979365275051437,False
2022-04-01 14:00:00,,False
2022-04-01 14:10:00,1.1149253077493115,False
2022-04-01 14:20:00,0.8342960885194651,False
2022-04-01 14:30:00,0.9530292510247307,False
2022-04-01 14:40:00,1.058201528814613,False
2022-04-01 14:50:00,1.07137737342177,False
2022-04-01 15:00:00,1.0819856212721723,False
2022-04-01 15:10:00,0.9727794593669681,False
2022-04-01 15:20:00,0.9726896967087639,False
2022-04-01 15:30:00,1.0204173418197986,False
2022-04-01 15:40:00,0.9465717197083257,False
2022-04-01 15:50:00,1.0472133236507073,False
2022-04-01 16:00:00,0.9094575915586507,False
2022-04-01 16:10:00,1.005706452342747,False
2022-04-01 16:20:00,0.8943128354361619,False
2022-04-01 16:30:00,1.1268130865613109,False
2022-04-01 16:40:00,1.0552181485121686,False
2022-04-01 16:50:00,,False
2022-04-01 17:00:00,1.2041056181644612,False
2022-04-01 17:10:00,1.0463232522165107,False
2022-04-01 17:20:00,0.8596048200859905,False
2022-04-01 17:30:00,1.0903110075248374,False
2022-04-01 17:40:00,0.7829985262788649,False
2022-04-01 17:50:00,0.9634006512699561,False
2022-04-01 18:00:00,0.9872421586208331,False
2022-04-01 18:10:00,0.9821333389387215,False
2022-04-01 18:20:00,1.0867603216644672,False
2022-04-01 18:30:00,1.1286826232898046,False
2022-04-01 18:40:00,,False
2022-04-01 18:50:00,0.914624986180202,False
2022-04-01 19:00:00,0.9436483357814271,False
2022-04-01 19:10:00,0.9362749974385125,False
2022-04-01 19:20:00,1.0604873565524207,False
2022-04-01 19:30:00,0.9340778175488087,False
2022-04-01 19:40:00,1.0215065520374125,False
2022-04-01 19:50:00,1.05931282758378,False
2022-04-01 20:00:00,1.280794702142785,False
2022-04-01 20:10:00,1.1652143625832725,False
2022-04-01 20:20:00,1.151013284570471,False
2022-04-01 20:30:00,0.8022344866975846,False
2022-04-01 20:40:00,1.084457984184185,False
2022-04-01 20:50:00,,False
2022-04-01 21:00:00,1.2006701548575454,False
2022-04-01 21:10:00,0.8733057538819158,False
2022-04-01 21:20:00,1.1718217407298726,False
2022-04-01 21:30:00,1.0302648743676366,False
2022-04-01 21:40:00,0.9039790256311925,False
2022-04-01 21:50:00,0.9237196673177731,False
2022-04-01 22:00:00,0.9939902772234156,False
2022-04-01 22:10:00,1.1391032571482151,False
2022-04-01 22:20:00,0.9896495671702445,False
2022-04-01 22:30:00,1.1483400478213448,False
2022-04-01 22:40:00,1.049303363709979,False
2022-04-01 22:50:00,0.9425893037750722,False
2022-04-01 23:00:00,0.9524773745443108,False
2022-04-01 23:10:00,0.7987198263912372,False
2022-04-01 23:20:00,0.9900032702822648,False
2022-04-01 23:30:00,0.9148836329641796,False
2022-04-01 23:40:00,1.0047278503473902,False
2022-04-01 23:50:00,1.1351425049329316,False
2022-04-02 00:00:00,1.0409100574002277,False
2022-04-02 00:10:00,0.8520358031051875,False
2022-04-02 00:20:00,0.8869609570660554,False
2022-04-02 00:30:00,1.0688114406989968,False
2022-04-02 00:40:00,0.9321711731156749,False
2022-04-02 00:50:00,,False
2022-04-02 01:00:00,0.9912537004604465,False
2022-04-02 01:10:00,,False
2022-04-02 01:20:00,0.9274604158037705,False
2022-04-02 01:30:00,1.0570058014533912,False
2022-04-02 01:40:00,0.9441204309399859,False
2022-04-02 01:50:00,1.0322113336359606,False
2022-04-02 02:00:00,1.0292342134984858,False
2022-04-02 02:10:00,,False
2022-04-02 02:20:00,1.1001847427907632,False
2022-04-02 02:30:00,1.1665901539519539,False
2022-04-02 02:40:00,0.9830777025671469,False
2022-04-02 02:50:00,0.8652707230009062,False
2022-04-02 03:00:00,1.1021674499358696,False
2022-04-02 03:10:00,,False
2022-04-02 03:20:00,0.9212039764281277,False
2022-04-02 03:30:00,1.0051096757428006,False
2022-04-02 03:40:00,0.9987295666119478,False
2022-04-02 03:50:00,1.1888033282317028,False
2022-04-02 04:00:00,1.0706788905609899,False
2022-04-02 04:10:00,0.939172018602892,False
2022-04-02 04:20:00,1.0373537861390736,False
2022-04-02 04:30:00,0.9927044099668705,False
2022-04-02 04:40:00,0.7840215339003964,False
2022-04-02 04:50:00,0.9776565737183744,False
2022-04-02 05:00:00,1.08782074473313,False
2022-04-02 05:10:00,1.086432716334685,False
2022-04-02 05:20:00,1.0471080567045452,False
2022-04-02 05:30:00,0.9551348083459861,False
2022-04-02 05:40:00,1.0109802510774688,False
2022-04-02 05:50:00,0.8441549962266379,False
2022-04-02 06:00:00,0.8252843404115485,False
2022-04-02 06:10:00,1.1078836624199095,False
2022-04-02 06:20:00,1.1393846735416833,False
2022-04-02 06:30:00,0.9410911695090919,False
2022-04-02 06:40:00,0.7770888078957431,False
2022-04-02 06:50:00,1.238135104295673,False
2022-04-02 07:00:00,0.9877514253259,False
2022-04-02 07:10:00,,False
2022-04-02 07:20:00,0.9153815019144407,False
2022-04-02 07:30:00,,False
2022-04-02 07:40:00,0.8565811450235313,False
2022-04-02 07:50:00,0.8762427053579269,False
2022-04-02 08:00:00,0.9715040330717841,False
2022-04-02 08:10:00,1.0313367602828905,False
2022-04-02 08:20:00,0.9387875630949293,False
2022-04-02 08:30:00,1.0270386824231459,False
2022-04-02 08:40:00,1.0984722712226445,False
2022-04-02 08:50:00,1.1096315909393883,False
2022-04-02 09:00:00,1.1773374427070904,False
2022-04-02 09:10:00,0.9166121797131015,False
2022-04-02 09:20:00,0.9963307626163491,False
2022-04-02 09:30:00,0.8903370715473886,False
2022-04-02 09:40:00,0.8404815998080543,False
2022-04-02 09:50:00,0.9238990497182972,False
2022-04-02 10:00:00,1.0880203306283527,False
2022-04-02 10:10:00,1.0203436577537626,False
2022-04-02 10:20:00,1.01396028195561,False
2022-04-02 10:30:00,1.1384156854224743,False
2022-04-02 10:40:00,1.0527247510072053,False
2022-04-02 10:50:00,1.0845714918194354,False
2022-04-02 11:00:00,0.8729923453105698,False
2022-04-02 11:10:00,1.049633834797212,False
2022-04-02 11:20:00,0.905045682668365,False
2022-04-02 11:30:00,0.930462786662247,False
2022-04-02 11:40:00,1.0355435839175304,False
2022-04-02 11:50:00,1.0399686614400183,False
2022-04-02 12:00:00,0.8787337519941629,False
2022-04-02 12:10:00,1.153079394672984,False
2022-04-02 12:20:00,1.005044353901578,False
2022-04-02 12:30:00,0.9455378173894888,False
2022-04-02 12:40:00,0.9781361302243107,False
2022-04-02 12:50:00,0.9546073252460971,False
2022-04-02 13:00:00,1.0413707910219545,False
2022-04-02 13:10:00,1.0827660134982235,False
2022-04-02 13:20:00,1.081900186425766,False
2022-04-02 13:30:00,0.9069614687277162,False
2022-04-02 13:40:00,1.1865126691259429,False
2022-04-02 13:50:00,0.951724842744537,False
2022-04-02 14:00:00,1.018934834372591,False
2022-04-02 14:10:00,,False
2022-04-02 14:20:00,0.9276201514077672,False
2022-04-02 14:30:00,1.0337597719468028,False
2022-04-02 14:40:00,1.0480949016154968,False
2022-04-02 14:50:00,1.2141759129035377,False
2022-04-02 15:00:00,1.1170777421257867,False
2022-04-02 15:10:00,1.0592712083530487,False
2022-04-02 15:20:00,1.0511370345018876,False
2022-04-02 15:30:00,1.0433131359252066,False
2022-04-02 15:40:00,0.9569374830652512,False
2022-04-02 15:50:00,0.9116332273444099,False
2022-04-02 16:00:00,1.027081382637246,False
2022-04-02 16:10:00,0.9643313821009356,False
2022-04-02 16:20:00,1.0104938674215853,False
2022-04-02 16:30:00,1.124116059444522,False
2022-04-02 16:40:00,1.0690445938752506,False
2022-04-02 16:50:00,1.0296369618801087,False
2022-04-02 17:00:00,1.0216828955745894,False
2022-04-02 17:10:00,0.9544712962314482,False
2022-04-02 17:20:00,1.0482653539982796,False
2022-04-02 17:30:00,0.9504320681931825,False
2022-04-02 17:40:00,1.139617139365686,False
2022-04-02 17:50:00,1.0512431316955482,False
2022-04-02 18:00:00,0.9181436432792889,False
2022-04-02 18:10:00,1.101242077665063,False
2022-04-02 18:20:00,,False
2022-04-02 18:30:00,1.0699886955831266,False
2022-04-02 18:40:00,0.951590418689114,False
2022-04-02 18:50:00,1.0282185073369419,False
2022-04-02 19:00:00,1.0106550382249158,False
2022-04-02 19:10:00,0.9447430196685,False
2022-04-02 19:20:00,1.022636010502313,False
2022-04-02 19:30:00,1.0709849659669413,False
2022-04-02 19:40:00,0.9611814973198732,False
2022-04-02 19:50:00,1.1440574169847069,False
2022-04-02 20:00:00,0.908963770623294,False
2022-04-02 20:10:00,1.0432408504653639,False
2022-04-02 20:20:00,0.8651755726643566,False
2022-04-02 20:30:00,1.0176310765133438,False
2022-04-02 20:40:00,1.0175895314011423,False
2022-04-02 20:50:00,,False
2022-04-02 21:00:00,0.9664795513684331,False
2022-04-02 21:10:00,1.053545684708325,False
2022-04-02 21:20:00,1.2332988233484372,False
2022-04-02 21:30:00,0.8904476356570048,False
2022-04-02 21:40:00,0.8282014114432106,False
2022-04-02 21:50:00,0.8343133181427986,False
2022-04-02 22:00:00,1.250524223966795,False
2022-04-02 22:10:00,1.1548931879091662,False
2022-04-02 22:20:00,0.9670867088657121,False
2022-04-02 22:30:00,1.0208996033489175,False
2022-04-02 22:40:00,1.129835739380492,False
2022-04-02 22:50:00,1.0023335342122792,False
2022-04-02 23:00:00,1.05428332894215,False
2022-04-02 23:10:00,,False
2022-04-02 23:20:00,1.0453117317746992,False
2022-04-02 23:30:00,1.147705247814515,False
2022-04-02 23:40:00,0.9413194083004561,False
2022-04-02 23:50:00,1.257251675771018,False
2022-04-03 00:00:00,0.8613494251678679,False
2022-04-03 00:10:00,0.9854419242161205,False
2022-04-03 00:20:00,0.900863721810258,False
2022-04-03 00:30:00,1.0542005224846311,False
2022-04-03 00:40:00,0.9988389296704926,False
2022-04-03 00:50:00,1.1854034001402742,False
2022-04-03 01:00:00,0.9403547526483822,False
2022-04-03 01:10:00,0.9348875232456193,False
2022-04-03 01:20:00,0.9283876880248341,False
2022-04-03 01:30:00,0.9499168080834792,False
2022-04-03 01:40:00,1.0067359180064572,False
2022-04-03 01:50:00,0.9116706504411499,False
2022-04-03 02:00:00,0.9528574321380623,False
2022-04-03 02:10:00,0.9731097922907366,False
2022-04-03 02:20:00,1.012943285843902,False
2022-04-03 02:30:00,1.0375159024140679,False
2022-04-03 02:40:00,0.9698721749355439,False
2022-04-03 02:50:00,1.1275553395198203,False
2022-04-03 03:00:00,1.0763659722941685,False
2022-04-03 03:10:00,0.9770374048180305,False
2022-04-03 03:20:00,0.9365640243885358,False
2022-04-03 03:30:00,0.950166919356127,False
2022-04-03 03:40:00,1.0168337072414297,False
2022-04-03 03:50:00,0.9367375614225901,False
2022-04-03 04:00:00,0.9681604687833699,False
2022-04-03 04:10:00,0.9796168845330878,False
2022-04-03 04:20:00,1.170164634943064,False
2022-04-03 04:30:00,0.9043312230432055,False
2022-04-03 04:40:00,0.737122131930416,False
2022-04-03 04:50:00,0.9084046612032214,False
2022-04-03 05:00:00,1.0066252315068651,False
2022-04-03 05:10:00,0.8435890674624122,False
2022-04-03 05:20:00,1.029040925620661,False
2022-04-03 05:30:00,1.0323270146240255,False
2022-04-03 05:40:00,1.0571045946344861,False
2022-04-03 05:50:00,1.1471976666264656,False
2022-04-03 06:00:00,1.0331217950507745,False
2022-04-03 06:10:00,1.0987063170509117,False
2022-04-03 06:20:00,1.0384611184605013,False
2022-04-03 06:30:00,0.8810969533158312,False
2022-04-03 06:40:00,0.8692080659383161,False
2022-04-03 06:50:00,1.1001555983374773,False
2022-04-03 07:00:00,0.8713840834200035,False
2022-04-03 07:10:00,0.9181464951026466,False
2022-04-03 07:20:00,1.0390894492781086,False
2022-04-03 07:30:00,0.9659649679838831,False
2022-04-03 07:40:00,,False
2022-04-03 07:50:00,0.9810529668954225,False
2022-04-03 08:00:00,1.1030184021457303,False
2022-04-03 08:10:00,1.1999360706048312,False
2022-04-03 08:20:00,1.1901955187453765,False
2022-04-03 08:30:00,1.0238491651909516,False
2022-04-03 08:40:00,0.943380055473729,False
2022-04-03 08:50:00,0.9611845313459867,False
2022-04-03 09:00:00,1.2347017477912607,False
2022-04-03 09:10:00,0.9476066753280362,False
2022-04-03 09:20:00,1.0909988155175483,False
2022-04-03 09:30:00,1.0050015398841998,False
2022-04-03 09:40:00,0.9531434910470111,False
2022-04-03 09:50:00,1.1069014437472415,False
2022-04-03 10:00:00,1.0159688218636211,False
2022-04-03 10:10:00,0.9511549947850765,False
2022-04-03 10:20:00,0.9041129309991934,False
2022-04-03 10:30:00,1.0031556280013925,False
2022-04-03 10:40:00,1.1147645593781181,False
2022-04-03 10:50:00,1.0146770092626571,False
2022-04-03 11:00:00,0.978340658995495,False
2022-04-03 11:10:00,1.0988125192602252,False
2022-04-03 11:20:00,0.8972635389616025,False
2022-04-03 11:30:00,0.8931063102844771,False
2022-04-03 11:40:00,0.8497694341333393,False
2022-04-03 11:50:00,1.1207015411017136,False
2022-04-03 12:00:00,1.0374572567542013,False
2022-04-03 12:10:00,0.880245357527897,False
2022-04-03 12:20:00,0.959661140587081,False
2022-04-03 12:30:00,0.9180682503762065,False
2022-04-03 12:40:00,1.0077224954161865,False
2022-04-03 12:50:00,1.0356429354036631,False
2022-04-03 13:00:00,1.1420720418991905,False
2022-04-03 13:10:00,1.0722579699667247,False
2022-04-03 13:20:00,1.0482879602913757,False
2022-04-03 13:30:00,0.9137149873113878,False
2022-04-03 13:40:00,1.028606537069439,False
2022-04-03 13:50:00,,False
2022-04-03 14:00:00,1.0593616129720278,False
2022-04-03 14:10:00,0.9862812907809764,False
2022-04-03 14:20:00,0.9068396199963253,False
2022-04-03 14:30:00,0.9557298252515587,False
2022-04-03 14:40:00,0.9745578002956078,False
2022-04-03 14:50:00,,False
2022-04-03 15:00:00,0.8608376449201168,False
2022-04-03 15:10:00,0.9399031099493934,False
2022-04-03 15:20:00,1.1172166489088635,False
2022-04-03 15:30:00,1.023298389552666,False
2022-04-03 15:40:00,0.8302825758656375,False
2022-04-03 15:50:00,1.04158859952717,False
2022-04-03 16:00:00,1.1327591866251117,False
2022-04-03 16:10:00,0.9284424944642468,False
2022-04-03 16:20:00,0.921543526606781,False
2022-04-03 16:30:00,1.0346271528693212,False
2022-04-03 16:40:00,1.0506586334912165,False
2022-04-03 16:50:00,0.9802725195741098,False
2022-04-03 17:00:00,1.0511812550714323,False
2022-04-03 17:10:00,0.9604008780081529,False
2022-04-03 17:20:00,0.8909905446193659,False
2022-04-03 17:30:00,,False
2022-04-03 17:40:00,0.8720604778677192,False
2022-04-03 17:50:00,1.1209699521257506,False
2022-04-03 18:00:00,0.930117118868656,False
2022-04-03 18:10:00,1.1336837158553998,False
2022-04-03 18:20:00,1.0143947815690855,False
2022-04-03 18:30:00,0.9678618858378678,False
2022-04-03 18:40:00,0.9586873148771876,False
2022-04-03 18:50:00,0.9100847604427988,False
2022-04-03 19:00:00,0.9893966015660014,False
2022-04-03 19:10:00,0.9339263746523565,False
2022-04-03 19:20:00,1.1254330224524116,False
2022-04-03 19:30:00,1.091179518609948,False
2022-04-03 19:40:00,0.9637408344026597,False
2022-04-03 19:50:00,0.9207362522098661,False
2022-04-03 20:00:00,1.0352133460786763,False
2022-04-03 20:10:00,0.9472584458237854,False
2022-04-03 20:20:00,1.24099556403418,False
2022-04-03 20:30:00,1.0186543975263405,False
2022-04-03 20:40:00,1.0240672372794528,False
2022-04-03 20:50:00,0.7001834647986761,False
2022-04-03 21:00:00,1.050932373241593,False
2022-04-03 21:10:00,1.2342923665648775,False
2022-04-03 21:20:00,,False
2022-04-03 21:30:00,1.1318918335318469,False
2022-04-03 21:40:00,0.8567215261687502,False
2022-04-03 21:50:00,1.0718448000390217,False
2022-04-03 22:00:00,0.9221983412956023,False
2022-04-03 22:10:00,,False
2022-04-03 22:20:00,1.0138432567421973,False
2022-04-03 22:30:00,1.0938896151809419,False
2022-04-03 22:40:00,0.9562244531632345,False
2022-04-03 22:50:00,1.0697648206674897,False
2022-04-03 23:00:00,0.9265145624161748,False
2022-04-03 23:10:00,1.044620575645206,False
2022-04-03 23:20:00,1.0186900589025083,False
2022-04-03 23:30:00,1.0820911896617664,False
2022-04-03 23:40:00,,False
2022-04-03 23:50:00,1.0811963658703678,False
2022-04-04 00:00:00,0.9820045422713792,False
2022-04-04 00:10:00,1.0505873431394528,False
2022-04-04 00:20:00,,False
2022-04-04 00:30:00,0.9678181862959525,False
2022-04-04 00:40:00,1.043212942404682,False
2022-04-04 00:50:00,1.2713805916242709,False
2022-04-04 01:00:00,0.8756806517955208,False
2022-04-04 01:10:00,0.9890809986112684,False
2022-04-04 01:20:00,1.0341896657651939,False
2022-04-04 01:30:00,1.0607192757136148,False
2022-04-04 01:40:00,0.774074011491953,False
2022-04-04 01:50:00,0.9423943502977451,False
2022-04-04 02:00:00,0.8625969237260628,False
2022-04-04 02:10:00,1.1017910144787213,False
2022-04-04 02:20:00,0.9645215192245722,False
2022-04-04 02:30:00,1.043023494820069,False
2022-04-04 02:40:00,1.1131709260807932,False
2022-04-04 02:50:00,0.7789076241430974,False
2022-04-04 03:00:00,0.9594766115230723,False
2022-04-04 03:10:00,1.0538897940447596,False
2022-04-04 03:20:00,0.9080923671314635,False
2022-04-04 03:30:00,0.9844825655640554,False
2022-04-04 03:40:00,1.0670181752954235,False
2022-04-04 03:50:00,,False
2022-04-04 04:00:00,1.020965030898611,False
2022-04-04 04:10:00,0.9271895280801697,False
2022-04-04 04:20:00,0.9204499231393518,False
2022-04-04 04:30:00,0.9126328340013916,False
2022-04-04 04:40:00,0.9505405738018309,False
2022-04-04 04:50:00,0.7595245231632658,False
2022-04-04 05:00:00,1.1392907272028714,False
2022-04-04 05:10:00,0.989174626207679,False
2022-04-04 05:20:00,0.9696995335743213,False
2022-04-04 05:30:00,1.1412347824611069,False
2022-04-04 05:40:00,1.0935203752994977,False
2022-04-04 05:50:00,0.764753997567279,False
2022-04-04 06:00:00,0.9856491704905925,False
2022-04-04 06:10:00,1.0026285498994296,False
2022-04-04 06:20:00,0.9386524215593898,False
2022-04-04 06:30:00,0.9268097635658186,False
2022-04-04 06:40:00,1.009579083066734,False
2022-04-04 06:50:00,0.8979533345621198,False
2022-04-04 07:00:00,0.8915439135800279,False
2022-04-04 07:10:00,0.770825009968466,False
2022-04-04 07:20:00,1.090187889530436,False
2022-04-04 07:30:00,0.9680581495563411,False
2022-04-04 07:40:00,1.0552571996611932,False
2022-04-04 07:50:00,1.1027441111804037,False
2022-04-04 08:00:00,0.8873569014280138,False
2022-04-04 08:10:00,0.9375667548237603,False
2022-04-04 08:20:00,0.925291961627074,False
2022-04-04 08:30:00,0.9153128145226904,False
2022-04-04 08:40:00,0.9400887917375269,False
2022-04-04 08:50:00,0.9005670133258444,False
2022-04-04 09:00:00,1.0281192948873856,False
2022-04-04 09:10:00,0.9071668508038371,False
2022-04-04 09:20:00,0.9094387364308616,False
2022-04-04 09:30:00,0.8181443370667826,False
2022-04-04 09:40:00,0.9850808236813476,False
2022-04-04 09:50:00,1.0836953876225308,False
2022-04-04 10:00:00,0.9455481048098012,False
2022-04-04 10:10:00,1.1614190796465271,False
2022-04-04 10:20:00,0.8929829606130126,False
2022-04-04 10:30:00,1.0588069698663745,False
2022-04-04 10:40:00,0.9506224603555623,False
2022-04-04 10:50:00,1.037642660656073,False
2022-04-04 11:00:00,1.0089049506769359,False
2022-04-04 11:10:00,0.7957920679123434,False
2022-04-04 11:20:00,0.9345928709542312,False
2022-04-04 11:30:00,0.9915705880629855,False
2022-04-04 11:40:00,0.8612938867951029,False
2022-04-04 11:50:00,1.1669834428065065,False
2022-04-04 12:00:00,0.9326390506352075,False
2022-04-04 12:10:00,0.8479268024347253,False
2022-04-04 12:20:00,0.8632604349197948,False
2022-04-04 12:30:00,1.2408418497762994,False
2022-04-04 12:40:00,1.1511304035686107,False
2022-04-04 12:50:00,1.129807719910781,False
2022-04-04 13:00:00,0.8197636685208093,False
2022-04-04 13:10:00,1.1434440020274967,False
2022-04-04 13:20:00,1.0385287379748176,False
2022-04-04 13:30:00,,False
2022-04-04 13:40:00,0.8983130087258901,False
2022-04-04 13:50:00,0.9618112176916372,False
2022-04-04 14:00:00,1.186210258988028,False
2022-04-04 14:10:00,0.9382939491217216,False
2022-04-04 14:20:00,0.9615205323458124,False
2022-04-04 14:30:00,1.1212090194555837,False
2022-04-04 14:40:00,0.6720308571354412,False
2022-04-04 14:50:00,1.0112652968172415,False
2022-04-04 15:00:00,1.1636765923084995,False
2022-04-04 15:10:00,0.864163566753902,False
2022-04-04 15:20:00,0.9734977420504506,False
2022-04-04 15:30:00,1.0756538265974225,False
2022-04-04 15:40:00,0.8841372506024207,False
2022-04-04 15:50:00,1.085065186024214,False
2022-04-04 16:00:00,0.9256873979917335,False
2022-04-04 16:10:00,1.0260919394560588,False
2022-04-04 16:20:00,1.0385486093929985,False
2022-04-04 16:30:00,,False
2022-04-04 16:40:00,1.0910095698021978,False
2022-04-04 16:50:00,0.83538881304684,False
2022-04-04 17:00:00,1.0564249685783413,False
2022-04-04 17:10:00,1.1074534275397125,False
2022-04-04 17:20:00,1.0424914873637494,False
2022-04-04 17:30:00,0.9074674686571104,False
2022-04-04 17:40:00,0.9116417170750856,False
2022-04-04 17:50:00,0.985250877389014,False
2022-04-04 18:00:00,1.0307646804613193,False
2022-04-04 18:10:00,1.0081421932909767,False
2022-04-04 18:20:00,1.17737745462254,False
2022-04-04 18:30:00,0.8959000669349865,False
2022-04-04 18:40:00,1.0817616752082133,False
2022-04-04 18:50:00,1.0425435208365117,False
2022-04-04 19:00:00,1.08364581522449,False
2022-04-04 19:10:00,0.9257886373582547,False
2022-04-04 19:20:00,0.8630747211118406,False
2022-04-04 19:30:00,1.0866957446755587,False
2022-04-04 19:40:00,1.0169518272548685,False
2022-04-04 19:50:00,0.905299032179445,False
2022-04-04 20:00:00,1.0168664737205209,False
2022-04-04 20:10:00,0.8334885640884152,False
2022-04-04 20:20:00,1.1125153044031362,False
2022-04-04 20:30:00,1.0112386118889787,False
2022-04-04 20:40:00,1.046940744876057,False
2022-04-04 20:50:00,0.9797168930318083,False
2022-04-04 21:00:00,1.01250462106699,False
2022-04-04 21:10:00,0.8696510371827423,False
2022-04-04 21:20:00,1.082654173006892,False
2022-04-04 21:30:00,1.0150203806648523,False
2022-04-04 21:40:00,0.9765646531821245,False
2022-04-04 21:50:00,1.0651710031830455,False
2022-04-04 22:00:00,1.0293862947483559,False
2022-04-04 22:10:00,0.9710276874857182,False
2022-04-04 22:20:00,0.9973960019169787,False
2022-04-04 22:30:00,1.0856322599287171,False
2022-04-04 22:40:00,,False
2022-04-04 22:50:00,1.0057413682773817,False
2022-04-04 23:00:00,1.0148365764395622,False
2022-04-04 23:10:00,0.8370722334753095,False
2022-04-04 23:20:00,1.2289312948569164,False
2022-04-04 23:30:00,0.932361610695108,False
2022-04-04 23:40:00,1.164862846593279,False
2022-04-04 23:50:00,1.0376690140152023,False
2022-04-05 00:00:00,0.9341579273114049,False
2022-04-05 00:10:00,1.106095981874201,False
2022-04-05 00:20:00,0.9996885771220627,False
2022-04-05 00:30:00,1.0783797895325213,False
2022-04-05 00:40:00,1.026619763462893,False
2022-04-05 00:50:00,0.8373106066159322,False
2022-04-05 01:00:00,0.7235267536585401,False
2022-04-05 01:10:00,1.0644727220899355,False
2022-04-05 01:20:00,0.9110070152619689,False
2022-04-05 01:30:00,0.9001617845581674,False
2022-04-05 01:40:00,0.9878679169287328,False
2022-04-05 01:50:00,1.0736080154525898,False
2022-04-05 02:00:00,0.9697573601945825,False
2022-04-05 02:10:00,1.2335839603710579,False
2022-04-05 02:20:00,,False
2022-04-05 02:30:00,0.9415686932758889,False
2022-04-05 02:40:00,0.9496750247171769,False
2022-04-05 02:50:00,0.8253352510524896,False
2022-04-05 03:00:00,0.9513077121637568,False
2022-04-05 03:10:00,1.0140226417839566,False
2022-04-05 03:20:00,1.0211172856705377,False
2022-04-05 03:30:00,,False
2022-04-05 03:40:00,,False
2022-04-05 03:50:00,1.054833299509025,False
2022-04-05 04:00:00,0.9160350045107092,False
2022-04-05 04:10:00,0.9774218666509046,False
2022-04-05 04:20:00,0.8794729773804455,False
2022-04-05 04:30:00,0.8818662387396907,False
2022-04-05 04:40:00,0.8728554554272538,False
2022-04-05 04:50:00,1.0047645648995691,False
2022-04-05 05:00:00,,False
2022-04-05 05:10:00,0.9609519945353138,False
2022-04-05 05:20:00,1.0755090271171144,False
2022-04-05 05:30:00,0.8169062381545633,False
2022-04-05 05:40:00,1.1103453055259465,False
2022-04-05 05:50:00,1.0323334251056082,False
2022-04-05 06:00:00,1.0017446781214479,False
2022-04-05 06:10:00,0.8882811196253992,False
2022-04-05 06:20:00,0.913840520111185,False
2022-04-05 06:30:00,1.0359583543848083,False
2022-04-05 06:40:00,0.9916375981614983,False
2022-04-05 06:50:00,1.0883606097616887,False
2022-04-05 07:00:00,0.9042693717113374,False
2022-04-05 07:10:00,1.0115678044799572,False
2022-04-05 07:20:00,0.9605069366139332,False
2022-04-05 07:30:00,0.9315981826791142,False
2022-04-05 07:40:00,1.1282608340499374,False
2022-04-05 07:50:00,1.0378283091547311,False
2022-04-05 08:00:00,0.8977370441318122,False
2022-04-05 08:10:00,1.1718406154334406,False
2022-04-05 08:20:00,0.8378959727936498,False
2022-04-05 08:30:00,0.8139198926378209,False
2022-04-05 08:40:00,1.1327524438215966,False
2022-04-05 08:50:00,1.3039077607631997,False
2022-04-05 09:00:00,1.1070838869874375,False
2022-04-05 09:10:00,0.9533558555203786,False
2022-04-05 09:20:00,1.1245223478535042,False
2022-04-05 09:30:00,1.0430576248915993,False
2022-04-05 09:40:00,0.8834730499028258,False
2022-04-05 09:50:00,1.0732652651814483,False
2022-04-05 10:00:00,1.0462126140416672,False
2022-04-05 10:10:00,0.963128479187121,False
2022-04-05 10:20:00,0.9356505932771869,False
2022-04-05 10:30:00,1.0510615638908662,False
2022-04-05 10:40:00,1.011490305333146,False
2022-04-05 10:50:00,0.9642875229555861,False
2022-04-05 11:00:00,1.05069885010521,False
2022-04-05 11:10:00,0.9936186121721047,False
2022-04-05 11:20:00,0.9461678360412606,False
2022-04-05 11:30:00,0.8091508831027945,False
2022-04-05 11:40:00,0.9137724128911158,False
2022-04-05 11:50:00,1.019115064235251,False
2022-04-05 12:00:00,0.9851996012024333,False
2022-04-05 12:10:00,0.8040972096511383,False
2022-04-05 12:20:00,0.8736335498469591,False
2022-04-05 12:30:00,0.9736364705627121,False
2022-04-05 12:40:00,1.0284188399018594,False
2022-04-05 12:50:00,0.9645317150352227,False
2022-04-05 13:00:00,1.2236868417026976,False
2022-04-05 13:10:00,1.1393577018617913,False
2022-04-05 13:20:00,1.0373247162208352,False
2022-04-05 13:30:00,0.9882110832092508,False
2022-04-05 13:40:00,0.9565318200878092,False
2022-04-05 13:50:00,1.116530895338974,False
2022-04-05 14:00:00,1.0058976017156158,False
2022-04-05 14:10:00,1.0637930422434723,False
2022-04-05 14:20:00,0.9320653303364749,False
2022-04-05 14:30:00,1.176375926120238,False
2022-04-05 14:40:00,1.0297859985869635,False
2022-04-05 14:50:00,0.9831197309878393,False
2022-04-05 15:00:00,1.0741909903160014,False
2022-04-05 15:10:00,0.8460848639085966,False
2022-04-05 15:20:00,0.915098930640575,False
2022-04-05 15:30:00,,False
2022-04-05 15:40:00,1.0183200370934973,False
2022-04-05 15:50:00,0.8471922324782134,False
2022-04-05 16:00:00,1.1687164334138198,False
2022-04-05 16:10:00,0.8799513859664716,False
2022-04-05 16:20:00,1.0049634740228859,False
2022-04-05 16:30:00,1.1091656417741262,False
2022-04-05 16:40:00,1.0952482514648447,False
2022-04-05 16:50:00,0.9466234002804003,False
2022-04-05 17:00:00,0.9198214440421429,False
2022-04-05 17:10:00,1.0823566209103201,False
2022-04-05 17:20:00,0.9778465198806744,False
2022-04-05 17:30:00,1.0350337403030143,False
2022-04-05 17:40:00,1.1025982129780272,False
2022-04-05 17:50:00,,False
2022-04-05 18:00:00,1.1249607835066335,False
2022-04-05 18:10:00,0.9784991643046232,False
2022-04-05 18:20:00,0.9551445638488254,False
2022-04-05 18:30:00,1.0497110030065535,False
2022-04-05 18:40:00,1.0794769449486252,False
2022-04-05 18:50:00,1.1265212841925762,False
2022-04-05 19:00:00,1.0259259491327966,False
2022-04-05 19:10:00,1.1400061958187915,False
2022-04-05 19:20:00,1.0610199894033105,False
2022-04-05 19:30:00,1.0513544502261438,False
2022-04-05 19:40:00,1.0818969238035467,False
2022-04-05 19:50:00,1.0005938433518764,False
2022-04-05 20:00:00,1.0157505712317878,False
2022-04-05 20:10:00,1.117237693702316,False
2022-04-05 20:20:00,1.0227196846181459,False
2022-04-05 20:30:00,0.9294614538959629,False
2022-04-05 20:40:00,1.0840863502934044,False
2022-04-05 20:50:00,1.0970898426636764,False
2022-04-05 21:00:00,0.8796730411026291,False
2022-04-05 21:10:00,0.8082620287043697,False
2022-04-05 21:20:00,0.9334312849276163,False
2022-04-05 21:30:00,0.9463226843195861,False
2022-04-05 21:40:00,1.1365086692664874,False
2022-04-05 21:50:00,1.016416597411729,False
2022-04-05 22:00:00,0.973747655722291,False
2022-04-05 22:10:00,1.1908482432811796,False
2022-04-05 22:20:00,,False
2022-04-05 22:30:00,0.9226036289289475,False
2022-04-05 22:40:00,0.9081531718401152,False
2022-04-05 22:50:00,1.1887352059397176,False
2022-04-05 23:00:00,0.9595478307211001,False
2022-04-05 23:10:00,1.032692176276058,False
2022-04-05 23:20:00,0.9555237993861125,False
2022-04-05 23:30:00,0.9779038816781456,False
2022-04-05 23:40:00,1.1521251271823028,False
2022-04-05 23:50:00,0.9637520303215844,False
2022-04-06 00:00:00,0.9456818356129841,False
2022-04-06 00:10:00,0.8674730183816458,False
2022-04-06 00:20:00,1.0435950014392081,False
2022-04-06 00:30:00,0.9227941080866173,False
2022-04-06 00:40:00,0.9979017339950113,False
2022-04-06 00:50:00,1.009623323292597,False
2022-04-06 01:00:00,1.083174602330456,False
2022-04-06 01:10:00,1.1436929275913033,False
2022-04-06 01:20:00,0.9828013242590529,False
2022-04-06 01:30:00,1.1120973328386174,False
2022-04-06 01:40:00,0.9396703794780908,False
2022-04-06 01:50:00,0.8406294963621862,False
2022-04-06 02:00:00,0.9557804030530401,False
2022-04-06 02:10:00,0.9201188991329325,False
2022-04-06 02:20:00,1.0014275747740131,False
2022-04-06 02:30:00,1.1340480928588388,False
2022-04-06 02:40:00,1.0971966736900995,False
2022-04-06 02:50:00,0.8986648403291206,False
2022-04-06 03:00:00,0.927969750752709,False
2022-04-06 03:10:00,0.885493135684402,False
2022-04-06 03:20:00,0.9447739579276326,False
2022-04-06 03:30:00,1.0762563928474305,False
2022-04-06 03:40:00,1.0663770373070036,False
2022-04-06 03:50:00,0.9893729478922961,False
2022-04-06 04:00:00,0.9082467611493392,False
2022-04-06 04:10:00,1.0434112982095178,False
2022-04-06 04:20:00,1.0405470015871578,False
2022-04-06 04:30:00,,False
2022-04-06 04:40:00,0.9198070759046957,False
2022-04-06 04:50:00,0.9346993778176522,False
2022-04-06 05:00:00,1.0748238624470186,False
2022-04-06 05:10:00,1.004084586086467,False
2022-04-06 05:20:00,,False
2022-04-06 05:30:00,1.1496067173323439,False
2022-04-06 05:40:00,1.1504006540880756,False
2022-04-06 05:50:00,0.9362764223732708,False
2022-04-06 06:00:00,1.1573408811075476,False
2022-04-06 06:10:00,0.9339743782246339,False
2022-04-06 06:20:00,1.2500606786030732,False
2022-04-06 06:30:00,0.9100178216316699,False
2022-04-06 06:40:00,1.0790499333907635,False
2022-04-06 06:50:00,1.115708880125306,False
2022-04-06 07:00:00,0.9649368178049738,False
2022-04-06 07:10:00,1.0366566066793066,False
2022-04-06 07:20:00,1.1117004690814596,False
2022-04-06 07:30:00,1.1272776755880871,False
2022-04-06 07:40:00,1.0141674184103409,False
2022-04-06 07:50:00,1.0990104079690481,False
2022-04-06 08:00:00,1.121024470583978,False
2022-04-06 08:10:00,1.0933947772546337,False
2022-04-06 08:20:00,1.03575525553188,False
2022-04-06 08:30:00,0.9672215351937153,False
2022-04-06 08:40:00,0.8126348359470625,False
2022-04-06 08:50:00,1.0228275500762127,False
2022-04-06 09:00:00,1.0854705103744036,False
2022-04-06 09:10:00,0.9404135050515106,False
2022-04-06 09:20:00,1.0671411528633896,False
2022-04-06 09:30:00,0.9809244381948552,False
2022-04-06 09:40:00,1.231619038212879,False
2022-04-06 09:50:00,0.8551030997744566,False
2022-04-06 10:00:00,0.9362656081410652,False
2022-04-06 10:10:00,0.9345591613949001,False
2022-04-06 10:20:00,0.9206112079986691,False
2022-04-06 10:30:00,0.9112412256072325,False
2022-04-06 10:40:00,0.9688525880357228,False
2022-04-06 10:50:00,1.10509802933035,False
2022-04-06 11:00:00,1.1017634936412617,False
2022-04-06 11:10:00,1.0741923045515778,False
2022-04-06 11:20:00,0.8942692742135331,False
2022-04-06 11:30:00,1.1198888360110437,False
2022-04-06 11:40:00,1.0300901151445472,False
2022-04-06 11:50:00,1.0038383566865783,False
2022-04-06 12:00:00,0.8572416355387945,False
2022-04-06 12:10:00,0.9367304320742627,False
2022-04-06 12:20:00,0.984775493667292,False
2022-04-06 12:30:00,1.1022241947237037,False
2022-04-06 12:40:00,0.8737452050223157,False
2022-04-06 12:50:00,1.084510771591351,False
2022-04-06 13:00:00,,False
2022-04-06 13:10:00,1.1242392691678,False
2022-04-06 13:20:00,1.191921242880556,False
2022-04-06 13:30:00,0.9900676924107543,False
2022-04-06 13:40:00,1.1315034749486195,False
2022-04-06 13:50:00,0.8288982320365774,False
2022-04-06 14:00:00,1.1652510111504901,False
2022-04-06 14:10:00,1.0812155263159753,False
2022-04-06 14:20:00,1.1039071027548513,False
2022-04-06 14:30:00,,False
2022-04-06 14:40:00,0.9103353175604857,False
2022-04-06 14:50:00,0.8932320074577007,False
2022-04-06 15:00:00,1.0392795277767493,False
2022-04-06 15:10:00,0.9127528790608416,False
2022-04-06 15:20:00,,False
2022-04-06 15:30:00,1.0420643354552472,False
2022-04-06 15:40:00,1.0089521018432286,False
2022-04-06 15:50:00,1.0736087239997971,False
2022-04-06 16:00:00,1.0333289565732098,False
2022-04-06 16:10:00,1.0425290698174452,False
2022-04-06 16:20:00,1.1775345435006555,False
2022-04-06 16:30:00,0.9571081757558622,False
2022-04-06 16:40:00,0.962564527053866,False
2022-04-06 16:50:00,1.1063986607981073,False
2022-04-06 17:00:00,0.9416836520474389,False
2022-04-06 17:10:00,1.0480765469077975,False
2022-04-06 17:20:00,0.9736535167349002,False
2022-04-06 17:30:00,,False
2022-04-06 17:40:00,0.992588242051563,False
2022-04-06 17:50:00,0.9000952323745348,False
2022-04-06 18:00:00,1.0919669246573611,False
2022-04-06 18:10:00,1.0259134390838138,False
2022-04-06 18:20:00,1.0078799412699726,False
2022-04-06 18:30:00,1.150124094017711,False
2022-04-06 18:40:00,0.9323444873164015,False
2022-04-06 18:50:00,,False
2022-04-06 19:00:00,1.0628795088276615,False
2022-04-06 19:10:00,1.026702112038441,False
2022-04-06 19:20:00,,False
2022-04-06 19:30:00,1.0980127334000207,False
2022-04-06 19:40:00,0.768654056238243,False
2022-04-06 19:50:00,0.9978223314157153,False
2022-04-06 20:00:00,1.1470569123756984,False
2022-04-06 20:10:00,1.10958443961023,False
2022-04-06 20:20:00,0.962699555602464,False
2022-04-06 20:30:00,1.0336570953948074,False
2022-04-06 20:40:00,1.0435759366820208,False
2022-04-06 20:50:00,1.0310450903317276,False
2022-04-06 21:00:00,1.0067959214311057,False
2022-04-06 21:10:00,0.9327723271945492,False
2022-04-06 21:20:00,0.9651243462383843,False
2022-04-06 21:30:00,0.8844828258128851,False
2022-04-06 21:40:00,0.9497725999558397,False
2022-04-06 21:50:00,0.9572201945748801,False
2022-04-06 22:00:00,0.8455049133430734,False
2022-04-06 22:10:00,1.0495421942428806,False
2022-04-06 22:20:00,0.8077673770297338,False
2022-04-06 22:30:00,1.127896599285441,False
2022-04-06 22:40:00,1.2388182818933346,False
2022-04-06 22:50:00,0.9285807201237608,False
2022-04-06 23:00:00,0.9697004626274683,False
2022-04-06 23:10:00,1.0054091251635207,False
2022-04-06 23:20:00,0.8168865876797168,False
2022-04-06 23:30:00,0.9391524363938218,False
2022-04-06 23:40:00,0.9116090812791064,False
2022-04-06 23:50:00,,False
2022-04-07 00:00:00,1.0703192005862658,False
2022-04-07 00:10:00,1.0470871021138661,False
2022-04-07 00:20:00,1.1549433158615887,False
2022-04-07 00:30:00,0.7954297586636335,False
2022-04-07 00:40:00,0.991205378751319,False
2022-04-07 00:50:00,1.1471286122391349,False
2022-04-07 01:00:00,1.0522353146275898,False
2022-04-07 01:10:00,1.1452298248095516,False
2022-04-07 01:20:00,0.9159770501199322,False
2022-04-07 01:30:00,0.7995329039584055,False
2022-04-07 01:40:00,1.0360076996518781,False
2022-04-07 01:50:00,0.8187980215926581,False
2022-04-07 02:00:00,1.0072692448598592,False
2022-04-07 02:10:00,1.047018439135876,False
2022-04-07 02:20:00,1.143743909335055,False
2022-04-07 02:30:00,0.9622565326914704,False
2022-04-07 02:40:00,1.100328737162335,False
2022-04-07 02:50:00,0.9392651977028705,False
2022-04-07 03:00:00,1.000980891146219,False
2022-04-07 03:10:00,1.0659447764708274,False
2022-04-07 03:20:00,0.9761482803019537,False
2022-04-07 03:30:00,0.9947712544330585,False
2022-04-07 03:40:00,0.9777055053988646,False
2022-04-07 03:50:00,1.0481325738303062,False
2022-04-07 04:00:00,0.9851804368837295,False
2022-04-07 04:10:00,1.241096221408547,False
2022-04-07 04:20:00,0.9937305391162217,False
2022-04-07 04:30:00,0.9627045067771602,False
2022-04-07 04:40:00,0.912572767985807,False
2022-04-07 04:50:00,1.0089145842117353,False
2022-04-07 05:00:00,0.9004345939250056,False
2022-04-07 05:10:00,1.0535016314569596,False
2022-04-07 05:20:00,0.9364290502271102,False
2022-04-07 05:30:00,1.067182052115463,False
2022-04-07 05:40:00,1.0047995674771324,False
2022-04-07 05:50:00,0.9959968214958599,False
2022-04-07 06:00:00,0.8847926283432437,False
2022-04-07 06:10:00,0.8488317205411366,False
2022-04-07 06:20:00,1.0752509739424851,False
2022-04-07 06:30:00,1.0708213300304683,False
2022-04-07 06:40:00,1.0418105647699971,False
2022-04-07 06:50:00,0.9053147275597204,False
2022-04-07 07:00:00,0.9937219259833595,False
2022-04-07 07:10:00,1.0700368168137557,False
2022-04-07 07:20:00,0.8819931298048458,False
2022-04-07 07:30:00,0.9018534209284901,False
2022-04-07 07:40:00,0.9974455238774734,False
2022-04-07 07:50:00,1.1882955120887828,False
2022-04-07 08:00:00,0.9878718697157155,False
2022-04-07 08:10:00,0.9212202019914384,False
2022-04-07 08:20:00,0.9174498195339016,False
2022-04-07 08:30:00,1.06305636804679,False
2022-04-07 08:40:00,0.8045024847971514,False
2022-04-07 08:50:00,1.228125651989312,False
2022-04-07 09:00:00,0.9792992895051112,False
2022-04-07 09:10:00,0.8888771498652749,False
2022-04-07 09:20:00,0.9643965941077204,False
2022-04-07 09:30:00,0.8288089373764326,False
2022-04-07 09:40:00,1.2416668124712493,False
2022-04-07 09:50:00,0.9938084995751534,False
2022-04-07 10:00:00,1.0223089303828374,False
2022-04-07 10:10:00,0.9432748430963059,False
2022-04-07 10:20:00,0.9017585382414727,False
2022-04-07 10:30:00,0.8780943243043332,False
2022-04-07 10:40:00,1.0512452359507818,False
2022-04-07 10:50:00,1.0494172084014524,False
2022-04-07 11:00:00,1.1603244900789362,False
2022-04-07 11:10:00,0.9956032206806437,False
2022-04-07 11:20:00,1.1222024395039736,False
2022-04-07 11:30:00,1.1081125046462355,False
2022-04-07 11:40:00,1.1440125392360665,False
2022-04-07 11:50:00,1.0708083492057816,False
2022-04-07 12:00:00,0.8847105291088238,False
2022-04-07 12:10:00,0.8325075041804478,False
2022-04-07 12:20:00,0.8566191410677422,False
2022-04-07 12:30:00,1.0501600122985346,False
2022-04-07 12:40:00,0.9709634559042537,False
2022-04-07 12:50:00,0.8873696105209321,False
2022-04-07 13:00:00,1.127019594182131,False
2022-04-07 13:10:00,0.8550478347683209,False
2022-04-07 13:20:00,0.9372368454779431,False
2022-04-07 13:30:00,1.0945843309030618,False
2022-04-07 13:40:00,1.0654069301984175,False
2022-04-07 13:50:00,0.9849458612201697,False
2022-04-07 14:00:00,1.1829337605977923,False
2022-04-07 14:10:00,0.9324464674331825,False
2022-04-07 14:20:00,1.0427147289646395,False
2022-04-07 14:30:00,1.150400283423699,False
2022-04-07 14:40:00,0.9774157225954991,False
2022-04-07 14:50:00,1.0238563585060392,False
2022-04-07 15:00:00,0.9391092470679646,False
2022-04-07 15:10:00,,False
2022-04-07 15:20:00,0.9569031243595604,False
2022-04-07 15:30:00,1.0087312643353543,False
2022-04-07 15:40:00,1.1144367566857578,False
2022-04-07 15:50:00,1.0239500904652516,False
2022-04-07 16:00:00,0.9737650448345133,False
2022-04-07 16:10:00,1.1327519742587897,False
2022-04-07 16:20:00,1.1652136456539002,False
2022-04-07 16:30:00,0.9918290194908186,False
2022-04-07 16:40:00,1.1215434167388911,False
2022-04-07 16:50:00,1.0350613689145511,False
2022-04-07 17:00:00,1.2086736177077948,False
2022-04-07 17:10:00,1.0019113630677254,False
2022-04-07 17:20:00,,False
2022-04-07 17:30:00,1.0069657590181216,False
2022-04-07 17:40:00,1.1788082584767845,False
2022-04-07 17:50:00,1.014232030892434,False
2022-04-07 18:00:00,0.9316599651556674,False
2022-04-07 18:10:00,,False
2022-04-07 18:20:00,0.9609567343943982,False
2022-04-07 18:30:00,1.0437670504960248,False
2022-04-07 18:40:00,1.18133896932447,False
2022-04-07 18:50:00,1.0353926774259568,False
2022-04-07 19:00:00,1.0477719941874215,False
2022-04-07 19:10:00,1.0292991525898454,False
2022-04-07 19:20:00,1.1254180370511726,False
2022-04-07 19:30:00,0.8399473615173445,False
2022-04-07 19:40:00,1.1979527458767407,False
2022-04-07 19:50:00,1.1343213616265062,False
2022-04-07 20:00:00,1.040628930846476,False
2022-04-07 20:10:00,0.8715677497115436,False
2022-04-07 20:20:00,0.9422893398481806,False
2022-04-07 20:30:00,1.0646881173438802,False
2022-04-07 20:40:00,1.099150044084603,False
2022-04-07 20:50:00,1.0374161375340505,False
2022-04-07 21:00:00,0.9753553935927858,False
2022-04-07 21:10:00,0.9543134384350547,False
2022-04-07 21:20:00,1.091128858050359,False
2022-04-07 21:30:00,1.1014639064501295,False
2022-04-07 21:40:00,1.088749838296952,False
2022-04-07 21:50:00,0.8415843620897788,False
2022-04-07 22:00:00,1.0365174105595845,False
2022-04-07 22:10:00,0.9580642017937939,False
2022-04-07 22:20:00,0.9707161636346138,False
2022-04-07 22:30:00,1.0843393132225903,False
2022-04-07 22:40:00,1.0170339979938592,False
2022-04-07 22:50:00,1.1234269498831024,False
2022-04-07 23:00:00,,False
2022-04-07 23:10:00,0.84356589287256,False
2022-04-07 23:20:00,0.9490840289466782,False
2022-04-07 23:30:00,1.0879343389736815,False
2022-04-07 23:40:00,0.8651676496145366,False
2022-04-07 23:50:00,1.1854957635553895,False
2022-04-08 00:00:00,0.9302010975198448,False
2022-04-08 00:10:00,1.0670883542873237,False
2022-04-08 00:20:00,1.2201048422119378,False
2022-04-08 00:30:00,1.1458204674585915,False
2022-04-08 00:40:00,1.1469199180961378,False
2022-04-08 00:50:00,0.8854618745415307,False
2022-04-08 01:00:00,1.0298901633718094,False
2022-04-08 01:10:00,1.2605166647631054,False
2022-04-08 01:20:00,0.8210651451606459,False
2022-04-08 01:30:00,1.057233396314289,False
2022-04-08 01:40:00,1.0270334846313447,False
2022-04-08 01:50:00,1.068460569939044,False
2022-04-08 02:00:00,0.9225886724958343,False
2022-04-08 02:10:00,1.0062591789814672,False
2022-04-08 02:20:00,1.1359658791834655,False
2022-04-08 02:30:00,0.8533945006598435,False
2022-04-08 02:40:00,1.0517754196315476,False
2022-04-08 02:50:00,1.0516449008053297,False
2022-04-08 03:00:00,0.9894770987379127,False
2022-04-08 03:10:00,1.061305303736158,False
2022-04-08 03:20:00,1.0827598728909575,False
2022-04-08 03:30:00,1.1298481424943418,False
2022-04-08 03:40:00,0.8824504708456401,False
2022-04-08 03:50:00,0.9211402557555095,False
2022-04-08 04:00:00,1.0364238171872497,False
2022-04-08 04:10:00,1.0175408628697393,False
2022-04-08 04:20:00,0.9455613909897179,False
2022-04-08 04:30:00,1.0688730700399345,False
2022-04-08 04:40:00,1.099283439100009,False
2022-04-08 04:50:00,1.0105963408736158,False
2022-04-08 05:00:00,,False
2022-04-08 05:10:00,,False
2022-04-08 05:20:00,0.8344156117907169,False
2022-04-08 05:30:00,0.9383377853856371,False
2022-04-08 05:40:00,1.0336612051208616,False
2022-04-08 05:50:00,0.9202455143788654,False
2022-04-08 06:00:00,1.037358535616073,False
2022-04-08 06:10:00,0.952872868046107,False
2022-04-08 06:20:00,0.996624327606735,False
2022-04-08 06:30:00,1.1315898798558452,False
2022-04-08 06:40:00,1.0527732910383012,False
2022-04-08 06:50:00,0.9278620118286721,False
2022-04-08 07:00:00,1.0660330459817189,False
2022-04-08 07:10:00,,False
2022-04-08 07:20:00,0.9954949008104277,False
2022-04-08 07:30:00,0.8594510160776014,False
2022-04-08 07:40:00,0.9769968041961914,False
2022-04-08 07:50:00,0.7629541900424449,False
2022-04-08 08:00:00,1.0916951509895048,False
2022-04-08 08:10:00,1.0094119711927685,False
2022-04-08 08:20:00,,False
2022-04-08 08:30:00,1.0192983236709936,False
2022-04-08 08:40:00,,False
2022-04-08 08:50:00,0.9104464803864838,False
2022-04-08 09:00:00,1.245263638028694,False
2022-04-08 09:10:00,0.9723078216999552,False
2022-04-08 09:20:00,1.1612687407864049,False
2022-04-08 09:30:00,0.892723663197095,False
2022-04-08 09:40:00,1.0037822989990308,False
2022-04-08 09:50:00,1.0732499202032157,False
2022-04-08 10:00:00,1.044958170420166,False
2022-04-08 10:10:00,1.0549517233860115,False
2022-04-08 10:20:00,1.1286575738244116,False
2022-04-08 10:30:00,0.848009223851439,False
2022-04-08 10:40:00,1.0294358124673821,False
2022-04-08 10:50:00,0.9526067957702123,False
2022-04-08 11:00:00,0.847708205509756,False
2022-04-08 11:10:00,1.047470889332778,False
2022-04-08 11:20:00,0.9741740981006508,False
2022-04-08 11:30:00,0.8857744893847062,False
2022-04-08 11:40:00,1.010127564425709,False
2022-04-08 11:50:00,,False
2022-04-08 12:00:00,0.9503388400579107,False
2022-04-08 12:10:00,0.974474205177572,False
2022-04-08 12:20:00,0.9155556327745977,False
2022-04-08 12:30:00,1.0559876398784294,False
2022-04-08 12:40:00,0.9601906911534417,False
2022-04-08 12:50:00,1.0616048917598118,False
2022-04-08 13:00:00,0.9572487024260916,False
2022-04-08 13:10:00,1.0938717053771805,False
2022-04-08 13:20:00,0.957897775090046,False
2022-04-08 13:30:00,1.0251369374734811,False
2022-04-08 13:40:00,0.8822380174127468,False
2022-04-08 13:50:00,0.9509169640787108,False
2022-04-08 14:00:00,1.0000654876677066,False
2022-04-08 14:10:00,0.87341387348923,False
2022-04-08 14:20:00,1.0751727931723385,False
2022-04-08 14:30:00,1.2107881312879145,False
2022-04-08 14:40:00,0.9471256877668149,False
2022-04-08 14:50:00,1.059396299565727,False
2022-04-08 15:00:00,0.9147002921140011,False
2022-04-08 15:10:00,0.8461705140396889,False
2022-04-08 15:20:00,1.021622939351554,False
2022-04-08 15:30:00,1.0105042012864498,False
2022-04-08 15:40:00,1.1281430391751128,False
2022-04-08 15:50:00,1.1163299302680953,False
2022-04-08 16:00:00,0.96240331711111,False
2022-04-08 16:10:00,0.783942911589518,False
2022-04-08 16:20:00,0.8985322885372737,False
2022-04-08 16:30:00,0.9446605998837387,False
2022-04-08 16:40:00,0.7405685276368676,False
2022-04-08 16:50:00,1.0230450473062176,False
2022-04-08 17:00:00,1.0577704212060153,False
2022-04-08 17:10:00,0.9176910464540007,False
2022-04-08 17:20:00,1.0096529318293852,False
2022-04-08 17:30:00,0.9873786758733556,False
2022-04-08 17:40:00,1.0839059074264588,False
2022-04-08 17:50:00,1.0527402025478119,False
2022-04-08 18:00:00,1.0592117588649081,False
2022-04-08 18:10:00,1.0335148650804027,False
2022-04-08 18:20:00,,False
2022-04-08 18:30:00,0.8765493153824458,False
2022-04-08 18:40:00,0.9424345381331944,False
2022-04-08 18:50:00,0.8653547780456012,False
2022-04-08 19:00:00,,False
2022-04-08 19:10:00,0.9901039374178906,False
2022-04-08 19:20:00,1.2024847759465507,False
2022-04-08 19:30:00,0.9874965207584697,False
2022-04-08 19:40:00,1.0897889731867516,False
2022-04-08 19:50:00,1.0772360518761603,False
2022-04-08 20:00:00,1.0575497689125646,False
2022-04-08 20:10:00,1.238651005489647,False
2022-04-08 20:20:00,0.7460042326765735,False
2022-04-08 20:30:00,0.9373775455077333,False
2022-04-08 20:40:00,0.9942432658425392,False
2022-04-08 20:50:00,1.0267416241896297,False
2022-04-08 21:00:00,,False
2022-04-08 21:10:00,0.93961511746446,False
2022-04-08 21:20:00,0.9059733565462941,False
2022-04-08 21:30:00,0.9602610713511849,False
2022-04-08 21:40:00,0.8595555232171075,False
2022-04-08 21:50:00,1.176022229760046,False
2022-04-08 22:00:00,1.099522596692192,False
2022-04-08 22:10:00,0.9234724652080037,False
2022-04-08 22:20:00,1.0245366440903403,False
2022-04-08 22:30:00,0.9178259154025215,False
2022-04-08 22:40:00,1.0964679717682837,False
2022-04-08 22:50:00,0.9668328083285689,False
2022-04-08 23:00:00,0.9135487167743973,False
2022-04-08 23:10:00,0.9676809622124202,False
2022-04-08 23:20:00,0.9763089112506733,False
2022-04-08 23:30:00,1.179844246939794,False
2022-04-08 23:40:00,1.1057136073372364,False
2022-04-08 23:50:00,1.078840893523173,False
2022-04-09 00:00:00,0.8443492882029262,False
2022-04-09 00:10:00,0.9839112020363672,False
2022-04-09 00:20:00,1.0484511779833776,False
2022-04-09 00:30:00,0.9297766946338669,False
2022-04-09 00:40:00,1.0596361541858426,False
2022-04-09 00:50:00,1.0072886702141475,False
2022-04-09 01:00:00,0.9457313518014363,False
2022-04-09 01:10:00,0.9441246459564664,False
2022-04-09 01:20:00,1.1851072790559452,False
2022-04-09 01:30:00,,False
2022-04-09 01:40:00,1.0252263756996793,False
2022-04-09 01:50:00,1.1174229249489909,False
2022-04-09 02:00:00,0.9036126232990459,False
2022-04-09 02:10:00,1.1381183575993004,False
2022-04-09 02:20:00,1.0667067542913933,False
2022-04-09 02:30:00,0.9858735795625387,False
2022-04-09 02:40:00,1.138380224716398,False
2022-04-09 02:50:00,1.0095717019199144,False
2022-04-09 03:00:00,1.12742041133516,False
2022-04-09 03:10:00,1.1264898654601352,False
2022-04-09 03:20:00,1.0993894789844325,False
2022-04-09 03:30:00,1.0704086618669848,False
2022-04-09 03:40:00,0.9680575289597156,False
2022-04-09 03:50:00,1.0346555371315644,False
2022-04-09 04:00:00,0.8584080178731648,False
2022-04-09 04:10:00,0.8823513486697698,False
2022-04-09 04:20:00,1.2608817640711352,False
2022-04-09 04:30:00,1.1995609640818816,False
2022-04-09 04:40:00,1.0122742796435487,False
2022-04-09 04:50:00,0.8675219897189254,False
2022-04-09 05:00:00,1.2982583706238768,False
2022-04-09 05:10:00,1.0217989544307748,False
2022-04-09 05:20:00,,False
2022-04-09 05:30:00,1.0163881451754087,False
2022-04-09 05:40:00,0.9895537258469921,False
2022-04-09 05:50:00,0.7839709620321458,False
2022-04-09 06:00:00,0.9109913931993996,False
2022-04-09 06:10:00,1.0715316221808218,False
2022-04-09 06:20:00,1.1465013126085741,False
2022-04-09 06:30:00,1.0798714399412368,False
2022-04-09 06:40:00,0.9980599260347564,False
2022-04-09 06:50:00,0.88835741982762,False
2022-04-09 07:00:00,1.0149875347152668,False
2022-04-09 07:10:00,1.0239922617294215,False
2022-04-09 07:20:00,1.036355318401613,False
2022-04-09 07:30:00,1.018237058470562,False
2022-04-09 07:40:00,,False
2022-04-09 07:50:00,1.1243825505047496,False
2022-04-09 08:00:00,0.9824235180595927,False
2022-04-09 08:10:00,1.1179419950720564,False
2022-04-09 08:20:00,1.1449142829507188,False
2022-04-09 08:30:00,0.8631250416684316,False
2022-04-09 08:40:00,1.0408355122607744,False
2022-04-09 08:50:00,0.9635386396768134,False
2022-04-09 09:00:00,1.0460067759062472,False
2022-04-09 09:10:00,,False
2022-04-09 09:20:00,1.077968288436131,False
2022-04-09 09:30:00,1.12881243048771,False
2022-04-09 09:40:00,1.0639829552137596,False
2022-04-09 09:50:00,0.7334360248566567,False
2022-04-09 10:00:00,1.164296050298674,False
2022-04-09 10:10:00,0.9321232136764563,False
2022-04-09 10:20:00,0.9919778579205972,False
2022-04-09 10:30:00,1.101735761655253,False
2022-04-09 10:40:00,0.8778002001738128,False
2022-04-09 10:50:00,1.1063374813703615,False
2022-04-09 11:00:00,0.990038886727921,False
2022-04-09 11:10:00,1.0562498697392975,False
2022-04-09 11:20:00,1.0460520818450514,False
2022-04-09 11:30:00,,False
2022-04-09 11:40:00,0.8901220141301396,False
2022-04-09 11:50:00,1.0453568930237194,False
2022-04-09 12:00:00,1.2733411126964602,False
2022-04-09 12:10:00,0.8965581892560275,False
2022-04-09 12:20:00,1.0435758996786766,False
2022-04-09 12:30:00,1.1430280753022966,False
2022-04-09 12:40:00,1.030410463872082,False
2022-04-09 12:50:00,0.8451993088762616,False
2022-04-09 13:00:00,0.8693888517915128,False
2022-04-09 13:10:00,1.0892294247793994,False
2022-04-09 13:20:00,1.112151414792401,False
2022-04-09 13:30:00,0.9469654055620238,False
2022-04-09 13:40:00,0.9964364018432768,False
2022-04-09 13:50:00,0.9848597779637531,False
2022-04-09 14:00:00,1.0031768478035932,False
2022-04-09 14:10:00,0.9278614655479609,False
2022-04-09 14:20:00,1.0755502364537624,False
2022-04-09 14:30:00,0.7851914591807435,False
2022-04-09 14:40:00,0.8732875873059412,False
2022-04-09 14:50:00,,False
2022-04-09 15:00:00,0.9159816572825081,False
2022-04-09 15:10:00,0.9161683618108711,False
2022-04-09 15:20:00,1.0658081666614854,False
2022-04-09 15:30:00,1.1173734345720756,False
2022-04-09 15:40:00,1.0036665457039948,False
2022-04-09 15:50:00,1.0089076191465658,False
2022-04-09 16:00:00,0.9730190776316443,False
2022-04-09 16:10:00,0.9130325813803506,False
2022-04-09 16:20:00,0.973936909560283,False
2022-04-09 16:30:00,1.0397195994970476,False
2022-04-09 16:40:00,0.9500061202016656,False
2022-04-09 16:50:00,0.9864059455185195,False
2022-04-09 17:00:00,1.0883146281525768,False
2022-04-09 17:10:00,0.9631648046133625,False
2022-04-09 17:20:00,1.0743390068711343,False
2022-04-09 17:30:00,1.097975442343008,False
2022-04-09 17:40:00,0.9009425894906269,False
2022-04-09 17:50:00,0.9243917664113385,False
2022-04-09 18:00:00,0.9682418325278892,False
2022-04-09 18:10:00,1.0884271686866467,False
2022-04-09 18:20:00,,False
2022-04-09 18:30:00,1.0304973054312816,False
2022-04-09 18:40:00,1.015950265126976,False
2022-04-09 18:50:00,0.7426134940746484,False
2022-04-09 19:00:00,0.8757768879201191,False
2022-04-09 19:10:00,1.0236862249324588,False
2022-04-09 19:20:00,0.9071973576804835,False
2022-04-09 19:30:00,0.8325076247228429,False
2022-04-09 19:40:00,0.9611202905238504,False
2022-04-09 19:50:00,0.9267301530324468,False
2022-04-09 20:00:00,0.8357153496753977,False
2022-04-09 20:10:00,1.1041442102951529,False
2022-04-09 20:20:00,1.2030696915147194,False
2022-04-09 20:30:00,0.969947043010659,False
2022-04-09 20:40:00,0.8893903015674143,False
2022-04-09 20:50:00,1.1127649057722648,False
2022-04-09 21:00:00,0.9081028233999716,False
2022-04-09 21:10:00,0.9121682216684985,False
2022-04-09 21:20:00,1.0390445576932155,False
2022-04-09 21:30:00,1.041547163225642,False
2022-04-09 21:40:00,0.9994279900755192,False
2022-04-09 21:50:00,1.0889589717185693,False
2022-04-09 22:00:00,0.7812091769817575,False
2022-04-09 22:10:00,1.1311971253323705,False
2022-04-09 22:20:00,,False
2022-04-09 22:30:00,0.9925969651682889,False
2022-04-09 22:40:00,1.1250330334098655,False
2022-04-09 22:50:00,1.0667516688889678,False
2022-04-09 23:00:00,1.0904221522776771,False
2022-04-09 23:10:00,1.0930134688764594,False
2022-04-09 23:20:00,1.0949586167290246,False
2022-04-09 23:30:00,1.116213864659689,False
2022-04-09 23:40:00,0.8308966071711337,False
2022-04-09 23:50:00,1.0480285929456379,False
2022-04-10 00:00:00,1.0094419682233293,False
2022-04-10 00:10:00,0.9896787292985914,False
2022-04-10 00:20:00,0.9625152033622401,False
2022-04-10 00:30:00,0.9062716051686812,False
2022-04-10 00:40:00,0.9954978081780661,False
2022-04-10 00:50:00,0.8459012677854324,False
2022-04-10 01:00:00,0.9784434335510296,False
2022-04-10 01:10:00,1.063518596968034,False
2022-04-10 01:20:00,0.9961720970901758,False
2022-04-10 01:30:00,0.9533057844136611,False
2022-04-10 01:40:00,0.9230951869939407,False
2022-04-10 01:50:00,1.1174752308865958,False
2022-04-10 02:00:00,0.954242760223786,False
2022-04-10 02:10:00,1.0246308964379727,False
2022-04-10 02:20:00,0.9034873738473532,False
2022-04-10 02:30:00,0.9560882184132665,False
2022-04-10 02:40:00,0.9977420990193929,False
2022-04-10 02:50:00,0.9278641221005719,False
2022-04-10 03:00:00,0.923484231554502,False
2022-04-10 03:10:00,0.8712110252634614,False
2022-04-10 03:20:00,,False
2022-04-10 03:30:00,0.7963119309571836,False
2022-04-10 03:40:00,0.9618997804968081,False
2022-04-10 03:50:00,1.071568462572594,False
2022-04-10 04:00:00,1.0614506467084954,False
2022-04-10 04:10:00,1.0157385026336168,False
2022-04-10 04:20:00,1.1595291856916468,False
2022-04-10 04:30:00,1.0155040664705246,False
2022-04-10 04:40:00,1.0201574301344214,False
2022-04-10 04:50:00,0.9362378059159082,False
2022-04-10 05:00:00,0.9376672158992616,False
2022-04-10 05:10:00,0.9168245783461437,False
2022-04-10 05:20:00,0.9745091991404969,False
2022-04-10 05:30:00,0.8901800272318859,False
2022-04-10 05:40:00,0.9663191108281689,False
2022-04-10 05:50:00,1.0617235502191817,False
2022-04-10 06:00:00,0.7922491069761979,False
2022-04-10 06:10:00,0.8730553844771027,False
2022-04-10 06:20:00,0.8529459800987473,False
2022-04-10 06:30:00,0.8210231028145312,False
2022-04-10 06:40:00,0.8215683383325687,False
2022-04-10 06:50:00,1.1172472646332046,False
2022-04-10 07:00:00,0.9099250018289383,False
2022-04-10 07:10:00,0.8544268573972161,False
2022-04-10 07:20:00,0.9240665681605433,False
2022-04-10 07:30:00,1.0871440771715655,False
2022-04-10 07:40:00,,False
2022-04-10 07:50:00,1.1457142338466462,False
2022-04-10 08:00:00,1.0640106104406932,False
2022-04-10 08:10:00,1.0523732073701555,False
2022-04-10 08:20:00,0.8406870391267118,False
2022-04-10 08:30:00,1.0608081007638717,False
2022-04-10 08:40:00,,False
2022-04-10 08:50:00,0.9501248808030229,False
2022-04-10 09:00:00,0.9767085328555364,False
2022-04-10 09:10:00,1.0042290297509477,False
2022-04-10 09:20:00,1.0027801451948877,False
2022-04-10 09:30:00,1.1101198938781702,False
2022-04-10 09:40:00,1.0012637713692107,False
2022-04-10 09:50:00,0.8907957179613388,False
2022-04-10 10:00:00,0.8113597953407916,False
2022-04-10 10:10:00,1.002432716335717,False
2022-04-10 10:20:00,1.0423977777933446,False
2022-04-10 10:30:00,1.0789245737543764,False
2022-04-10 10:40:00,1.011406630926416,False
2022-04-10 10:50:00,1.100033859693973,False
2022-04-10 11:00:00,0.8700227314110086,False
2022-04-10 11:10:00,0.9293237128296356,False
2022-04-10 11:20:00,1.2051317150449035,False
2022-04-10 11:30:00,1.099021788053036,False
2022-04-10 11:40:00,1.0426768252372134,False
2022-04-10 11:50:00,0.9930111358616575,False
2022-04-10 12:00:00,0.957969197366648,False
2022-04-10 12:10:00,0.9958434791619951,False
2022-04-10 12:20:00,0.8415128005303106,False
2022-04-10 12:30:00,0.9015398288353009,False
2022-04-10 12:40:00,0.8514833156783495,False
2022-04-10 12:50:00,0.8900484509497026,False
2022-04-10 13:00:00,1.0084468426022632,False
2022-04-10 13:10:00,1.0707006914517556,False
2022-04-10 13:20:00,0.9754774132987265,False
2022-04-10 13:30:00,0.9312341575473772,False
2022-04-10 13:40:00,0.9978903621919991,False
2022-04-10 13:50:00,1.155532673448617,False
2022-04-10 14:00:00,0.9118648312367924,False
2022-04-10 14:10:00,1.088031260530347,False
2022-04-10 14:20:00,0.8268970969712578,False
2022-04-10 14:30:00,,False
2022-04-10 14:40:00,1.1024161611510719,False
2022-04-10 14:50:00,0.9259038520550185,False
2022-04-10 15:00:00,0.9241938859541563,False
2022-04-10 15:10:00,0.7768105686593263,False
2022-04-10 15:20:00,0.9015436981357547,False
2022-04-10 15:30:00,0.9906369018867849,False
2022-04-10 15:40:00,1.125604144639891,False
2022-04-10 15:50:00,1.15047965441935,False
2022-04-10 16:00:00,1.1087358993860037,False
2022-04-10 16:10:00,,False
2022-04-10 16:20:00,,False
2022-04-10 16:30:00,1.0805537213465868,False
2022-04-10 16:40:00,0.9830461413131707,False
2022-04-10 16:50:00,0.8644257943501801,False
2022-04-10 17:00:00,0.9486547552157589,False
2022-04-10 17:10:00,1.0702131861620938,False
2022-04-10 17:20:00,0.9454338987040322,False
2022-04-10 17:30:00,1.0335388090603994,False
2022-04-10 17:40:00,0.9569517024662213,False
2022-04-10 17:50:00,1.0651456495269294,False
2022-04-10 18:00:00,0.8850708491467278,False
2022-04-10 18:10:00,1.1019149754992774,False
2022-04-10 18:20:00,0.8535730418084704,False
2022-04-10 18:30:00,0.9791395460762649,False
2022-04-10 18:40:00,0.947580549033292,False
2022-04-10 18:50:00,0.9774505877053554,False
2022-04-10 19:00:00,1.0889333191917308,False
2022-04-10 19:10:00,0.8851190897344853,False
2022-04-10 19:20:00,1.0253894566236343,False
2022-04-10 19:30:00,1.0838919319440872,False
2022-04-10 19:40:00,0.9359399469793518,False
2022-04-10 19:50:00,1.0877532539498644,False
2022-04-10 20:00:00,0.9583645995209039,False
2022-04-10 20:10:00,0.8780305741069585,False
2022-04-10 20:20:00,1.0868830028299579,False
2022-04-10 20:30:00,0.8805950595928503,False
2022-04-10 20:40:00,0.9624372932458848,False
2022-04-10 20:50:00,1.0265502929929802,False
2022-04-10 21:00:00,0.9351514024084163,False
2022-04-10 21:10:00,1.1357406362589222,False
2022-04-10 21:20:00,1.0826879605613566,False
2022-04-10 21:30:00,,False
2022-04-10 21:40:00,0.9304951834535676,False
2022-04-10 21:50:00,0.8862856533879264,False
2022-04-10 22:00:00,0.9363959088281832,False
2022-04-10 22:10:00,1.029243559625502,False
2022-04-10 22:20:00,1.0704060710992396,False
2022-04-10 22:30:00,0.9830663033301934,False
2022-04-10 22:40:00,0.9838775699782003,False
2022-04-10 22:50:00,0.9964158397506483,False
2022-04-10 23:00:00,1.122209370525315,False
2022-04-10 23:10:00,1.1048780459440128,False
2022-04-10 23:20:00,0.9119235432476837,False
2022-04-10 23:30:00,0.9034107069718056,False
2022-04-10 23:40:00,0.9977293513058312,False
2022-04-10 23:50:00,0.9283982370567374,False
2022-04-11 00:00:00,1.0403505142062384,False
2022-04-11 00:10:00,0.9601108170492032,False
2022-04-11 00:20:00,1.0603113198661487,False
2022-04-11 00:30:00,1.0298251824944897,False
2022-04-11 00:40:00,0.9802086632726354,False
2022-04-11 00:50:00,0.802610897455901,False
2022-04-11 01:00:00,,False
2022-04-11 01:10:00,0.9952369928095182,False
2022-04-11 01:20:00,0.8633443622102552,False
2022-04-11 01:30:00,0.8499125672789792,False
2022-04-11 01:40:00,0.9784979643682692,False
2022-04-11 01:50:00,0.8222530629907229,False
2022-04-11 02:00:00,1.1493677077767126,False
2022-04-11 02:10:00,0.9481595232024622,False
2022-04-11 02:20:00,1.0630437351829836,False
2022-04-11 02:30:00,0.8893789625063773,False
2022-04-11 02:40:00,0.9003493504198943,False
2022-04-11 02:50:00,0.8345363548882858,False
2022-04-11 03:00:00,0.9405147392687985,False
2022-04-11 03:10:00,1.1024488733898739,False
2022-04-11 03:20:00,0.983244282545735,False
2022-04-11 03:30:00,0.9769379182813949,False
2022-04-11 03:40:00,0.8788642857375673,False
2022-04-11 03:50:00,,False
2022-04-11 04:00:00,0.8928971927836049,False
2022-04-11 04:10:00,1.1248303663566983,False
2022-04-11 04:20:00,1.1252618463943105,False
2022-04-11 04:30:00,1.0876492415822174,False
2022-04-11 04:40:00,1.0111011297271864,False
2022-04-11 04:50:00,0.8485877614849469,False
2022-04-11 05:00:00,0.9017637229835557,False
2022-04-11 05:10:00,1.016665251862201,False
2022-04-11 05:20:00,0.9536350994141141,False
2022-04-11 05:30:00,0.9863528968561716,False
2022-04-11 05:40:00,0.9235629714893271,False
2022-04-11 05:50:00,0.8680194526537853,False
2022-04-11 06:00:00,0.7972274688919476,False
2022-04-11 06:10:00,1.1696765044396655,False
2022-04-11 06:20:00,1.0357270395560103,False
2022-04-11 06:30:00,1.0080111189356664,False
2022-04-11 06:40:00,0.9160562721191338,False
2022-04-11 06:50:00,0.9913387871522359,False
2022-04-11 07:00:00,0.8757143641992995,False
2022-04-11 07:10:00,0.9229881979742864,False
2022-04-11 07:20:00,0.8771315125056875,False
2022-04-11 07:30:00,1.191470337358004,False
2022-04-11 07:40:00,1.0738958762091282,False
2022-04-11 07:50:00,,False
2022-04-11 08:00:00,1.0210649112245664,False
2022-04-11 08:10:00,0.929214596921162,False
2022-04-11 08:20:00,,False
2022-04-11 08:30:00,0.9204436601216635,False
2022-04-11 08:40:00,0.9836877274661283,False
2022-04-11 08:50:00,1.0409024365997408,False
2022-04-11 09:00:00,1.0151417134841045,False
2022-04-11 09:10:00,0.9603781461380537,False
2022-04-11 09:20:00,0.9034382931731275,False
2022-04-11 09:30:00,1.266255249242214,False
2022-04-11 09:40:00,0.960515137435281,False
2022-04-11 09:50:00,1.049486475102802,False
2022-04-11 10:00:00,0.966433524907504,False
2022-04-11 10:10:00,1.0775543538054044,False
2022-04-11 10:20:00,1.1224401574874705,False
2022-04-11 10:30:00,0.9654044238839399,False
2022-04-11 10:40:00,1.035354642906068,False
2022-04-11 10:50:00,,False
2022-04-11 11:00:00,1.0884661552495103,False
2022-04-11 11:10:00,0.8705067758997379,False
2022-04-11 11:20:00,1.1170241311962015,False
2022-04-11 11:30:00,0.8985936540339525,False
2022-04-11 11:40:00,0.9765655518675164,False
2022-04-11 11:50:00,,False
2022-04-11 12:00:00,0.9051958371385858,False
2022-04-11 12:10:00,1.0422556219984385,False
2022-04-11 12:20:00,1.0217219660797272,False
2022-04-11 12:30:00,0.9649155698311213,False
2022-04-11 12:40:00,0.8452088480254685,False
2022-04-11 12:50:00,1.0135195933730943,False
2022-04-11 13:00:00,1.0675881052629848,False
2022-04-11 13:10:00,0.8651920191021615,False
2022-04-11 13:20:00,1.1984101304297128,False
2022-04-11 13:30:00,1.1873363588437624,False
2022-04-11 13:40:00,1.0587821152494685,False
2022-04-11 13:50:00,0.9264182706589483,False
2022-04-11 14:00:00,1.0216394155764603,False
2022-04-11 14:10:00,0.8428280796999115,False
2022-04-11 14:20:00,1.0904817477141837,False
2022-04-11 14:30:00,0.77333656973951,False
2022-04-11 14:40:00,1.036739196625425,False
2022-04-11 14:50:00,1.098769317795425,False
2022-04-11 15:00:00,1.0341156463320478,False
2022-04-11 15:10:00,1.2508375391205162,False
2022-04-11 15:20:00,0.9790882185929803,False
2022-04-11 15:30:00,0.9205032453872084,False
2022-04-11 15:40:00,1.0741072214596734,False
2022-04-11 15:50:00,0.9779861357237428,False
2022-04-11 16:00:00,1.0192874949037265,False
2022-04-11 16:10:00,1.0186919147040245,False
2022-04-11 16:20:00,1.0061001025244227,False
2022-04-11 16:30:00,1.0047697467732852,False
2022-04-11 16:40:00,0.9875498968712085,False
2022-04-11 16:50:00,,False
2022-04-11 17:00:00,0.8086230157348404,False
2022-04-11 17:10:00,0.9885251190811346,False
2022-04-11 17:20:00,0.9344141710758995,False
2022-04-11 17:30:00,1.0562397174320204,False
2022-04-11 17:40:00,1.0355100751117157,False
2022-04-11 17:50:00,1.1853680754820313,False
2022-04-11 18:00:00,1.0480368205575359,False
2022-04-11 18:10:00,,False
2022-04-11 18:20:00,1.1992390961142911,False
2022-04-11 18:30:00,1.0087077642222213,False
2022-04-11 18:40:00,0.8739065327789841,False
2022-04-11 18:50:00,0.9673748610554462,False
2022-04-11 19:00:00,0.9472060028352686,False
2022-04-11 19:10:00,0.9610576246846291,False
2022-04-11 19:20:00,1.1597508705264978,False
2022-04-11 19:30:00,1.1148464386373484,False
2022-04-11 19:40:00,0.9865903129639138,False
2022-04-11 19:50:00,1.0436250457997376,False
2022-04-11 20:00:00,,False
2022-04-11 20:10:00,0.939901164635379,False
2022-04-11 20:20:00,0.7585681758466652,False
2022-04-11 20:30:00,1.1543102289196272,False
2022-04-11 20:40:00,1.0368992401103734,False
2022-04-11 20:50:00,0.9714602565652565,False
2022-04-11 21:00:00,0.998252269395577,False
2022-04-11 21:10:00,0.9052248046413384,False
2022-04-11 21:20:00,1.0018933070998732,False
2022-04-11 21:30:00,0.8571672872365126,False
2022-04-11 21:40:00,1.2345640851210742,False
2022-04-11 21:50:00,,False
2022-04-11 22:00:00,,False
2022-04-11 22:10:00,1.0880651504499699,False
2022-04-11 22:20:00,1.0541157333536968,False
2022-04-11 22:30:00,0.9589194677526031,False
2022-04-11 22:40:00,1.0913379572732096,False
2022-04-11 22:50:00,1.1388932500595117,False
2022-04-11 23:00:00,1.074692751587244,False
2022-04-11 23:10:00,0.89563532310384,False
2022-04-11 23:20:00,0.979706268319991,False
2022-04-11 23:30:00,1.1267554833105229,False
2022-04-11 23:40:00,0.9907666311025753,False
2022-04-11 23:50:00,1.0318474258903645,False
2022-04-12 00:00:00,0.9588187242361174,False
2022-04-12 00:10:00,1.0176569029945022,False
2022-04-12 00:20:00,1.1563449576803442,False
2022-04-12 00:30:00,0.9602179055915544,False
2022-04-12 00:40:00,0.7982205119972747,False
2022-04-12 00:50:00,1.0853772585979249,False
2022-04-12 01:00:00,1.0203019799084614,False
2022-04-12 01:10:00,1.0510879616621862,False
2022-04-12 01:20:00,1.2328819521247423,False
2022-04-12 01:30:00,0.939276955139699,False
2022-04-12 01:40:00,1.0066875753543898,False
2022-04-12 01:50:00,1.1650165290489285,False
2022-04-12 02:00:00,0.9632758257446292,False
2022-04-12 02:10:00,1.098745993130504,False
2022-04-12 02:20:00,1.2606719153664363,False
2022-04-12 02:30:00,1.1131670144661079,False
2022-04-12 02:40:00,1.0108148558569416,False
2022-04-12 02:50:00,1.0423324885422405,False
2022-04-12 03:00:00,,False
2022-04-12 03:10:00,1.1710540156619893,False
2022-04-12 03:20:00,0.9604633273985193,False
2022-04-12 03:30:00,0.9058049689449543,False
2022-04-12 03:40:00,1.0176647746362024,False
2022-04-12 03:50:00,0.913609171570041,False
2022-04-12 04:00:00,0.7853767597351694,False
2022-04-12 04:10:00,0.9094321748683941,False
2022-04-12 04:20:00,0.9568332333520081,False
2022-04-12 04:30:00,0.9393942108490486,False
2022-04-12 04:40:00,0.9427177909317903,False
2022-04-12 04:50:00,0.9378142411665776,False
2022-04-12 05:00:00,1.0129549213730027,False
2022-04-12 05:10:00,1.0368060989535834,False
2022-04-12 05:20:00,1.1760171775150823,False
2022-04-12 05:30:00,1.0493842149371264,False
2022-04-12 05:40:00,1.033828966139471,False
2022-04-12 05:50:00,1.0515504143754468,False
2022-04-12 06:00:00,1.0057523676525997,False
2022-04-12 06:10:00,1.0300295454094472,False
2022-04-12 06:20:00,1.04986181018544,False
2022-04-12 06:30:00,0.9851904728210141,False
2022-04-12 06:40:00,0.894079422238247,False
2022-04-12 06:50:00,1.0160839755149411,False
2022-04-12 07:00:00,0.8946494043941863,False
2022-04-12 07:10:00,1.0028640560184394,False
2022-04-12 07:20:00,0.995253807262194,False
2022-04-12 07:30:00,0.8783952136108113,False
2022-04-12 07:40:00,0.981904670817319,False
2022-04-12 07:50:00,0.8608453832494313,False
2022-04-12 08:00:00,1.0679036238160393,False
2022-04-12 08:10:00,1.1249959976820532,False
2022-04-12 08:20:00,0.9996697192741546,False
2022-04-12 08:30:00,0.9369206150218381,False
2022-04-12 08:40:00,1.045384124152926,False
2022-04-12 08:50:00,1.1432872836074135,False
2022-04-12 09:00:00,0.9827284235522162,False
2022-04-12 09:10:00,0.9091435664262024,False
2022-04-12 09:20:00,,False
2022-04-12 09:30:00,0.9335599023332786,False
2022-04-12 09:40:00,1.1194067793821643,False
2022-04-12 09:50:00,0.9871339248118306,False
2022-04-12 10:00:00,1.075986185012841,False
2022-04-12 10:10:00,0.8407862083109483,False
2022-04-12 10:20:00,0.969885213721124,False
2022-04-12 10:30:00,1.0081931857127018,False
2022-04-12 10:40:00,0.9830624364146611,False
2022-04-12 10:50:00,0.9513430780434252,False
2022-04-12 11:00:00,1.051477590003605,False
2022-04-12 11:10:00,1.123900151221926,False
2022-04-12 11:20:00,1.1136773466590695,False
2022-04-12 11:30:00,1.0130656337257204,False
2022-04-12 11:40:00,1.0435603263864823,False
2022-04-12 11:50:00,0.9674040155884366,False
2022-04-12 12:00:00,,False
2022-04-12 12:10:00,1.021209445208602,False
2022-04-12 12:20:00,1.0073236252694613,False
2022-04-12 12:30:00,0.9591206976398479,False
2022-04-12 12:40:00,0.9116904088051733,False
2022-04-12 12:50:00,0.7827106435371586,False
2022-04-12 13:00:00,1.023173254430777,False
2022-04-12 13:10:00,1.0361033991857422,False
2022-04-12 13:20:00,0.9069707912996872,False
2022-04-12 13:30:00,0.9794385875263129,False
2022-04-12 13:40:00,1.106421371582638,False
2022-04-12 13:50:00,0.9030422841735317,False
2022-04-12 14:00:00,1.1164601445268891,False
2022-04-12 14:10:00,1.067979171850972,False
2022-04-12 14:20:00,0.9852109894075116,False
2022-04-12 14:30:00,1.000567939115553,False
2022-04-12 14:40:00,0.9661747544988407,False
2022-04-12 14:50:00,,False
2022-04-12 15:00:00,0.9906709948201254,False
2022-04-12 15:10:00,0.9821284304811628,False
2022-04-12 15:20:00,1.1473117745791737,False
2022-04-12 15:30:00,1.086825466517497,False
2022-04-12 15:40:00,1.0921000601879383,False
2022-04-12 15:50:00,1.0669339623311034,False
2022-04-12 16:00:00,0.9221474199109869,False
2022-04-12 16:10:00,0.9876438019745598,False
2022-04-12 16:20:00,0.9126978571863943,False
2022-04-12 16:30:00,1.137611182196751,False
2022-04-12 16:40:00,1.1333094220945343,False
2022-04-12 16:50:00,0.976066987176239,False
2022-04-12 17:00:00,1.00489894086036,False
2022-04-12 17:10:00,1.0761764641957545,False
2022-04-12 17:20:00,1.017652216021346,False
2022-04-12 17:30:00,0.8714989574065686,False
2022-04-12 17:40:00,1.013236114529353,False
2022-04-12 17:50:00,1.121825292366887,False
2022-04-12 18:00:00,0.8682636635062844,False
2022-04-12 18:10:00,1.0130596622888115,False
2022-04-12 18:20:00,0.9739648245418274,False
2022-04-12 18:30:00,1.0097785251453515,False
2022-04-12 18:40:00,0.8558059729462968,False
2022-04-12 18:50:00,1.0192321157734814,False
2022-04-12 19:00:00,1.1877708508115352,False
2022-04-12 19:10:00,1.096807710106479,False
2022-04-12 19:20:00,0.8239134169646217,False
2022-04-12 19:30:00,1.0112538007614287,False
2022-04-12 19:40:00,1.106434437867454,False
2022-04-12 19:50:00,1.0287926939890975,False
2022-04-12 20:00:00,1.0224526526676743,False
2022-04-12 20:10:00,1.1037959504082304,False
2022-04-12 20:20:00,0.8610890310940056,False
2022-04-12 20:30:00,0.9914589552042159,False
2022-04-12 20:40:00,1.0770685453750948,False
2022-04-12 20:50:00,1.01801935717463,False
2022-04-12 21:00:00,0.9737708831185016,False
2022-04-12 21:10:00,1.1101021792616104,False
2022-04-12 21:20:00,0.914794550585995,False
2022-04-12 21:30:00,0.9013081910283967,False
2022-04-12 21:40:00,1.0845727432085193,False
2022-04-12 21:50:00,0.97628686068128,False
2022-04-12 22:00:00,0.931192368208107,False
2022-04-12 22:10:00,0.9745084935718186,False
2022-04-12 22:20:00,0.8905082305716003,False
2022-04-12 22:30:00,1.2215293771540452,False
2022-04-12 22:40:00,0.9265532180667007,False
2022-04-12 22:50:00,0.988311559768823,False
2022-04-12 23:00:00,,False
2022-04-12 23:10:00,1.0045916411657971,False
2022-04-12 23:20:00,1.0282439739788507,False
2022-04-12 23:30:00,,False
2022-04-12 23:40:00,0.8294960492396927,False
2022-04-12 23:50:00,1.2151148661823243,False
2022-04-13 00:00:00,1.0758339107683053,False
2022-04-13 00:10:00,1.1201521937855896,False
2022-04-13 00:20:00,0.9926415090575227,False
2022-04-13 00:30:00,1.166341993460505,False
2022-04-13 00:40:00,1.0159956514747364,False
2022-04-13 00:50:00,0.9968371352594328,False
2022-04-13 01:00:00,0.8565619680534035,False
2022-04-13 01:10:00,0.9630589370697575,False
2022-04-13 01:20:00,1.0078284680512437,False
2022-04-13 01:30:00,0.8336913288149953,False
2022-04-13 01:40:00,0.9531062438715562,False
2022-04-13 01:50:00,1.0053637197122205,False
2022-04-13 02:00:00,0.8442551093566218,False
2022-04-13 02:10:00,1.106466306331681,False
2022-04-13 02:20:00,0.9165652872809578,False
2022-04-13 02:30:00,0.897970332904898,False
2022-04-13 02:40:00,0.994029726902275,False
2022-04-13 02:50:00,0.8978207543831221,False
2022-04-13 03:00:00,1.0129934043522177,False
2022-04-13 03:10:00,0.9154547392595807,False
2022-04-13 03:20:00,,False
2022-04-13 03:30:00,0.9930514085276079,False
2022-04-13 03:40:00,0.9942968196905614,False
2022-04-13 03:50:00,0.9395093615065288,False
2022-04-13 04:00:00,1.0304691377741877,False
2022-04-13 04:10:00,1.184651478605049,False
2022-04-13 04:20:00,1.000805941743936,False
2022-04-13 04:30:00,0.9472898755569795,False
2022-04-13 04:40:00,0.9880165409288891,False
2022-04-13 04:50:00,1.2294277204507633,False
2022-04-13 05:00:00,1.0439918516109035,False
2022-04-13 05:10:00,0.885826357535239,False
2022-04-13 05:20:00,1.033797894961489,False
2022-04-13 05:30:00,,False
2022-04-13 05:40:00,0.9114176768006043,False
2022-04-13 05:50:00,0.8974843243074337,False
2022-04-13 06:00:00,1.0130455886046756,False
2022-04-13 06:10:00,0.900411877246543,False
2022-04-13 06:20:00,0.9021814190739776,False
2022-04-13 06:30:00,1.0330795967291764,False
2022-04-13 06:40:00,0.8844668174145728,False
2022-04-13 06:50:00,1.1008189185788821,False
2022-04-13 07:00:00,,False
2022-04-13 07:10:00,0.9192145222461766,False
2022-04-13 07:20:00,1.0221709377582566,False
2022-04-13 07:30:00,0.8560774211792672,False
2022-04-13 07:40:00,0.9247094438719091,False
2022-04-13 07:50:00,1.0039790132957966,False
2022-04-13 08:00:00,0.9136165501528004,False
2022-04-13 08:10:00,0.8838106746496698,False
2022-04-13 08:20:00,1.0895643027652733,False
2022-04-13 08:30:00,,False
2022-04-13 08:40:00,0.9496753369944488,False
2022-04-13 08:50:00,0.9648796209454888,False
2022-04-13 09:00:00,0.9727115977041573,False
2022-04-13 09:10:00,0.9947451512434946,False
2022-04-13 09:20:00,1.1996037570352438,False
2022-04-13 09:30:00,1.079825536081678,False
2022-04-13 09:40:00,,False
2022-04-13 09:50:00,0.9332679798445807,False
2022-04-13 10:00:00,0.9812232488216392,False
2022-04-13 10:10:00,0.9630545777956381,False
2022-04-13 10:20:00,0.9896861582531945,False
2022-04-13 10:30:00,1.1854615977477372,False
2022-04-13 10:40:00,,False
2022-04-13 10:50:00,0.9755251264344073,False
2022-04-13 11:00:00,0.8678948292361661,False
2022-04-13 11:10:00,0.9860860806253477,False
2022-04-13 11:20:00,0.985100744440945,False
2022-04-13 11:30:00,0.9586660626719075,False
2022-04-13 11:40:00,1.1350005074780034,False
2022-04-13 11:50:00,0.9333023392810963,False
2022-04-13 12:00:00,1.1558641983850007,False
2022-04-13 12:10:00,0.9107703644438714,False
2022-04-13 12:20:00,1.08077375919501,False
2022-04-13 12:30:00,1.0933591425580738,False
2022-04-13 12:40:00,1.168519159857736,False
2022-04-13 12:50:00,0.9969268260657723,False
2022-04-13 13:00:00,1.012287239125222,False
2022-04-13 13:10:00,1.023738843376022,False
2022-04-13 13:20:00,0.9288033748370517,False
2022-04-13 13:30:00,0.9229326895618497,False
2022-04-13 13:40:00,0.9964040052136388,False
2022-04-13 13:50:00,0.9996333097843941,False
2022-04-13 14:00:00,0.9942643625066632,False
2022-04-13 14:10:00,0.9309979454738654,False
2022-04-13 14:20:00,1.0774974274949138,False
2022-04-13 14:30:00,1.1463463261093645,False
2022-04-13 14:40:00,1.012678196253547,False
2022-04-13 14:50:00,0.9611600477621909,False
2022-04-13 15:00:00,1.1260022073602085,False
2022-04-13 15:10:00,1.1631568803922296,False
2022-04-13 15:20:00,0.9279529095098757,False
2022-04-13 15:30:00,1.0225796491629238,False
2022-04-13 15:40:00,0.9713857899266078,False
2022-04-13 15:50:00,0.8930867655943902,False
2022-04-13 16:00:00,0.9617319158973751,False
2022-04-13 16:10:00,1.1207351615865058,False
2022-04-13 16:20:00,1.159755573778458,False
2022-04-13 16:30:00,1.0284045953010763,False
2022-04-13 16:40:00,1.022949586641531,False
2022-04-13 16:50:00,0.9863826946091137,False
2022-04-13 17:00:00,0.9348657146259546,False
2022-04-13 17:10:00,,False
2022-04-13 17:20:00,1.0951313344453422,False
2022-04-13 17:30:00,,False
2022-04-13 17:40:00,0.8843177397818089,False
2022-04-13 17:50:00,1.0927801810057995,False
2022-04-13 18:00:00,0.9567779146694269,False
2022-04-13 18:10:00,1.1156851996488857,False
2022-04-13 18:20:00,0.8947705277067869,False
2022-04-13 18:30:00,0.8462432073388031,False
2022-04-13 18:40:00,0.9771993741323435,False
2022-04-13 18:50:00,1.1680171031578683,False
2022-04-13 19:00:00,0.929230515697447,False
2022-04-13 19:10:00,0.8816223423880932,False
2022-04-13 19:20:00,1.0211000283001834,False
2022-04-13 19:30:00,1.0886987848717182,False
2022-04-13 19:40:00,0.9425593890773297,False
2022-04-13 19:50:00,1.0016594971361965,False
2022-04-13 20:00:00,0.7798123507713074,False
2022-04-13 20:10:00,1.058604070187646,False
2022-04-13 20:20:00,0.9949783828517456,False
2022-04-13 20:30:00,1.041058537446446,False
2022-04-13 20:40:00,0.8587430201392138,False
2022-04-13 20:50:00,0.9673066861408852,False
2022-04-13 21:00:00,0.9587911118274121,False
2022-04-13 21:10:00,0.9449582778654483,False
2022-04-13 21:20:00,0.9653611464905247,False
2022-04-13 21:30:00,1.1062880659892684,False
2022-04-13 21:40:00,1.1101832438507884,False
2022-04-13 21:50:00,1.188163687599969,False
2022-04-13 22:00:00,1.0501203821571081,False
2022-04-13 22:10:00,0.9384619516481487,False
2022-04-13 22:20:00,0.9172889168266369,False
2022-04-13 22:30:00,0.7954124346053424,False
2022-04-13 22:40:00,0.8999895854270441,False
2022-04-13 22:50:00,0.8627811501966822,False
2022-04-13 23:00:00,1.035243340132558,False
2022-04-13 23:10:00,0.9967333596801453,False
2022-04-13 23:20:00,0.9854194699163552,False
2022-04-13 23:30:00,0.8334841085735856,False
2022-04-13 23:40:00,0.8378592966686642,False
2022-04-13 23:50:00,1.0918864958687338,False
2022-04-14 00:00:00,1.2053538085226863,False
2022-04-14 00:10:00,0.9466398586948025,False
2022-04-14 00:20:00,0.94879472288518,False
2022-04-14 00:30:00,0.968046056720762,False
2022-04-14 00:40:00,1.047493010169907,False
2022-04-14 00:50:00,1.0576656589864344,False
2022-04-14 01:00:00,1.0107968026023673,False
2022-04-14 01:10:00,0.7358880592835089,False
2022-04-14 01:20:00,1.0380826483836698,False
2022-04-14 01:30:00,0.9433220376311511,False
2022-04-14 01:40:00,0.8664779251459792,False
2022-04-14 01:50:00,1.0005242030094676,False
2022-04-14 02:00:00,0.8791955774992344,False
2022-04-14 02:10:00,1.1587322316925832,False
2022-04-14 02:20:00,0.8700438194204072,False
2022-04-14 02:30:00,1.0324458330104582,False
2022-04-14 02:40:00,0.9656001070365361,False
2022-04-14 02:50:00,1.0339758544751316,False
2022-04-14 03:00:00,1.147548771892272,False
2022-04-14 03:10:00,1.0225352108871364,False
2022-04-14 03:20:00,1.032260299139292,False
2022-04-14 03:30:00,1.0217666187503853,False
2022-04-14 03:40:00,1.2833247629229378,False
2022-04-14 03:50:00,1.1181004857112555,False
2022-04-14 04:00:00,0.9692069009361128,False
2022-04-14 04:10:00,1.0583903784119741,False
2022-04-14 04:20:00,1.1100645791035826,False
2022-04-14 04:30:00,0.9071074755041717,False
2022-04-14 04:40:00,0.9306720071852418,False
2022-04-14 04:50:00,1.001337269821334,False
2022-04-14 05:00:00,1.121983216625362,False
2022-04-14 05:10:00,0.9928159078374973,False
2022-04-14 05:20:00,,False
2022-04-14 05:30:00,0.9759358754272738,False
2022-04-14 05:40:00,0.8851144270035942,False
2022-04-14 05:50:00,0.9949329456640632,False
2022-04-14 06:00:00,1.0430729757576,False
2022-04-14 06:10:00,1.038467252591065,False
2022-04-14 06:20:00,0.7313859846256509,False
2022-04-14 06:30:00,1.075502222854089,False
2022-04-14 06:40:00,0.9130409011978151,False
2022-04-14 06:50:00,1.0175380418354782,False
2022-04-14 07:00:00,1.0631098372091699,False
2022-04-14 07:10:00,1.0918211131017812,False
2022-04-14 07:20:00,1.0246526626953485,False
2022-04-14 07:30:00,1.0769429361834322,False
2022-04-14 07:40:00,1.170037329249457,False
2022-04-14 07:50:00,0.9888302752458928,False
2022-04-14 08:00:00,1.1943577286745974,False
2022-04-14 08:10:00,1.0583879667042955,False
2022-04-14 08:20:00,0.930353123394624,False
2022-04-14 08:30:00,0.9393635048042844,False
2022-04-14 08:40:00,1.019056109638968,False
2022-04-14 08:50:00,0.9393727537121116,False
2022-04-14 09:00:00,1.17090154362822,False
2022-04-14 09:10:00,,False
2022-04-14 09:20:00,0.9166642774828277,False
2022-04-14 09:30:00,1.057137802071171,False
2022-04-14 09:40:00,,False
2022-04-14 09:50:00,1.0787073205560143,False
2022-04-14 10:00:00,1.0350186769047227,False
2022-04-14 10:10:00,1.094743383733638,False
2022-04-14 10:20:00,0.8267736857237912,False
2022-04-14 10:30:00,0.9225244385369546,False
2022-04-14 10:40:00,0.9738855654917673,False
2022-04-14 10:50:00,1.2227647798225885,False
2022-04-14 11:00:00,0.9754378783867942,False
2022-04-14 11:10:00,0.9551295524100729,False
2022-04-14 11:20:00,1.1186257032162212,False
2022-04-14 11:30:00,1.115098854225309,False
2022-04-14 11:40:00,0.851160095028727,False
2022-04-14 11:50:00,0.9955110561575092,False
2022-04-14 12:00:00,1.109510973333911,False
2022-04-14 12:10:00,1.0032328332909093,False
2022-04-14 12:20:00,0.9782273453713779,False
2022-04-14 12:30:00,0.9824487949691917,False
2022-04-14 12:40:00,1.0186613260516042,False
2022-04-14 12:50:00,1.0714272673865206,False
2022-04-14 13:00:00,0.9745029440474303,False
2022-04-14 13:10:00,0.907842732055239,False
2022-04-14 13:20:00,0.9732483848022996,False
2022-04-14 13:30:00,1.0137755287866228,False
2022-04-14 13:40:00,0.8732687383939431,False
2022-04-14 13:50:00,0.9294521179295296,False
2022-04-14 14:00:00,1.0499718507932723,False
2022-04-14 14:10:00,1.0252031788842642,False
2022-04-14 14:20:00,0.9750735234119285,False
2022-04-14 14:30:00,1.082910572474271,False
2022-04-14 14:40:00,1.0323216682633534,False
2022-04-14 14:50:00,0.9367546553438112,False
2022-04-14 15:00:00,1.0539201781984628,False
2022-04-14 15:10:00,1.0604664349660526,False
2022-04-14 15:20:00,1.0576527130502509,False
2022-04-14 15:30:00,0.9757900207042816,False
2022-04-14 15:40:00,,False
2022-04-14 15:50:00,1.0352681529651218,False
2022-04-14 16:00:00,1.0548999548138607,False
2022-04-14 16:10:00,1.1413051889465136,False
2022-04-14 16:20:00,1.0260438792123037,False
2022-04-14 16:30:00,0.9834581830588717,False
2022-04-14 16:40:00,0.961847495608059,False
2022-04-14 16:50:00,1.0104692855212676,False
2022-04-14 17:00:00,0.9959006628200597,False
2022-04-14 17:10:00,1.117686724012699,False
2022-04-14 17:20:00,1.011667934973886,False
2022-04-14 17:30:00,0.8852225259131709,False
2022-04-14 17:40:00,1.1772306707692461,False
2022-04-14 17:50:00,0.9995423353930366,False
2022-04-14 18:00:00,1.0609807126774582,False
2022-04-14 18:10:00,1.0962015058134091,False
2022-04-14 18:20:00,,False
2022-04-14 18:30:00,0.9841451309688324,False
2022-04-14 18:40:00,0.9612000428093879,False
2022-04-14 18:50:00,0.9086581449374439,False
2022-04-14 19:00:00,,False
2022-04-14 19:10:00,1.0185604589110313,False
2022-04-14 19:20:00,0.9197902652141282,False
2022-04-14 19:30:00,1.0114671870667675,False
2022-04-14 19:40:00,0.8989548661576267,False
2022-04-14 19:50:00,0.8661206202226699,False
2022-04-14 20:00:00,0.9179429412045232,False
2022-04-14 20:10:00,0.9994120095337186,False
2022-04-14 20:20:00,0.8610394376762813,False
2022-04-14 20:30:00,1.0734865268610092,False
2022-04-14 20:40:00,0.9675541427938237,False
2022-04-14 20:50:00,1.0597934829884381,False
2022-04-14 21:00:00,0.7974979086798144,False
2022-04-14 21:10:00,1.0128072971231816,False
2022-04-14 21:20:00,0.9631592205855868,False
2022-04-14 21:30:00,1.1171095575839387,False
2022-04-14 21:40:00,0.9516982608483447,False
2022-04-14 21:50:00,1.0155954078424543,False
2022-04-14 22:00:00,1.0684357291505542,False
2022-04-14 22:10:00,1.1461345031289651,False
2022-04-14 22:20:00,1.060367573021041,False
2022-04-14 22:30:00,,False
2022-04-14 22:40:00,1.1206379714944459,False
2022-04-14 22:50:00,1.0386368291594217,False
2022-04-14 23:00:00,0.9000924752258631,False
2022-04-14 23:10:00,1.0680318322456488,False
2022-04-14 23:20:00,1.1367367448063839,False
2022-04-14 23:30:00,1.0637380250909496,False
2022-04-14 23:40:00,0.8978423507621243,False
2022-04-14 23:50:00,0.9907091499958558,False
2022-04-15 00:00:00,0.8152191960833521,False
2022-04-15 00:10:00,0.9541229853290117,False
2022-04-15 00:20:00,1.0205113997442588,False
2022-04-15 00:30:00,0.9776414206880418,False
2022-04-15 00:40:00,0.7869444413773597,False
2022-04-15 00:50:00,1.0932754060322247,False
2022-04-15 01:00:00,1.0704412791303137,False
2022-04-15 01:10:00,0.8011286779117192,False
2022-04-15 01:20:00,0.972781866214363,False
2022-04-15 01:30:00,0.9820739480095829,False
2022-04-15 01:40:00,1.0566733563726138,False
2022-04-15 01:50:00,1.1467012347205523,False
2022-04-15 02:00:00,0.9943615068232657,False
2022-04-15 02:10:00,1.0088483881079655,False
2022-04-15 02:20:00,1.0519798242991807,False
2022-04-15 02:30:00,0.8826410706740916,False
2022-04-15 02:40:00,1.144534785058966,False
2022-04-15 02:50:00,0.8360644910055106,False
2022-04-15 03:00:00,1.217634003124144,False
2022-04-15 03:10:00,0.8354618749586793,False
2022-04-15 03:20:00,0.9113424137028775,False
2022-04-15 03:30:00,1.0266856924231076,False
2022-04-15 03:40:00,1.0117395403550347,False
2022-04-15 03:50:00,0.9901811729802609,False
2022-04-15 04:00:00,0.9937154248600828,False
2022-04-15 04:10:00,0.904631333477181,False
2022-04-15 04:20:00,0.8715380591645334,False
2022-04-15 04:30:00,1.067382050486778,False
2022-04-15 04:40:00,0.9474277124282801,False
2022-04-15 04:50:00,,False
2022-04-15 05:00:00,1.051497156907474,False
2022-04-15 05:10:00,1.0853265847318616,False
2022-04-15 05:20:00,0.9185293731149953,False
2022-04-15 05:30:00,1.0655064396313798,False
2022-04-15 05:40:00,1.1778624282743881,False
2022-04-15 05:50:00,1.0945173165325701,False
2022-04-15 06:00:00,1.0537060215370109,False
2022-04-15 06:10:00,1.0110447303965813,False
2022-04-15 06:20:00,1.024787296780099,False
2022-04-15 06:30:00,1.1033699957035992,False
2022-04-15 06:40:00,1.0814604439433366,False
2022-04-15 06:50:00,0.9228798716370777,False
2022-04-15 07:00:00,0.9921509360449557,False
2022-04-15 07:10:00,1.1584506806083028,False
2022-04-15 07:20:00,1.1022328139773188,False
2022-04-15 07:30:00,1.2829067613866276,False
2022-04-15 07:40:00,1.1303189765706847,False
2022-04-15 07:50:00,0.828948529927667,False
2022-04-15 08:00:00,0.9952093132632479,False
2022-04-15 08:10:00,1.0506190142756178,False
2022-04-15 08:20:00,0.8791276881190864,False
2022-04-15 08:30:00,0.991169675534858,False
2022-04-15 08:40:00,0.9001315569754421,False
2022-04-15 08:50:00,1.0506280698821495,False
2022-04-15 09:00:00,0.9296190686410963,False
2022-04-15 09:10:00,1.0401887043004117,False
2022-04-15 09:20:00,0.9658126662484264,False
2022-04-15 09:30:00,0.8700393907767814,False
2022-04-15 09:40:00,0.9230887593496161,False
2022-04-15 09:50:00,0.8318553648851341,False
2022-04-15 10:00:00,1.0562936469325919,False
2022-04-15 10:10:00,0.8910509275154839,False
2022-04-15 10:20:00,0.9657203637407359,False
2022-04-15 10:30:00,0.8987382419582044,False
2022-04-15 10:40:00,0.9818140404113594,False
2022-04-15 10:50:00,1.163809952997367,False
2022-04-15 11:00:00,1.035290930646929,False
2022-04-15 11:10:00,0.9459212025823334,False
2022-04-15 11:20:00,0.9365972458039602,False
2022-04-15 11:30:00,1.0312789765293988,False
2022-04-15 11:40:00,0.9429222499049059,False
2022-04-15 11:50:00,1.028757716332879,False
2022-04-15 12:00:00,0.8214043566862915,False
2022-04-15 12:10:00,1.1937956769543847,False
2022-04-15 12:20:00,1.1193860983880681,False
2022-04-15 12:30:00,1.0967675575040492,False
2022-04-15 12:40:00,1.0242824228580731,False
2022-04-15 12:50:00,1.1504615307825736,False
2022-04-15 13:00:00,1.068481412160917,False
2022-04-15 13:10:00,0.9246269390219671,False
2022-04-15 13:20:00,0.9425632676912846,False
2022-04-15 13:30:00,0.8428570660225057,False
2022-04-15 13:40:00,0.9507347311969768,False
2022-04-15 13:50:00,0.8174147594652854,False
2022-04-15 14:00:00,1.0633521900362364,False
2022-04-15 14:10:00,0.9951695333915695,False
2022-04-15 14:20:00,1.1047626039156293,False
2022-04-15 14:30:00,1.1032747784288457,False
2022-04-15 14:40:00,0.8584535749383232,False
2022-04-15 14:50:00,1.245154883999708,False
2022-04-15 15:00:00,1.0417887732268332,False
2022-04-15 15:10:00,0.8906632300464266,False
2022-04-15 15:20:00,0.8875566124509986,False
2022-04-15 15:30:00,0.9520912343950564,False
2022-04-15 15:40:00,1.0583887415671112,False
2022-04-15 15:50:00,1.034259630132487,False
2022-04-15 16:00:00,1.088715763814973,False
2022-04-15 16:10:00,0.8916863309136109,False
2022-04-15 16:20:00,1.188354507544313,False
2022-04-15 16:30:00,0.8530296490743541,False
2022-04-15 16:40:00,0.8918229716721463,False
2022-04-15 16:50:00,0.7138803185036725,False
2022-04-15 17:00:00,0.9416620230192398,False
2022-04-15 17:10:00,0.8445592761961309,False
2022-04-15 17:20:00,0.8645421868167292,False
2022-04-15 17:30:00,0.9277170101986698,False
2022-04-15 17:40:00,1.050973310456901,False
2022-04-15 17:50:00,1.096788689351384,False
2022-04-15 18:00:00,0.9824555082693326,False
2022-04-15 18:10:00,0.9754814128077717,False
2022-04-15 18:20:00,0.9939616194256476,False
2022-04-15 18:30:00,1.0676008478188799,False
2022-04-15 18:40:00,0.9274097784283665,False
2022-04-15 18:50:00,1.0181891844518012,False
2022-04-15 19:00:00,0.9150303718653663,False
2022-04-15 19:10:00,0.9110967716877798,False
2022-04-15 19:20:00,1.0397087484296053,False
2022-04-15 19:30:00,1.1127082702103654,False
2022-04-15 19:40:00,,False
2022-04-15 19:50:00,0.9258461355818853,False
2022-04-15 20:00:00,0.9907888858363313,False
2022-04-15 20:10:00,0.9836586872578641,False
2022-04-15 20:20:00,1.0728256857807044,False
2022-04-15 20:30:00,0.8782261036278529,False
2022-04-15 20:40:00,0.9848279595694706,False
2022-04-15 20:50:00,1.0811188899441524,False
2022-04-15 21:00:00,0.7913457499305346,False
2022-04-15 21:10:00,1.1105314067213534,False
2022-04-15 21:20:00,1.2962084517362125,False
2022-04-15 21:30:00,0.9844918847072215,False
2022-04-15 21:40:00,0.9042992001164775,False
2022-04-15 21:50:00,1.1292896724688035,False
2022-04-15 22:00:00,0.967193663798851,False
2022-04-15 22:10:00,0.972990822759429,False
2022-04-15 22:20:00,0.9846020031721974,False
2022-04-15 22:30:00,1.00587757319301,False
2022-04-15 22:40:00,0.9015239438296446,False
2022-04-15 22:50:00,1.0800919518557173,False
2022-04-15 23:00:00,0.9053561674055938,False
2022-04-15 23:10:00,1.0639297187823407,False
2022-04-15 23:20:00,1.0495765482319532,False
2022-04-15 23:30:00,0.9455086114162933,False
2022-04-15 23:40:00,1.098289371560543,False
2022-04-15 23:50:00,0.9849483317119252,False
2022-04-16 00:00:00,0.9312771101859099,False
2022-04-16 00:10:00,1.1177077082806512,False
2022-04-16 00:20:00,1.0433458479191138,False
2022-04-16 00:30:00,1.0667900304499534,False
2022-04-16 00:40:00,0.9994271258863722,False
2022-04-16 00:50:00,1.0677366177358534,False
2022-04-16 01:00:00,,False
2022-04-16 01:10:00,1.1220854028930498,False
2022-04-16 01:20:00,0.9286512945197717,False
2022-04-16 01:30:00,0.9327615954300872,False
2022-04-16 01:40:00,1.0594281261396603,False
2022-04-16 01:50:00,1.0343340845279074,False
2022-04-16 02:00:00,1.0843454154445267,False
2022-04-16 02:10:00,0.9564145767510909,False
2022-04-16 02:20:00,1.0080375826664778,False
2022-04-16 02:30:00,0.9463403038353931,False
2022-04-16 02:40:00,1.016287022099803,False
2022-04-16 02:50:00,0.909623039863657,False
2022-04-16 03:00:00,0.8301075582584447,False
2022-04-16 03:10:00,1.0254159454805092,False
2022-04-16 03:20:00,0.9222343695492978,False
2022-04-16 03:30:00,0.9931430249414325,False
2022-04-16 03:40:00,0.846201147180256,False
2022-04-16 03:50:00,0.9926771903530994,False
2022-04-16 04:00:00,1.03556438845152,False
2022-04-16 04:10:00,0.910775768398009,False
2022-04-16 04:20:00,0.9043561397664299,False
2022-04-16 04:30:00,0.9912285394453114,False
2022-04-16 04:40:00,1.2334321870962393,False
2022-04-16 04:50:00,0.9715713338637083,False
2022-04-16 05:00:00,0.9869020920234189,False
2022-04-16 05:10:00,,False
2022-04-16 05:20:00,0.9956068384104948,False
2022-04-16 05:30:00,1.0590696967306017,False
2022-04-16 05:40:00,1.1196998251979478,False
2022-04-16 05:50:00,1.0769263699946006,False
2022-04-16 06:00:00,,False
2022-04-16 06:10:00,0.9719339218700964,False
2022-04-16 06:20:00,1.0347316980079855,False
2022-04-16 06:30:00,0.9201092524119643,False
2022-04-16 06:40:00,0.950096915269994,False
2022-04-16 06:50:00,0.9275732787110161,False
2022-04-16 07:00:00,1.0602488767838218,False
2022-04-16 07:10:00,0.8390252086576089,False
2022-04-16 07:20:00,0.9492320477276761,False
2022-04-16 07:30:00,1.0325119178492186,False
2022-04-16 07:40:00,1.0057545148038507,False
2022-04-16 07:50:00,1.0665815299990957,False
2022-04-16 08:00:00,0.9229950846103877,False
2022-04-16 08:10:00,0.9593286858556683,False
2022-04-16 08:20:00,0.9744113064412663,False
2022-04-16 08:30:00,0.9979765628923807,False
2022-04-16 08:40:00,0.9237385271867208,False
2022-04-16 08:50:00,1.210905268218371,False
2022-04-16 09:00:00,0.997525794586764,False
2022-04-16 09:10:00,1.0438544287733746,False
2022-04-16 09:20:00,1.1510711164221932,False
2022-04-16 09:30:00,0.8686981667685114,False
2022-04-16 09:40:00,0.8369372299772508,False
2022-04-16 09:50:00,0.9388015371169438,False
2022-04-16 10:00:00,1.1064861823332648,False
2022-04-16 10:10:00,1.031330161191081,False
2022-04-16 10:20:00,1.0680456022798233,False
2022-04-16 10:30:00,0.9807699542229829,False
2022-04-16 10:40:00,1.0310472716248973,False
2022-04-16 10:50:00,0.9101323493805862,False
2022-04-16 11:00:00,1.118895994962569,False
2022-04-16 11:10:00,0.9609999951124334,False
2022-04-16 11:20:00,0.9628873321257438,False
2022-04-16 11:30:00,1.060343271298129,False
2022-04-16 11:40:00,0.9559375063151511,False
2022-04-16 11:50:00,0.9519983639813435,False
2022-04-16 12:00:00,1.1555336475857896,False
2022-04-16 12:10:00,1.0477257182765938,False
2022-04-16 12:20:00,1.0746231797521768,False
2022-04-16 12:30:00,0.9310302323118937,False
2022-04-16 12:40:00,0.8203053441528713,False
2022-04-16 12:50:00,1.1028808116324689,False
2022-04-16 13:00:00,0.8956350897015665,False
2022-04-16 13:10:00,0.9689846321171679,False
2022-04-16 13:20:00,0.9629322068011981,False
2022-04-16 13:30:00,1.050993231394687,False
2022-04-16 13:40:00,1.0540375293613486,False
2022-04-16 13:50:00,1.034494719453201,False
2022-04-16 14:00:00,0.9828473683685447,False
2022-04-16 14:10:00,0.9687728135887721,False
2022-04-16 14:20:00,0.9768900602161429,False
2022-04-16 14:30:00,0.9230034459262522,False
2022-04-16 14:40:00,0.9444449676163854,False
2022-04-16 14:50:00,0.9833183302719718,False
2022-04-16 15:00:00,1.1450067080095636,False
2022-04-16 15:10:00,1.004427087187763,False
2022-04-16 15:20:00,,False
2022-04-16 15:30:00,0.9269701239711978,False
2022-04-16 15:40:00,0.9947216631598248,False
2022-04-16 15:50:00,0.9759711032078,False
2022-04-16 16:00:00,0.9811774546266268,False
2022-04-16 16:10:00,0.9070795031935664,False
2022-04-16 16:20:00,1.1704789909785798,False
2022-04-16 16:30:00,0.950817695725075,False
2022-04-16 16:40:00,0.9629977257010623,False
2022-04-16 16:50:00,0.8662040300752613,False
2022-04-16 17:00:00,0.7521980006505883,False
2022-04-16 17:10:00,0.9981422202584498,False
2022-04-16 17:20:00,1.004109755201816,False
2022-04-16 17:30:00,0.8600289027350609,False
2022-04-16 17:40:00,1.0831549942121916,False
2022-04-16 17:50:00,0.9728940851098743,False
2022-04-16 18:00:00,,False
2022-04-16 18:10:00,1.0368253475509224,False
2022-04-16 18:20:00,0.9860582870616836,False
2022-04-16 18:30:00,0.9866637874921396,False
2022-04-16 18:40:00,0.9892601223790303,False
2022-04-16 18:50:00,1.106077450549328,False
2022-04-16 19:00:00,1.0802478121205257,False
2022-04-16 19:10:00,0.6194340883518694,False
2022-04-16 19:20:00,1.0963597561219736,False
2022-04-16 19:30:00,1.091328590553554,False
2022-04-16 19:40:00,1.1053129946818334,False
2022-04-16 19:50:00,0.9510275100581573,False
2022-04-16 20:00:00,1.149353225926598,False
2022-04-16 20:10:00,1.0881567163944639,False
2022-04-16 20:20:00,,False
2022-04-16 20:30:00,0.8486836759461851,False
2022-04-16 20:40:00,0.9167268718604865,False
2022-04-16 20:50:00,0.9358189696055706,False
2022-04-16 21:00:00,1.0971597925988326,False
2022-04-16 21:10:00,1.0192980667629017,False
2022-04-16 21:20:00,0.9301957217945143,False
2022-04-16 21:30:00,0.9383162014499689,False
2022-04-16 21:40:00,0.7362463821763423,False
2022-04-16 21:50:00,0.9907461556551297,False
2022-04-16 22:00:00,0.8482699354197369,False
2022-04-16 22:10:00,1.1257940087052956,False
2022-04-16 22:20:00,0.8081850543266923,False
2022-04-16 22:30:00,0.9667835003603978,False
2022-04-16 22:40:00,0.9270695790358814,False
2022-04-16 22:50:00,0.773727465662745,False
2022-04-16 23:00:00,0.9986729884674693,False
2022-04-16 23:10:00,0.9167752585469371,False
2022-04-16 23:20:00,1.2108523184438122,False
2022-04-16 23:30:00,0.9494781495895291,False
2022-04-16 23:40:00,0.7682239289774451,False
2022-04-16 23:50:00,1.0515427802998545,False
2022-04-17 00:00:00,1.0786039005370376,False
2022-04-17 00:10:00,0.8888912895602322,False
2022-04-17 00:20:00,1.1598051345149163,False
2022-04-17 00:30:00,0.9564075478290619,False
2022-04-17 00:40:00,1.0513520138816859,False
2022-04-17 00:50:00,1.001150992644317,False
2022-04-17 01:00:00,0.9874630009595358,False
2022-04-17 01:10:00,1.0809478765956628,False
2022-04-17 01:20:00,1.0715605590264365,False
2022-04-17 01:30:00,1.0699484124709409,False
2022-04-17 01:40:00,0.9228060013185471,False
2022-04-17 01:50:00,0.8460716765179832,False
2022-04-17 02:00:00,0.9210971560994512,False
2022-04-17 02:10:00,1.0147297646860516,False
2022-04-17 02:20:00,0.9005955772810016,False
2022-04-17 02:30:00,0.9036621789422519,False
2022-04-17 02:40:00,0.8015388460739709,False
2022-04-17 02:50:00,0.9764520024649735,False
2022-04-17 03:00:00,1.0634608953334286,False
2022-04-17 03:10:00,0.8550184260703576,False
2022-04-17 03:20:00,0.8706093739475314,False
2022-04-17 03:30:00,1.0823297586306206,False
2022-04-17 03:40:00,0.9868110780013493,False
2022-04-17 03:50:00,1.199170275100228,False
2022-04-17 04:00:00,0.8384534450535001,False
2022-04-17 04:10:00,1.0135428052411828,False
2022-04-17 04:20:00,,False
2022-04-17 04:30:00,1.0286625111824552,False
2022-04-17 04:40:00,0.9990097991074548,False
2022-04-17 04:50:00,1.007786059134242,False
2022-04-17 05:00:00,1.025115189364177,False
2022-04-17 05:10:00,1.0347949995232,False
2022-04-17 05:20:00,1.133249397625208,False
2022-04-17 05:30:00,1.0007092707714602,False
2022-04-17 05:40:00,0.8108720909613539,False
2022-04-17 05:50:00,1.070229600876291,False
2022-04-17 06:00:00,0.9486901807642109,False
2022-04-17 06:10:00,1.0639346893914485,False
2022-04-17 06:20:00,1.090324325271822,False
2022-04-17 06:30:00,1.0814712694929414,False
2022-04-17 06:40:00,0.9172792883594587,False
2022-04-17 06:50:00,1.0399540722218734,False
2022-04-17 07:00:00,,False
2022-04-17 07:10:00,1.069800833346044,False
2022-04-17 07:20:00,1.0340975972544793,False
2022-04-17 07:30:00,0.9879128773058844,False
2022-04-17 07:40:00,1.1444493915070162,False
2022-04-17 07:50:00,1.018789634155666,False
2022-04-17 08:00:00,1.080827496832921,False
2022-04-17 08:10:00,1.013292470236566,False
2022-04-17 08:20:00,0.9560186143197271,False
2022-04-17 08:30:00,0.9151642235213174,False
2022-04-17 08:40:00,0.8666491325655457,False
2022-04-17 08:50:00,0.9615571880713162,False
2022-04-17 09:00:00,1.0484757681060866,False
2022-04-17 09:10:00,0.9543767703019451,False
2022-04-17 09:20:00,0.9195553950492809,False
2022-04-17 09:30:00,0.9896712838818974,False
2022-04-17 09:40:00,0.9723711624178701,False
2022-04-17 09:50:00,0.9128595935927364,False
2022-04-17 10:00:00,0.8955980293038396,False
2022-04-17 10:10:00,1.0650483500263062,False
2022-04-17 10:20:00,1.0843368482539057,False
2022-04-17 10:30:00,1.0483127793530072,False
2022-04-17 10:40:00,0.9563013518623893,False
2022-04-17 10:50:00,1.0276663089108202,False
2022-04-17 11:00:00,0.9365313991855526,False
2022-04-17 11:10:00,,False
2022-04-17 11:20:00,0.8621098092067428,False
2022-04-17 11:30:00,0.9428683406617117,False
2022-04-17 11:40:00,1.0076405097731571,False
2022-04-17 11:50:00,0.9763154451871151,False
2022-04-17 12:00:00,0.9175966890878525,False
2022-04-17 12:10:00,1.1506604923853467,False
2022-04-17 12:20:00,1.0496678997479978,False
2022-04-17 12:30:00,0.857745058817168,False
2022-04-17 12:40:00,1.0300683603588294,False
2022-04-17 12:50:00,1.0214014438395842,False
2022-04-17 13:00:00,1.0454007360034019,False
2022-04-17 13:10:00,0.984030270032179,False
2022-04-17 13:20:00,,False
2022-04-17 13:30:00,0.7548243000820469,False
2022-04-17 13:40:00,1.0101749953787622,False
2022-04-17 13:50:00,0.9553911315855741,False
2022-04-17 14:00:00,1.119223285687052,False
2022-04-17 14:10:00,1.0208276470255442,False
2022-04-17 14:20:00,1.1052307151990766,False
2022-04-17 14:30:00,0.8147629215275575,False
2022-04-17 14:40:00,0.8819449104696409,False
2022-04-17 14:50:00,1.0828674647214602,False
2022-04-17 15:00:00,1.1374025706351776,False
2022-04-17 15:10:00,1.0119625213093106,False
2022-04-17 15:20:00,0.9786850359192596,False
2022-04-17 15:30:00,1.0923580777327786,False
2022-04-17 15:40:00,1.0990992296272344,False
2022-04-17 15:50:00,1.0930637553081606,False
2022-04-17 16:00:00,0.8083454067913086,False
2022-04-17 16:10:00,0.9281226953995187,False
2022-04-17 16:20:00,1.0854935330707876,False
2022-04-17 16:30:00,0.9613920658441849,False
2022-04-17 16:40:00,0.8959725935812944,False
2022-04-17 16:50:00,1.04608001876176,False
2022-04-17 17:00:00,0.9694835611423407,False
2022-04-17 17:10:00,1.083477198037698,False
2022-04-17 17:20:00,1.0740071987376603,False
2022-04-17 17:30:00,1.069122380783792,False
2022-04-17 17:40:00,0.821592795131876,False
2022-04-17 17:50:00,1.0572827948466519,False
2022-04-17 18:00:00,0.9992595843294733,False
2022-04-17 18:10:00,0.8548898022987539,False
2022-04-17 18:20:00,0.8737103775351338,False
2022-04-17 18:30:00,,False
2022-04-17 18:40:00,0.9790981650489423,False
2022-04-17 18:50:00,1.1026727433377999,False
2022-04-17 19:00:00,1.1661878128517131,False
2022-04-17 19:10:00,1.126263816462265,False
2022-04-17 19:20:00,1.153065155237118,False
2022-04-17 19:30:00,1.0456217055274626,False
2022-04-17 19:40:00,0.9491139717023537,False
2022-04-17 19:50:00,1.0934542313816402,False
2022-04-17 20:00:00,1.0145538064255586,False
2022-04-17 20:10:00,0.9522664942000233,False
2022-04-17 20:20:00,1.0917425086512393,False
2022-04-17 20:30:00,0.9369057714420626,False
2022-04-17 20:40:00,0.9400779247923728,False
2022-04-17 20:50:00,0.9819795255171854,False
2022-04-17 21:00:00,1.0274312999261155,False
2022-04-17 21:10:00,1.0327950483798862,False
2022-04-17 21:20:00,0.9478880036966072,False
2022-04-17 21:30:00,,False
2022-04-17 21:40:00,1.0119432849489298,False
2022-04-17 21:50:00,1.0160490749542195,False
2022-04-17 22:00:00,1.0739493857143712,False
2022-04-17 22:10:00,0.9184131742384111,False
2022-04-17 22:20:00,0.974961805439892,False
2022-04-17 22:30:00,1.0703133605251698,False
2022-04-17 22:40:00,1.1040855757127959,False
2022-04-17 22:50:00,1.1437826817267078,False
2022-04-17 23:00:00,0.8043394351663101,False
2022-04-17 23:10:00,1.121385498969532,False
2022-04-17 23:20:00,0.9800569772096439,False
2022-04-17 23:30:00,1.0045880410208994,False
2022-04-17 23:40:00,1.0368973979256892,False
2022-04-17 23:50:00,0.8876425989086448,False
2022-04-18 00:00:00,0.9525364582065367,False
2022-04-18 00:10:00,1.0823896670191462,False
2022-04-18 00:20:00,1.0768787836144547,False
2022-04-18 00:30:00,0.9183635858761181,False
2022-04-18 00:40:00,0.8644662680910417,False
2022-04-18 00:50:00,1.0274040101937103,False
2022-04-18 01:00:00,0.962298073141678,False
2022-04-18 01:10:00,,False
2022-04-18 01:20:00,0.8616415482616364,False
2022-04-18 01:30:00,0.9661801937980579,False
2022-04-18 01:40:00,0.9939398851602246,False
2022-04-18 01:50:00,0.9413787838205283,False
2022-04-18 02:00:00,0.9894575801306226,False
2022-04-18 02:10:00,,False
2022-04-18 02:20:00,1.1763990244958382,False
2022-04-18 02:30:00,1.0297585228460662,False
2022-04-18 02:40:00,0.8846940170481004,False
2022-04-18 02:50:00,0.9415374479733024,False
2022-04-18 03:00:00,1.007649751486027,False
2022-04-18 03:10:00,1.0834210202239358,False
2022-04-18 03:20:00,0.9958841979596256,False
2022-04-18 03:30:00,1.113922829035269,False
2022-04-18 03:40:00,1.1172604768288483,False
2022-04-18 03:50:00,0.8720149815023132,False
2022-04-18 04:00:00,1.012063596527434,False
2022-04-18 04:10:00,1.041833394522835,False
2022-04-18 04:20:00,0.9821403441980425,False
2022-04-18 04:30:00,0.8446161124816478,False
2022-04-18 04:40:00,0.8121145101939096,False
2022-04-18 04:50:00,1.0120186265763835,False
2022-04-18 05:00:00,0.8572218589540475,False
2022-04-18 05:10:00,0.9961206753201796,False
2022-04-18 05:20:00,0.8646967712847976,False
2022-04-18 05:30:00,0.9186151541584826,False
2022-04-18 05:40:00,0.9401610877769542,False
2022-04-18 05:50:00,0.9219225204296826,False
2022-04-18 06:00:00,0.9887304339357577,False
2022-04-18 06:10:00,1.0648486466305214,False
2022-04-18 06:20:00,0.973084763949042,False
2022-04-18 06:30:00,0.8711255117386862,False
2022-04-18 06:40:00,0.9748509454671623,False
2022-04-18 06:50:00,1.0583027444858226,False
2022-04-18 07:00:00,0.8963402465184492,False
2022-04-18 07:10:00,0.931591217275236,False
2022-04-18 07:20:00,0.8439488583030007,False
2022-04-18 07:30:00,,False
2022-04-18 07:40:00,,False
2022-04-18 07:50:00,1.0878412251001326,False
2022-04-18 08:00:00,0.9343097188237296,False
2022-04-18 08:10:00,1.0291147353999492,False
2022-04-18 08:20:00,1.2953302358047174,False
2022-04-18 08:30:00,,False
2022-04-18 08:40:00,0.9750982569325927,False
2022-04-18 08:50:00,0.9047849456808967,False
2022-04-18 09:00:00,1.0326842875106386,False
2022-04-18 09:10:00,1.0078181727603768,False
2022-04-18 09:20:00,0.9434144997489634,False
2022-04-18 09:30:00,1.129230136074978,False
2022-04-18 09:40:00,0.9508464273300348,False
2022-04-18 09:50:00,0.891807062478118,False
2022-04-18 10:00:00,1.004252183305611,False
2022-04-18 10:10:00,1.00956262071833,False
2022-04-18 10:20:00,0.9467793661540452,False
2022-04-18 10:30:00,0.9578050977588857,False
2022-04-18 10:40:00,0.9871428007702979,False
2022-04-18 10:50:00,0.9773427138770193,False
2022-04-18 11:00:00,1.0113740653162964,False
2022-04-18 11:10:00,1.0147901062473137,False
2022-04-18 11:20:00,1.0355195005767244,False
2022-04-18 11:30:00,0.9594630638872815,False
2022-04-18 11:40:00,1.1406686959496335,False
2022-04-18 11:50:00,0.9623454374769916,False
2022-04-18 12:00:00,0.9541763216878337,False
2022-04-18 12:10:00,0.8968608905058484,False
2022-04-18 12:20:00,0.996292163147657,False
2022-04-18 12:30:00,1.1322673790873676,False
2022-04-18 12:40:00,0.9684256226737425,False
2022-04-18 12:50:00,0.9699073381932148,False
2022-04-18 13:00:00,0.862532521246713,False
2022-04-18 13:10:00,1.1148145777861216,False
2022-04-18 13:20:00,0.8956756381262488,False
2022-04-18 13:30:00,,False
2022-04-18 13:40:00,1.1421638031135515,False
2022-04-18 13:50:00,1.049296109954327,False
2022-04-18 14:00:00,1.1268459783365727,False
2022-04-18 14:10:00,1.1474865803237932,False
2022-04-18 14:20:00,0.9442563413748223,False
2022-04-18 14:30:00,0.9967974510430414,False
2022-04-18 14:40:00,0.9825452588459254,False
2022-04-18 14:50:00,1.010798839996966,False
2022-04-18 15:00:00,0.9575603607668691,False
2022-04-18 15:10:00,1.0126990862565612,False
2022-04-18 15:20:00,1.0499766262576036,False
2022-04-18 15:30:00,,False
2022-04-18 15:40:00,1.0202606350559058,False
2022-04-18 15:50:00,1.022414842575294,False
2022-04-18 16:00:00,0.7833289729660883,False
2022-04-18 16:10:00,1.0301207910819068,False
2022-04-18 16:20:00,0.8871382685436585,False
2022-04-18 16:30:00,1.0267986166336232,False
2022-04-18 16:40:00,0.8556176343405921,False
2022-04-18 16:50:00,0.9642724268320462,False
2022-04-18 17:00:00,0.9299460814449952,False
2022-04-18 17:10:00,1.1044378219563569,False
2022-04-18 17:20:00,1.0238540279162602,False
2022-04-18 17:30:00,0.9895364370282806,False
2022-04-18 17:40:00,,False
2022-04-18 17:50:00,0.9270839048287112,False
2022-04-18 18:00:00,0.9261378542624699,False
2022-04-18 18:10:00,0.9274534903756252,False
2022-04-18 18:20:00,1.1016165469420107,False
2022-04-18 18:30:00,1.045571106377023,False
2022-04-18 18:40:00,1.086238665605809,False
2022-04-18 18:50:00,0.9758238601032347,False
2022-04-18 19:00:00,1.1013801688880496,False
2022-04-18 19:10:00,1.088712788807699,False
2022-04-18 19:20:00,1.110665438943435,False
2022-04-18 19:30:00,0.9899438119182962,False
2022-04-18 19:40:00,1.0458396040426163,False
2022-04-18 19:50:00,1.0035811208902754,False
2022-04-18 20:00:00,0.942563521559189,False
2022-04-18 20:10:00,0.8297570156960882,False
2022-04-18 20:20:00,1.016737778542316,False
2022-04-18 20:30:00,1.0009392579388934,False
2022-04-18 20:40:00,1.0674649366190831,False
2022-04-18 20:50:00,0.9795571555796035,False
2022-04-18 21:00:00,1.0069148420091076,False
2022-04-18 21:10:00,0.9290226282895757,False
2022-04-18 21:20:00,1.0317534077836792,False
2022-04-18 21:30:00,0.9620157540167769,False
2022-04-18 21:40:00,0.7552790270177785,False
2022-04-18 21:50:00,1.061705038910498,False
2022-04-18 22:00:00,1.0491141184806048,False
2022-04-18 22:10:00,0.9026820579333958,False
2022-04-18 22:20:00,0.6951687891481464,False
2022-04-18 22:30:00,0.8796812540922063,False
2022-04-18 22:40:00,1.0847036487677628,False
2022-04-18 22:50:00,0.8625399722888812,False
2022-04-18 23:00:00,1.1757303524145097,False
2022-04-18 23:10:00,1.0935030560137973,False
2022-04-18 23:20:00,1.1573954864618983,False
2022-04-18 23:30:00,0.9004591016406283,False
2022-04-18 23:40:00,0.8772937757638829,False
2022-04-18 23:50:00,0.8773743661132016,False
2022-04-19 00:00:00,1.0759278404545207,False
2022-04-19 00:10:00,0.9860401000283195,False
2022-04-19 00:20:00,1.1502904902038633,False
2022-04-19 00:30:00,0.9997617399143449,False
2022-04-19 00:40:00,1.068052809286573,False
2022-04-19 00:50:00,0.8095112276805098,False
2022-04-19 01:00:00,0.9608205539549582,False
2022-04-19 01:10:00,1.0325953706148203,False
2022-04-19 01:20:00,0.909569656972212,False
2022-04-19 01:30:00,1.0734900633926683,False
2022-04-19 01:40:00,1.0496864286936842,False
2022-04-19 01:50:00,0.9645434546682428,False
2022-04-19 02:00:00,1.0909100029337806,False
2022-04-19 02:10:00,0.8394747293401412,False
2022-04-19 02:20:00,1.0640236196679584,False
2022-04-19 02:30:00,0.9254408468272313,False
2022-04-19 02:40:00,1.0053693877458363,False
2022-04-19 02:50:00,1.0116295958088757,False
2022-04-19 03:00:00,1.0515652498192911,False
2022-04-19 03:10:00,1.1273789140114006,False
2022-04-19 03:20:00,1.0706675179094596,False
2022-04-19 03:30:00,1.0145555829272483,False
2022-04-19 03:40:00,1.0490309633102006,False
2022-04-19 03:50:00,1.0069633026730433,False
2022-04-19 04:00:00,0.9983933884758028,False
2022-04-19 04:10:00,1.0145764243652144,False
2022-04-19 04:20:00,1.0036371595054538,False
2022-04-19 04:30:00,0.9535131857324348,False
2022-04-19 04:40:00,1.1575411918172303,False
2022-04-19 04:50:00,1.0259757689547664,False
2022-04-19 05:00:00,1.0335285442379867,False
2022-04-19 05:10:00,,False
2022-04-19 05:20:00,1.1006329835840138,False
2022-04-19 05:30:00,1.1186677788039976,False
2022-04-19 05:40:00,1.0560128026461815,False
2022-04-19 05:50:00,,False
2022-04-19 06:00:00,1.0453197239267615,False
2022-04-19 06:10:00,0.9495088803001567,False
2022-04-19 06:20:00,1.1122620945967052,False
2022-04-19 06:30:00,1.0563067220978357,False
2022-04-19 06:40:00,1.089023759475401,False
2022-04-19 06:50:00,0.9919249599325828,False
2022-04-19 07:00:00,0.7813568387427267,False
2022-04-19 07:10:00,0.8627960305758317,False
2022-04-19 07:20:00,1.0395259724882184,False
2022-04-19 07:30:00,0.8756819019181898,False
2022-04-19 07:40:00,0.987025871823425,False
2022-04-19 07:50:00,1.0119613337450644,False
2022-04-19 08:00:00,0.9696236716668336,False
2022-04-19 08:10:00,1.080836773179176,False
2022-04-19 08:20:00,1.058581468339741,False
2022-04-19 08:30:00,1.0742886315477453,False
2022-04-19 08:40:00,1.096217969267058,False
2022-04-19 08:50:00,,False
2022-04-19 09:00:00,1.0163939474772274,False
2022-04-19 09:10:00,1.1016743251962324,False
2022-04-19 09:20:00,1.0941982938288226,False
2022-04-19 09:30:00,0.9026813449696929,False
2022-04-19 09:40:00,0.8397933649845761,False
2022-04-19 09:50:00,1.0019686056584174,False
2022-04-19 10:00:00,0.9575358728861074,False
2022-04-19 10:10:00,0.990503006733385,False
2022-04-19 10:20:00,1.1392163102255894,False
2022-04-19 10:30:00,0.8905684099314594,False
2022-04-19 10:40:00,1.0916552038051992,False
2022-04-19 10:50:00,1.0194013130414308,False
2022-04-19 11:00:00,,False
2022-04-19 11:10:00,0.9224929312990309,False
2022-04-19 11:20:00,0.8551147783476102,False
2022-04-19 11:30:00,,False
2022-04-19 11:40:00,0.98772751242331,False
2022-04-19 11:50:00,1.0206360013937206,False
2022-04-19 12:00:00,1.187615452592579,False
2022-04-19 12:10:00,0.982058394115265,False
2022-04-19 12:20:00,0.9230765800130988,False
2022-04-19 12:30:00,0.853826453844003,False
2022-04-19 12:40:00,1.0594083637015907,False
2022-04-19 12:50:00,1.1163356256194714,False
2022-04-19 13:00:00,1.0718763843568409,False
2022-04-19 13:10:00,1.1324523121204413,False
2022-04-19 13:20:00,1.0184119410149062,False
2022-04-19 13:30:00,0.9959098267902133,False
2022-04-19 13:40:00,0.9768535611667526,False
2022-04-19 13:50:00,,False
2022-04-19 14:00:00,0.9931682404308573,False
2022-04-19 14:10:00,1.0307056247678297,False
2022-04-19 14:20:00,1.1128280195785205,False
2022-04-19 14:30:00,1.0728519868613224,False
2022-04-19 14:40:00,0.9338791966018124,False
2022-04-19 14:50:00,1.0083814444683445,False
2022-04-19 15:00:00,0.9036623952333439,False
2022-04-19 15:10:00,0.9308588209084633,False
2022-04-19 15:20:00,0.9752711835988838,False
2022-04-19 15:30:00,,False
2022-04-19 15:40:00,1.0266348643539036,False
2022-04-19 15:50:00,1.1407012288814449,False
2022-04-19 16:00:00,1.2251196413962733,False
2022-04-19 16:10:00,0.7816839256899231,False
2022-04-19 16:20:00,0.8478977844177265,False
2022-04-19 16:30:00,1.0338348385061842,False
2022-04-19 16:40:00,1.1196142213581814,False
2022-04-19 16:50:00,0.7689130655801606,False
2022-04-19 17:00:00,0.9335433854445389,False
2022-04-19 17:10:00,1.0242796921625685,False
2022-04-19 17:20:00,1.0259378733359676,False
2022-04-19 17:30:00,0.9904338921881173,False
2022-04-19 17:40:00,1.052291916676358,False
2022-04-19 17:50:00,1.0556361743572245,False
2022-04-19 18:00:00,,False
2022-04-19 18:10:00,1.0617915762293848,False
2022-04-19 18:20:00,1.100162282236878,False
2022-04-19 18:30:00,0.9788005177690833,False
2022-04-19 18:40:00,0.8716166772206234,False
2022-04-19 18:50:00,0.9961304751304363,False
2022-04-19 19:00:00,,False
2022-04-19 19:10:00,0.9269596266251728,False
2022-04-19 19:20:00,1.1110716413141704,False
2022-04-19 19:30:00,1.206788577410629,False
2022-04-19 19:40:00,0.9754491999746201,False
2022-04-19 19:50:00,1.014005395515737,False
2022-04-19 20:00:00,0.9257735401242426,False
2022-04-19 20:10:00,1.1310401568492818,False
2022-04-19 20:20:00,0.9620576130471273,False
2022-04-19 20:30:00,1.132528268176942,False
2022-04-19 20:40:00,1.1281855422175107,False
2022-04-19 20:50:00,0.9367249124427665,False
2022-04-19 21:00:00,0.8219472830647687,False
2022-04-19 21:10:00,0.8479355108418517,False
2022-04-19 21:20:00,0.9293734363437878,False
2022-04-19 21:30:00,0.884342629275833,False
2022-04-19 21:40:00,1.1868447792460048,False
2022-04-19 21:50:00,0.9904704541283125,False
2022-04-19 22:00:00,0.9086884987491125,False
2022-04-19 22:10:00,0.8980295697846161,False
2022-04-19 22:20:00,0.985362612996538,False
2022-04-19 22:30:00,0.9537798642248013,False
2022-04-19 22:40:00,1.0437281963282712,False
2022-04-19 22:50:00,1.0605206583831266,False
2022-04-19 23:00:00,1.214257450318168,False
2022-04-19 23:10:00,0.9156953632656918,False
2022-04-19 23:20:00,0.9666981781859195,False
2022-04-19 23:30:00,1.0067987906327314,False
2022-04-19 23:40:00,1.1039952002498175,False
2022-04-19 23:50:00,1.0910801605238332,False
2022-04-20 00:00:00,0.8529078757397736,False
2022-04-20 00:10:00,1.0164198107242635,False
2022-04-20 00:20:00,0.8465221415558635,False
2022-04-20 00:30:00,0.8833874566507967,False
2022-04-20 00:40:00,0.9671429197657588,False
2022-04-20 00:50:00,0.898243685464923,False
2022-04-20 01:00:00,0.8648741314550982,False
2022-04-20 01:10:00,0.8899120864497493,False
2022-04-20 01:20:00,0.9839889419277414,False
2022-04-20 01:30:00,0.968957153637703,False
2022-04-20 01:40:00,0.917734630205403,False
2022-04-20 01:50:00,0.8516804067107073,False
2022-04-20 02:00:00,1.0478050661167635,False
2022-04-20 02:10:00,0.9135746014238203,False
2022-04-20 02:20:00,0.9808898193532731,False
2022-04-20 02:30:00,1.1841867106149846,False
2022-04-20 02:40:00,0.9839554038120618,False
2022-04-20 02:50:00,1.0965154635624799,False
2022-04-20 03:00:00,1.1032009402055831,False
2022-04-20 03:10:00,1.0630587101570697,False
2022-04-20 03:20:00,1.080993402926358,False
2022-04-20 03:30:00,1.2227816681358907,False
2022-04-20 03:40:00,0.914989320071574,False
2022-04-20 03:50:00,1.0328146779212166,False
2022-04-20 04:00:00,0.9660296305543947,False
2022-04-20 04:10:00,0.9346397243293247,False
2022-04-20 04:20:00,1.1945641676411427,False
2022-04-20 04:30:00,0.702843170811988,False
2022-04-20 04:40:00,1.0360732813659492,False
2022-04-20 04:50:00,1.1865856886550523,False
2022-04-20 05:00:00,0.9741896477342677,False
2022-04-20 05:10:00,1.1084865549454919,False
2022-04-20 05:20:00,1.0862781725281996,False
2022-04-20 05:30:00,0.8949242240206383,False
2022-04-20 05:40:00,0.8696364076686256,False
2022-04-20 05:50:00,1.0200359241189254,False
2022-04-20 06:00:00,0.910843468430499,False
2022-04-20 06:10:00,0.7662929022040755,False
2022-04-20 06:20:00,1.0417998384896239,False
2022-04-20 06:30:00,1.0254197833874505,False
2022-04-20 06:40:00,0.8211370066219745,False
2022-04-20 06:50:00,0.9090401651837474,False
2022-04-20 07:00:00,0.8635068693796492,False
2022-04-20 07:10:00,0.7655688347265597,False
2022-04-20 07:20:00,1.0790340955583364,False
2022-04-20 07:30:00,1.0139222522918658,False
2022-04-20 07:40:00,1.0480128556020083,False
2022-04-20 07:50:00,1.031421683607909,False
2022-04-20 08:00:00,0.8530465301871392,False
2022-04-20 08:10:00,1.0533831306519132,False
2022-04-20 08:20:00,1.0068405005708867,False
2022-04-20 08:30:00,1.0550318028345047,False
2022-04-20 08:40:00,0.9560629950764264,False
2022-04-20 08:50:00,1.0028301514657945,False
2022-04-20 09:00:00,0.9799939117924376,False
2022-04-20 09:10:00,1.0915886075000985,False
2022-04-20 09:20:00,0.9229091216327806,False
2022-04-20 09:30:00,1.1103279914407989,False
2022-04-20 09:40:00,0.9530118882250862,False
2022-04-20 09:50:00,,False
2022-04-20 10:00:00,1.1147363330695712,False
2022-04-20 10:10:00,0.8642507190410869,False
2022-04-20 10:20:00,0.9397162374406219,False
2022-04-20 10:30:00,1.0907479294844755,False
2022-04-20 10:40:00,0.8490257926947856,False
2022-04-20 10:50:00,0.9265352870756858,False
2022-04-20 11:00:00,1.0515094901356539,False
2022-04-20 11:10:00,1.1352133427215927,False
2022-04-20 11:20:00,0.9045664872807296,False
2022-04-20 11:30:00,0.9502447306785876,False
2022-04-20 11:40:00,1.1515258350777131,False
2022-04-20 11:50:00,0.9553452374254726,False
2022-04-20 12:00:00,1.0505419161261993,False
2022-04-20 12:10:00,0.8611822331827934,False
2022-04-20 12:20:00,1.0476148791769855,False
2022-04-20 12:30:00,1.030630618506503,False
2022-04-20 12:40:00,1.062108429339014,False
2022-04-20 12:50:00,1.2385281620625377,False
2022-04-20 13:00:00,0.9321528789874417,False
2022-04-20 13:10:00,1.0574289444135956,False
2022-04-20 13:20:00,0.9487432357088231,False
2022-04-20 13:30:00,0.9731076832833755,False
2022-04-20 13:40:00,1.0090659432839488,False
2022-04-20 13:50:00,,False
2022-04-20 14:00:00,0.9928368853140591,False
2022-04-20 14:10:00,1.1002326497536448,False
2022-04-20 14:20:00,1.0966585319836004,False
2022-04-20 14:30:00,1.0880224910063603,False
2022-04-20 14:40:00,0.9454515735505424,False
2022-04-20 14:50:00,0.9856185086379753,False
2022-04-20 15:00:00,1.026180916822768,False
2022-04-20 15:10:00,0.8669053953832906,False
2022-04-20 15:20:00,0.8847059920687637,False
2022-04-20 15:30:00,0.99969570121508,False
2022-04-20 15:40:00,1.0161830930853364,False
2022-04-20 15:50:00,0.9669822140654044,False
2022-04-20 16:00:00,1.0205124643030747,False
2022-04-20 16:10:00,0.9760769097063603,False
2022-04-20 16:20:00,0.8869358234370548,False
2022-04-20 16:30:00,1.0540689823439404,False
2022-04-20 16:40:00,0.8746219425149958,False
2022-04-20 16:50:00,1.0358434194206756,False
2022-04-20 17:00:00,0.960344074724922,False
2022-04-20 17:10:00,0.8391531703852857,False
2022-04-20 17:20:00,1.0745232757764034,False
2022-04-20 17:30:00,0.9111469798843805,False
2022-04-20 17:40:00,0.9698240845592946,False
2022-04-20 17:50:00,1.053914244865849,False
2022-04-20 18:00:00,1.227223173209585,False
2022-04-20 18:10:00,1.2501039739641682,False
2022-04-20 18:20:00,0.9555667065017158,False
2022-04-20 18:30:00,0.8844111021993802,False
2022-04-20 18:40:00,1.040544784485458,False
2022-04-20 18:50:00,0.7924648694452257,False
2022-04-20 19:00:00,0.9961877460695315,False
2022-04-20 19:10:00,1.0155300507033238,False
2022-04-20 19:20:00,0.904782099844188,False
2022-04-20 19:30:00,1.11561201855432,False
2022-04-20 19:40:00,0.926092415794117,False
2022-04-20 19:50:00,,False
2022-04-20 20:00:00,0.8053643671405611,False
2022-04-20 20:10:00,0.6423929554369452,False
2022-04-20 20:20:00,1.0420418717405315,False
2022-04-20 20:30:00,0.8449280970328946,False
2022-04-20 20:40:00,1.141501492433919,False
2022-04-20 20:50:00,1.0185049742768646,False
2022-04-20 21:00:00,,False
2022-04-20 21:10:00,1.0833919671774805,False
2022-04-20 21:20:00,0.9699386096597186,False
2022-04-20 21:30:00,1.0848647009513848,False
2022-04-20 21:40:00,0.9496189276761575,False
2022-04-20 21:50:00,0.9195474121158334,False
2022-04-20 22:00:00,1.071447349230131,False
2022-04-20 22:10:00,1.092774513456762,False
2022-04-20 22:20:00,1.0061797568478574,False
2022-04-20 22:30:00,1.0591277106300867,False
2022-04-20 22:40:00,0.948482274041738,False
2022-04-20 22:50:00,1.0659875982961704,False
2022-04-20 23:00:00,0.9931348942641608,False
2022-04-20 23:10:00,1.007496608844589,False
2022-04-20 23:20:00,0.9321577289881278,False
2022-04-20 23:30:00,1.023596845474828,False
2022-04-20 23:40:00,0.906280350413477,False
2022-04-20 23:50:00,1.086694747364816,False
2022-04-21 00:00:00,,False
2022-04-21 00:10:00,0.9854698802478067,False
2022-04-21 00:20:00,0.9686785470500067,False
2022-04-21 00:30:00,0.8361286160057151,False
2022-04-21 00:40:00,0.8987862604649024,False
2022-04-21 00:50:00,1.178493046281369,False
2022-04-21 01:00:00,0.856479063120279,False
2022-04-21 01:10:00,1.1516198617671736,False
2022-04-21 01:20:00,1.1260113558856777,False
2022-04-21 01:30:00,1.1566830931276157,False
2022-04-21 01:40:00,1.0502740164891324,False
2022-04-21 01:50:00,0.9424614650620566,False
2022-04-21 02:00:00,1.0156755204313728,False
2022-04-21 02:10:00,0.9398071081883346,False
2022-04-21 02:20:00,0.9192878119449078,False
2022-04-21 02:30:00,0.8876517497081913,False
2022-04-21 02:40:00,1.0578442836157544,False
2022-04-21 02:50:00,1.0721395888171747,False
2022-04-21 03:00:00,0.9657554450656225,False
2022-04-21 03:10:00,0.8246131064069443,False
2022-04-21 03:20:00,0.9829722184452274,False
2022-04-21 03:30:00,1.0105086848088627,False
2022-04-21 03:40:00,1.0073102507415914,False
2022-04-21 03:50:00,,False
2022-04-21 04:00:00,0.8588632161278675,False
2022-04-21 04:10:00,1.1008460626132153,False
2022-04-21 04:20:00,0.8828150192766919,False
2022-04-21 04:30:00,0.9672639203192186,False
2022-04-21 04:40:00,0.9226975261144875,False
2022-04-21 04:50:00,1.1291328984027014,False
2022-04-21 05:00:00,0.9909377900395597,False
2022-04-21 05:10:00,0.9318141798818159,False
2022-04-21 05:20:00,1.0281807384638242,False
2022-04-21 05:30:00,0.8396242291895067,False
2022-04-21 05:40:00,1.0509863337032808,False
2022-04-21 05:50:00,1.0645429472239234,False
2022-04-21 06:00:00,0.9970099998546033,False
2022-04-21 06:10:00,1.0044217011398318,False
2022-04-21 06:20:00,1.0408282510357998,False
2022-04-21 06:30:00,0.8673804470579413,False
2022-04-21 06:40:00,0.8572266817298156,False
2022-04-21 06:50:00,1.1460889616550232,False
2022-04-21 07:00:00,1.1114591143446197,False
2022-04-21 07:10:00,0.9748508480449903,False
2022-04-21 07:20:00,1.0495197461523316,False
2022-04-21 07:30:00,0.909767596675708,False
2022-04-21 07:40:00,1.1846944953304337,False
2022-04-21 07:50:00,0.9135662204998766,False
2022-04-21 08:00:00,1.0353858176077615,False
2022-04-21 08:10:00,0.8507692671651357,False
2022-04-21 08:20:00,1.017060887671639,False
2022-04-21 08:30:00,0.9445410067538871,False
2022-04-21 08:40:00,1.097732370487194,False
2022-04-21 08:50:00,0.9964914159340835,False
2022-04-21 09:00:00,0.8863681799155843,False
2022-04-21 09:10:00,0.9274336332258238,False
2022-04-21 09:20:00,0.8870685603511981,False
2022-04-21 09:30:00,1.1211057200841372,False
2022-04-21 09:40:00,1.0664669685870256,False
2022-04-21 09:50:00,1.0357219666969044,False
2022-04-21 10:00:00,0.9480584120551212,False
2022-04-21 10:10:00,0.9606086932309456,False
2022-04-21 10:20:00,1.0286509128796466,False
2022-04-21 10:30:00,1.0426513254442358,False
2022-04-21 10:40:00,1.0936843907603209,False
2022-04-21 10:50:00,0.952256085511525,False
2022-04-21 11:00:00,1.003824846606745,False
2022-04-21 11:10:00,1.012042287957854,False
2022-04-21 11:20:00,0.8461455862355,False
2022-04-21 11:30:00,1.0025631469826386,False
2022-04-21 11:40:00,0.9781283971962222,False
2022-04-21 11:50:00,0.9574849780638157,False
2022-04-21 12:00:00,1.1122366061283036,False
2022-04-21 12:10:00,,False
2022-04-21 12:20:00,1.0475589653560198,False
2022-04-21 12:30:00,1.0295298950648237,False
2022-04-21 12:40:00,0.9710405900326615,False
2022-04-21 12:50:00,1.0177824380739569,False
2022-04-21 13:00:00,1.1914415714868252,False
2022-04-21 13:10:00,0.925813453846535,False
2022-04-21 13:20:00,0.8966794677575488,False
2022-04-21 13:30:00,0.8476413514519723,False
2022-04-21 13:40:00,0.9845667318461984,False
2022-04-21 13:50:00,0.8965899434376766,False
2022-04-21 14:00:00,1.1347840977239425,False
2022-04-21 14:10:00,1.0246836631492144,False
2022-04-21 14:20:00,1.0029411757515396,False
2022-04-21 14:30:00,0.986698211888062,False
2022-04-21 14:40:00,0.939360230166724,False
2022-04-21 14:50:00,,False
2022-04-21 15:00:00,0.9424732939452437,False
2022-04-21 15:10:00,0.9601697767191555,False
2022-04-21 15:20:00,,False
2022-04-21 15:30:00,0.9519044818239358,False
2022-04-21 15:40:00,1.0849544425114304,False
2022-04-21 15:50:00,0.9209045593611473,False
2022-04-21 16:00:00,1.03346191640772,False
2022-04-21 16:10:00,,False
2022-04-21 16:20:00,0.783524367624321,False
2022-04-21 16:30:00,1.0153326419909383,False
2022-04-21 16:40:00,0.8863971164831175,False
2022-04-21 16:50:00,1.1725660339167459,False
2022-04-21 17:00:00,0.959738645704056,False
2022-04-21 17:10:00,0.9248211994544536,False
2022-04-21 17:20:00,1.09504769225104,False
2022-04-21 17:30:00,0.9579565854477552,False
2022-04-21 17:40:00,1.118245006447163,False
2022-04-21 17:50:00,1.0491131793278194,False
2022-04-21 18:00:00,1.0670783540303608,False
2022-04-21 18:10:00,0.9893092898708765,False
2022-04-21 18:20:00,0.8985761689377838,False
2022-04-21 18:30:00,0.9863467323408415,False
2022-04-21 18:40:00,0.8684728867271468,False
2022-04-21 18:50:00,1.010307219319313,False
2022-04-21 19:00:00,1.1099570067931845,False
2022-04-21 19:10:00,0.8591410035045803,False
2022-04-21 19:20:00,1.0203862967338282,False
2022-04-21 19:30:00,1.0643679516684965,False
2022-04-21 19:40:00,1.0324637434122075,False
2022-04-21 19:50:00,1.0142343551769606,False
2022-04-21 20:00:00,0.9960507795052584,False
2022-04-21 20:10:00,0.9189051866598874,False
2022-04-21 20:20:00,0.918648849981368,False
2022-04-21 20:30:00,0.9785204698922629,False
2022-04-21 20:40:00,1.002216686649457,False
2022-04-21 20:50:00,0.9888999486054021,False
2022-04-21 21:00:00,0.9738003552881686,False
2022-04-21 21:10:00,0.7934781236678803,False
2022-04-21 21:20:00,1.0189813216612633,False
2022-04-21 21:30:00,1.0751777541474592,False
2022-04-21 21:40:00,0.9802912774294148,False
2022-04-21 21:50:00,1.1466996549007766,False
2022-04-21 22:00:00,1.0008691754363028,False
2022-04-21 22:10:00,0.908886697081671,False
2022-04-21 22:20:00,1.1032648001576029,False
2022-04-21 22:30:00,0.9967541773476217,False
2022-04-21 22:40:00,0.9062711392510343,False
2022-04-21 22:50:00,0.7556235779625097,False
2022-04-21 23:00:00,0.9670210624711963,False
2022-04-21 23:10:00,1.0097436768468948,False
2022-04-21 23:20:00,0.912598487851353,False
2022-04-21 23:30:00,1.0371040109046956,False
2022-04-21 23:40:00,0.9735985065621073,False
2022-04-21 23:50:00,0.8133985801365814,False
2022-04-22 00:00:00,1.196481557807618,False
2022-04-22 00:10:00,0.9735648266276123,False
2022-04-22 00:20:00,0.9656964998667965,False
2022-04-22 00:30:00,0.7678705260776895,False
2022-04-22 00:40:00,1.1324749046749332,False
2022-04-22 00:50:00,0.8591393410266676,False
2022-04-22 01:00:00,0.9093710811981143,False
2022-04-22 01:10:00,0.9486951536770379,False
2022-04-22 01:20:00,1.170366731663077,False
2022-04-22 01:30:00,0.8491869611767602,False
2022-04-22 01:40:00,0.923517536152387,False
2022-04-22 01:50:00,1.1590586697990821,False
2022-04-22 02:00:00,1.0319619386636314,False
2022-04-22 02:10:00,0.9349609874987771,False
2022-04-22 02:20:00,1.0910372370336656,False
2022-04-22 02:30:00,0.9560969121270418,False
2022-04-22 02:40:00,1.0837581661862963,False
2022-04-22 02:50:00,1.093450950053931,False
2022-04-22 03:00:00,1.125017512011756,False
2022-04-22 03:10:00,0.9746413600910259,False
2022-04-22 03:20:00,0.8629057983246804,False
2022-04-22 03:30:00,1.093124705733601,False
2022-04-22 03:40:00,1.0394443954123354,False
2022-04-22 03:50:00,1.0513174705060715,False
2022-04-22 04:00:00,0.9668155675529656,False
2022-04-22 04:10:00,0.9896670974135632,False
2022-04-22 04:20:00,0.9911031328968314,False
2022-04-22 04:30:00,1.0412107314315375,False
2022-04-22 04:40:00,1.0665822383887886,False
2022-04-22 04:50:00,1.0535381424202068,False
2022-04-22 05:00:00,1.214840297037026,False
2022-04-22 05:10:00,0.9899544969691091,False
2022-04-22 05:20:00,1.0845343500120594,False
2022-04-22 05:30:00,0.9019175320406934,False
2022-04-22 05:40:00,1.0142919690881445,False
2022-04-22 05:50:00,0.9843739389505675,False
2022-04-22 06:00:00,0.9750490864609367,False
2022-04-22 06:10:00,0.9487175287854103,False
2022-04-22 06:20:00,1.130131177671239,False
2022-04-22 06:30:00,1.233836169013984,False
2022-04-22 06:40:00,,False
2022-04-22 06:50:00,1.05110386454984,False
2022-04-22 07:00:00,0.9964901968037574,False
2022-04-22 07:10:00,0.8862252180706156,False
2022-04-22 07:20:00,0.7378028699883843,False
2022-04-22 07:30:00,1.0285981147917669,False
2022-04-22 07:40:00,0.9566334335454163,False
2022-04-22 07:50:00,1.063834743149506,False
2022-04-22 08:00:00,1.0117306704412934,False
2022-04-22 08:10:00,0.9946764467521074,False
2022-04-22 08:20:00,0.8376066773585056,False
2022-04-22 08:30:00,1.1429272921068605,False
2022-04-22 08:40:00,,False
2022-04-22 08:50:00,,False
2022-04-22 09:00:00,1.0647559700607732,False
2022-04-22 09:10:00,0.9861326549031167,False
2022-04-22 09:20:00,0.9188628090418056,False
2022-04-22 09:30:00,0.9836666129990594,False
2022-04-22 09:40:00,1.0603937438395366,False
2022-04-22 09:50:00,1.0347451510653036,False
2022-04-22 10:00:00,0.887585499675805,False
2022-04-22 10:10:00,0.9978332352517176,False
2022-04-22 10:20:00,1.0201188830725376,False
2022-04-22 10:30:00,0.9976951132075838,False
2022-04-22 10:40:00,1.1266401630735983,False
2022-04-22 10:50:00,0.9134989983970522,False
2022-04-22 11:00:00,1.038030600979751,False
2022-04-22 11:10:00,0.9401704906514221,False
2022-04-22 11:20:00,1.0397153249154876,False
2022-04-22 11:30:00,1.0090972919181858,False
2022-04-22 11:40:00,0.9897973808918122,False
2022-04-22 11:50:00,0.8299291463033373,False
2022-04-22 12:00:00,1.0852022210534784,False
2022-04-22 12:10:00,,False
2022-04-22 12:20:00,0.9486516156589222,False
2022-04-22 12:30:00,1.0612165469324475,False
2022-04-22 12:40:00,0.6856277611659773,False
2022-04-22 12:50:00,,False
2022-04-22 13:00:00,0.7820497206315242,False
2022-04-22 13:10:00,0.9699601780704893,False
2022-04-22 13:20:00,1.011456669585862,False
2022-04-22 13:30:00,0.8611130723175932,False
2022-04-22 13:40:00,1.1346324268176395,False
2022-04-22 13:50:00,1.2050707517495227,False
2022-04-22 14:00:00,1.068758532620578,False
2022-04-22 14:10:00,1.0239662788288804,False
2022-04-22 14:20:00,,False
2022-04-22 14:30:00,0.9533371129497189,False
2022-04-22 14:40:00,1.0588657749473893,False
2022-04-22 14:50:00,1.0484524860476552,False
2022-04-22 15:00:00,1.0318372666115507,False
2022-04-22 15:10:00,0.979539057297779,False
2022-04-22 15:20:00,0.9525673673159176,False
2022-04-22 15:30:00,0.9098271503595219,False
2022-04-22 15:40:00,,False
2022-04-22 15:50:00,1.177254457619371,False
2022-04-22 16:00:00,1.0584102014378274,False
2022-04-22 16:10:00,1.0444128949172167,False
2022-04-22 16:20:00,0.9971689059001381,False
2022-04-22 16:30:00,0.9790648531880726,False
2022-04-22 16:40:00,1.0376447799059871,False
2022-04-22 16:50:00,0.9610336518722602,False
2022-04-22 17:00:00,,False
2022-04-22 17:10:00,0.8412125845838807,False
2022-04-22 17:20:00,1.1894901397393034,False
2022-04-22 17:30:00,1.0486398345279904,False
2022-04-22 17:40:00,0.9297071626652907,False
2022-04-22 17:50:00,0.9937999331478738,False
2022-04-22 18:00:00,0.8067972574550041,False
2022-04-22 18:10:00,0.8316597020392937,False
2022-04-22 18:20:00,1.0849312737969115,False
2022-04-22 18:30:00,0.9751334898100894,False
2022-04-22 18:40:00,0.9925401730121356,False
2022-04-22 18:50:00,0.9621178382558515,False
2022-04-22 19:00:00,0.8029459488536564,False
2022-04-22 19:10:00,0.9722906225683671,False
2022-04-22 19:20:00,1.0008492565263334,False
2022-04-22 19:30:00,0.7902875907235211,False
2022-04-22 19:40:00,0.9686171574162808,False
2022-04-22 19:50:00,1.044036847035412,False
2022-04-22 20:00:00,0.9723052556101982,False
2022-04-22 20:10:00,0.8255354962100534,False
2022-04-22 20:20:00,1.0066572997008199,False
2022-04-22 20:30:00,1.0782183301235284,False
2022-04-22 20:40:00,0.9786908075567284,False
2022-04-22 20:50:00,0.9800714913451083,False
2022-04-22 21:00:00,0.8794028299649523,False
2022-04-22 21:10:00,1.1399787332552105,False
2022-04-22 21:20:00,0.9873704079790119,False
2022-04-22 21:30:00,0.9200132495655294,False
2022-04-22 21:40:00,1.084107637932512,False
2022-04-22 21:50:00,1.0106209855786923,False
2022-04-22 22:00:00,1.1195742685181693,False
2022-04-22 22:10:00,1.0130466196103032,False
2022-04-22 22:20:00,0.9326805724771929,False
2022-04-22 22:30:00,0.9740452555193129,False
2022-04-22 22:40:00,0.8510228527776299,False
2022-04-22 22:50:00,1.003800088855233,False
2022-04-22 23:00:00,0.9879792680800313,False
2022-04-22 23:10:00,0.8867686656473959,False
2022-04-22 23:20:00,0.9597327611492283,False
2022-04-22 23:30:00,0.9789078862547337,False
2022-04-22 23:40:00,,False
2022-04-22 23:50:00,,False
2022-04-23 00:00:00,0.8721155631504456,False
2022-04-23 00:10:00,0.9917567480065855,False
2022-04-23 00:20:00,1.0981632460914978,False
2022-04-23 00:30:00,1.0662204346468191,False
2022-04-23 00:40:00,0.8282890709164116,False
2022-04-23 00:50:00,1.004441833872097,False
2022-04-23 01:00:00,1.0068604063024367,False
2022-04-23 01:10:00,1.0013889875803157,False
2022-04-23 01:20:00,0.8603185123971432,False
2022-04-23 01:30:00,1.1171438698642644,False
2022-04-23 01:40:00,1.0517725028586389,False
2022-04-23 01:50:00,1.204855995350679,False
2022-04-23 02:00:00,0.8428816611189475,False
2022-04-23 02:10:00,0.8921598768018072,False
2022-04-23 02:20:00,1.0557718431085223,False
2022-04-23 02:30:00,0.9905360902755102,False
2022-04-23 02:40:00,1.0461597202522974,False
2022-04-23 02:50:00,1.050016211764481,False
2022-04-23 03:00:00,1.030252374553724,False
2022-04-23 03:10:00,0.8833277024075405,False
2022-04-23 03:20:00,0.9533688910590481,False
2022-04-23 03:30:00,0.9922064963816494,False
2022-04-23 03:40:00,0.9085415880016304,False
2022-04-23 03:50:00,1.0559810346215568,False
2022-04-23 04:00:00,1.1128842479268535,False
2022-04-23 04:10:00,0.9271022198696869,False
2022-04-23 04:20:00,1.0449059151039608,False
2022-04-23 04:30:00,1.0742331143263932,False
2022-04-23 04:40:00,1.0656280436333527,False
2022-04-23 04:50:00,1.0302074898326177,False
2022-04-23 05:00:00,0.9623867214125245,False
2022-04-23 05:10:00,1.0909195260412121,False
2022-04-23 05:20:00,1.193562761270674,False
2022-04-23 05:30:00,0.7760845199944391,False
2022-04-23 05:40:00,0.96563864116581,False
2022-04-23 05:50:00,1.1721136052004408,False
2022-04-23 06:00:00,0.9177478420809647,False
2022-04-23 06:10:00,0.8776042988032169,False
2022-04-23 06:20:00,0.9100926527815747,False
2022-04-23 06:30:00,0.8542460518224788,False
2022-04-23 06:40:00,1.1022638214296412,False
2022-04-23 06:50:00,1.016924802836728,False
2022-04-23 07:00:00,0.9485343391883077,False
2022-04-23 07:10:00,1.1104344110789455,False
2022-04-23 07:20:00,1.1218547658419886,False
2022-04-23 07:30:00,1.011492655874031,False
2022-04-23 07:40:00,0.9578680187236484,False
2022-04-23 07:50:00,1.137162404221885,False
2022-04-23 08:00:00,1.0867537808757155,False
2022-04-23 08:10:00,1.0611306388856643,False
2022-04-23 08:20:00,0.8947174250951107,False
2022-04-23 08:30:00,0.8833985954861993,False
2022-04-23 08:40:00,0.8648991881044932,False
2022-04-23 08:50:00,1.1392386327929174,False
2022-04-23 09:00:00,1.065420181740003,False
2022-04-23 09:10:00,1.0287881558494525,False
2022-04-23 09:20:00,0.9645988436309386,False
2022-04-23 09:30:00,1.084679270115851,False
2022-04-23 09:40:00,0.9967940212032644,False
2022-04-23 09:50:00,1.0527296823402814,False
2022-04-23 10:00:00,0.9396101192888096,False
2022-04-23 10:10:00,0.9168288921527635,False
2022-04-23 10:20:00,0.9617813168046929,False
2022-04-23 10:30:00,0.9300019911169322,False
2022-04-23 10:40:00,1.0233980481410758,False
2022-04-23 10:50:00,1.100482389570032,False
2022-04-23 11:00:00,0.9037173732035839,False
2022-04-23 11:10:00,0.9382283410658184,False
2022-04-23 11:20:00,1.0818270003773818,False
2022-04-23 11:30:00,0.9922869245871183,False
2022-04-23 11:40:00,1.0523152590241738,False
2022-04-23 11:50:00,1.0363946174087348,False
2022-04-23 12:00:00,0.9797513491269301,False
2022-04-23 12:10:00,0.9884343700275959,False
2022-04-23 12:20:00,1.0920236788279456,False
2022-04-23 12:30:00,0.890436562043851,False
2022-04-23 12:40:00,0.939678426246634,False
2022-04-23 12:50:00,,False
2022-04-23 13:00:00,0.9454594017704238,False
2022-04-23 13:10:00,1.0714463138529884,False
2022-04-23 13:20:00,0.9834202664997037,False
2022-04-23 13:30:00,1.0173875105760213,False
2022-04-23 13:40:00,1.0514339568514786,False
2022-04-23 13:50:00,0.9341501698294272,False
2022-04-23 14:00:00,0.8560425677079536,False
2022-04-23 14:10:00,0.9633985760528091,False
2022-04-23 14:20:00,0.8609301992936836,False
2022-04-23 14:30:00,1.1683640119341299,False
2022-04-23 14:40:00,1.0411309572700342,False
2022-04-23 14:50:00,1.1447105000489013,False
2022-04-23 15:00:00,0.9328493790027983,False
2022-04-23 15:10:00,1.0127831418027353,False
2022-04-23 15:20:00,1.0720809871603152,False
2022-04-23 15:30:00,0.9839676737355422,False
2022-04-23 15:40:00,1.0107556397221387,False
2022-04-23 15:50:00,1.0283752110298328,False
2022-04-23 16:00:00,0.9492313161619048,False
2022-04-23 16:10:00,0.9788903120179164,False
2022-04-23 16:20:00,1.094318095760657,False
2022-04-23 16:30:00,0.9744825228967842,False
2022-04-23 16:40:00,0.8412286806782415,False
2022-04-23 16:50:00,1.1303429984299096,False
2022-04-23 17:00:00,1.0147342371210681,False
2022-04-23 17:10:00,1.0037100489966415,False
2022-04-23 17:20:00,0.9625036085852023,False
2022-04-23 17:30:00,1.1513879150994475,False
2022-04-23 17:40:00,1.009495263641174,False
2022-04-23 17:50:00,0.9495084205474702,False
2022-04-23 18:00:00,1.0257947985738434,False
2022-04-23 18:10:00,1.029614879091513,False
2022-04-23 18:20:00,0.8571290451934959,False
2022-04-23 18:30:00,1.0765080344928946,False
2022-04-23 18:40:00,0.8744015491287273,False
2022-04-23 18:50:00,0.9091784131267614,False
2022-04-23 19:00:00,0.9988122725544116,False
2022-04-23 19:10:00,,False
2022-04-23 19:20:00,1.040028066250653,False
2022-04-23 19:30:00,1.1127470409225864,False
2022-04-23 19:40:00,0.8505233961918358,False
2022-04-23 19:50:00,,False
2022-04-23 20:00:00,0.8926757123448107,False
2022-04-23 20:10:00,1.0498987798936492,False
2022-04-23 20:20:00,1.1425996781900294,False
2022-04-23 20:30:00,0.9463349423351088,False
2022-04-23 20:40:00,1.184311675109293,False
2022-04-23 20:50:00,1.0626226302957724,False
2022-04-23 21:00:00,0.8799030195872162,False
2022-04-23 21:10:00,0.9293559653413527,False
2022-04-23 21:20:00,1.0546556380831316,False
2022-04-23 21:30:00,0.97642283683031,False
2022-04-23 21:40:00,1.03040024047185,False
2022-04-23 21:50:00,1.2064030536601131,False
2022-04-23 22:00:00,0.9788942226781389,False
2022-04-23 22:10:00,1.0704482867580578,False
2022-04-23 22:20:00,0.964018897117909,False
2022-04-23 22:30:00,1.0928434454001197,False
2022-04-23 22:40:00,0.929065943621578,False
2022-04-23 22:50:00,0.9924100695412884,False
2022-04-23 23:00:00,1.1292404687593178,False
2022-04-23 23:10:00,1.1223301590688608,False
2022-04-23 23:20:00,0.9637289368665929,False
2022-04-23 23:30:00,1.0100551347049391,False
2022-04-23 23:40:00,1.0307506297115232,False
2022-04-23 23:50:00,0.9740297855334034,False
2022-04-24 00:00:00,1.068588880788864,False
2022-04-24 00:10:00,0.9684303755552677,False
2022-04-24 00:20:00,0.9761616390063341,False
2022-04-24 00:30:00,0.9802109984809035,False
2022-04-24 00:40:00,0.9427559762219786,False
2022-04-24 00:50:00,1.0261518601172477,False
2022-04-24 01:00:00,1.1077738214928892,False
2022-04-24 01:10:00,1.0025603940124055,False
2022-04-24 01:20:00,0.8343597196422508,False
2022-04-24 01:30:00,1.0108295244925365,False
2022-04-24 01:40:00,1.0831771200158613,False
2022-04-24 01:50:00,0.9911674164233963,False
2022-04-24 02:00:00,1.0104143294140173,False
2022-04-24 02:10:00,1.0231852008860107,False
2022-04-24 02:20:00,1.1140841490997353,False
2022-04-24 02:30:00,0.9791910393196058,False
2022-04-24 02:40:00,0.8894944512268254,False
2022-04-24 02:50:00,,False
2022-04-24 03:00:00,1.0541392595795647,False
2022-04-24 03:10:00,1.1403069916473585,False
2022-04-24 03:20:00,,False
2022-04-24 03:30:00,0.9484646283078294,False
2022-04-24 03:40:00,1.0264032597466703,False
2022-04-24 03:50:00,0.9738382520685276,False
2022-04-24 04:00:00,0.7712310896912242,False
2022-04-24 04:10:00,0.8772516183994887,False
2022-04-24 04:20:00,1.0810955917656042,False
2022-04-24 04:30:00,0.8623005923945968,False
2022-04-24 04:40:00,0.9938137020973421,False
2022-04-24 04:50:00,0.9226942527745823,False
2022-04-24 05:00:00,1.1984175691306236,False
2022-04-24 05:10:00,0.7892284589156547,False
2022-04-24 05:20:00,0.9031307205933402,False
2022-04-24 05:30:00,0.9518574494756165,False
2022-04-24 05:40:00,0.8683744008963372,False
2022-04-24 05:50:00,1.0693001576246548,False
2022-04-24 06:00:00,0.8617726353510742,False
2022-04-24 06:10:00,0.9924030282147415,False
2022-04-24 06:20:00,,False
2022-04-24 06:30:00,0.9696887968271006,False
2022-04-24 06:40:00,1.1331618266590968,False
2022-04-24 06:50:00,1.1123898407493322,False
2022-04-24 07:00:00,1.043343323864462,False
2022-04-24 07:10:00,0.9875995827041105,False
2022-04-24 07:20:00,,False
2022-04-24 07:30:00,1.076293676058923,False
2022-04-24 07:40:00,0.9384521198781872,False
2022-04-24 07:50:00,0.9761663734276135,False
2022-04-24 08:00:00,0.9442034878587376,False
2022-04-24 08:10:00,1.035408086438269,False
2022-04-24 08:20:00,1.0373668852811833,False
2022-04-24 08:30:00,1.0558022328947707,False
2022-04-24 08:40:00,1.036710776101548,False
2022-04-24 08:50:00,0.819616385717,False
2022-04-24 09:00:00,1.0827393234191145,False
2022-04-24 09:10:00,1.162503752104154,False
2022-04-24 09:20:00,0.8987765137064176,False
2022-04-24 09:30:00,0.9540013701411538,False
2022-04-24 09:40:00,0.9458706852050691,False
2022-04-24 09:50:00,1.0034679048751518,False
2022-04-24 10:00:00,0.9787714879422639,False
2022-04-24 10:10:00,0.9415350088826173,False
2022-04-24 10:20:00,1.0398218595676683,False
2022-04-24 10:30:00,1.0006684200295823,False
2022-04-24 10:40:00,1.1181716025782147,False
2022-04-24 10:50:00,1.2328021029104328,False
2022-04-24 11:00:00,1.1402472990383714,False
2022-04-24 11:10:00,1.0923438296956307,False
2022-04-24 11:20:00,1.0439841926525415,False
2022-04-24 11:30:00,0.783595503296639,False
2022-04-24 11:40:00,0.9506804019279401,False
2022-04-24 11:50:00,1.1040891751957067,False
2022-04-24 12:00:00,0.868334497301069,False
2022-04-24 12:10:00,1.020908035708726,False
2022-04-24 12:20:00,1.1103644800464727,False
2022-04-24 12:30:00,1.1100122930447043,False
2022-04-24 12:40:00,1.028318132414735,False
2022-04-24 12:50:00,1.1541192254096948,False
2022-04-24 13:00:00,,False
2022-04-24 13:10:00,1.042657583632239,False
2022-04-24 13:20:00,0.9728011175531721,False
2022-04-24 13:30:00,1.0738434839736202,False
2022-04-24 13:40:00,0.9728383250978829,False
2022-04-24 13:50:00,0.8489406773435944,False
2022-04-24 14:00:00,0.9696085165267501,False
2022-04-24 14:10:00,0.9702606626490009,False
2022-04-24 14:20:00,0.9453682297020066,False
2022-04-24 14:30:00,1.1198270352606123,False
2022-04-24 14:40:00,0.9419628779139669,False
2022-04-24 14:50:00,1.055385027779852,False
2022-04-24 15:00:00,,False
2022-04-24 15:10:00,1.1535488028485563,False
2022-04-24 15:20:00,,False
2022-04-24 15:30:00,0.9810547261910892,False
2022-04-24 15:40:00,1.0813951013013574,False
2022-04-24 15:50:00,1.0340156982573812,False
2022-04-24 16:00:00,0.9746344094467432,False
2022-04-24 16:10:00,0.938043025734566,False
2022-04-24 16:20:00,0.9335772595613898,False
2022-04-24 16:30:00,0.9821030542081729,False
2022-04-24 16:40:00,1.0102452105190671,False
2022-04-24 16:50:00,0.9227178408698489,False
2022-04-24 17:00:00,1.1541835317087883,False
2022-04-24 17:10:00,1.0538247541266126,False
2022-04-24 17:20:00,,False
2022-04-24 17:30:00,1.1344499738918181,False
2022-04-24 17:40:00,1.0753337353440926,False
2022-04-24 17:50:00,1.1372178430435085,False
2022-04-24 18:00:00,0.8385903030102806,False
2022-04-24 18:10:00,0.7554070350393292,False
2022-04-24 18:20:00,0.9413833157414072,False
2022-04-24 18:30:00,0.9435021118007472,False
2022-04-24 18:40:00,1.061438179127165,False
2022-04-24 18:50:00,1.041498288991578,False
2022-04-24 19:00:00,1.055829813359781,False
2022-04-24 19:10:00,1.0859009251477385,False
2022-04-24 19:20:00,1.1533781256424755,False
2022-04-24 19:30:00,1.048007305561904,False
2022-04-24 19:40:00,0.9840124995696616,False
2022-04-24 19:50:00,1.1176711837746938,False
2022-04-24 20:00:00,1.004824750269562,False
2022-04-24 20:10:00,1.0322565127110044,False
2022-04-24 20:20:00,0.8601061395715542,False
2022-04-24 20:30:00,0.7191150771092704,False
2022-04-24 20:40:00,1.0127392052355026,False
2022-04-24 20:50:00,0.8184618679107915,False
2022-04-24 21:00:00,0.8604477049773471,False
2022-04-24 21:10:00,0.9564228845288082,False
2022-04-24 21:20:00,0.9911331124076906,False
2022-04-24 21:30:00,0.9296331727072367,False
2022-04-24 21:40:00,,False
2022-04-24 21:50:00,0.8192640832570386,False
2022-04-24 22:00:00,0.9331990297687305,False
2022-04-24 22:10:00,1.0700432120834642,False
2022-04-24 22:20:00,0.9450230128428507,False
2022-04-24 22:30:00,1.0880963021697903,False
2022-04-24 22:40:00,1.0537529319390506,False
2022-04-24 22:50:00,1.2154762629335067,False
2022-04-24 23:00:00,1.0244545030496934,False
2022-04-24 23:10:00,1.0219899411947777,False
2022-04-24 23:20:00,0.9736785744747976,False
2022-04-24 23:30:00,1.019039896115287,False
2022-04-24 23:40:00,1.1193736315873584,False
2022-04-24 23:50:00,0.9133037894306447,False
2022-04-25 00:00:00,1.0709250497777199,False
2022-04-25 00:10:00,0.9768436486916184,False
2022-04-25 00:20:00,1.1217991932346114,False
2022-04-25 00:30:00,0.8457324699042885,False
2022-04-25 00:40:00,1.0248146513758687,False
2022-04-25 00:50:00,1.1352466424474725,False
2022-04-25 01:00:00,0.9599620155961192,False
2022-04-25 01:10:00,1.001886202365996,False
2022-04-25 01:20:00,,False
2022-04-25 01:30:00,1.0271950594394101,False
2022-04-25 01:40:00,0.9878103802499384,False
2022-04-25 01:50:00,1.0173933678355178,False
2022-04-25 02:00:00,0.9458982330224323,False
2022-04-25 02:10:00,0.928782441753,False
2022-04-25 02:20:00,0.9293442578221973,False
2022-04-25 02:30:00,0.9332086913221831,False
2022-04-25 02:40:00,1.0184847633285068,False
2022-04-25 02:50:00,0.8759794234150782,False
2022-04-25 03:00:00,1.0076660925602692,False
2022-04-25 03:10:00,0.9958943137932275,False
2022-04-25 03:20:00,1.1014786811962658,False
2022-04-25 03:30:00,0.8789523559656353,False
2022-04-25 03:40:00,0.9117579600325366,False
2022-04-25 03:50:00,1.0419178454813933,False
2022-04-25 04:00:00,1.0527839936622296,False
2022-04-25 04:10:00,0.9116595143276084,False
2022-04-25 04:20:00,1.0073593832974952,False
2022-04-25 04:30:00,0.9791273722385235,False
2022-04-25 04:40:00,0.8765303553906226,False
2022-04-25 04:50:00,1.0018366504798226,False
2022-04-25 05:00:00,1.0395809854110734,False
2022-04-25 05:10:00,0.9999203928190258,False
2022-04-25 05:20:00,0.9558518839360952,False
2022-04-25 05:30:00,1.019757691949014,False
2022-04-25 05:40:00,1.1143653239769291,False
2022-04-25 05:50:00,0.975618309078434,False
2022-04-25 06:00:00,1.0829681136197167,False
2022-04-25 06:10:00,1.0291712769694605,False
2022-04-25 06:20:00,1.0310538212058067,False
2022-04-25 06:30:00,1.046122409614589,False
2022-04-25 06:40:00,0.7019643762052885,False
2022-04-25 06:50:00,1.124866414659553,False
2022-04-25 07:00:00,1.1116675113835734,False
2022-04-25 07:10:00,1.1564899318626605,False
2022-04-25 07:20:00,1.0064164098000399,False
2022-04-25 07:30:00,1.1651494772839959,False
2022-04-25 07:40:00,1.079192394717214,False
2022-04-25 07:50:00,0.9351857313064019,False
2022-04-25 08:00:00,0.8691304392904097,False
2022-04-25 08:10:00,1.0395463726240814,False
2022-04-25 08:20:00,1.0565570135847346,False
2022-04-25 08:30:00,0.9060013674730198,False
2022-04-25 08:40:00,0.9665533363966432,False
2022-04-25 08:50:00,0.8957992399205794,False
2022-04-25 09:00:00,0.9848893375008191,False
2022-04-25 09:10:00,0.9156783218402879,False
2022-04-25 09:20:00,1.0825539228383092,False
2022-04-25 09:30:00,1.1301637070207473,False
2022-04-25 09:40:00,1.0884680647036384,False
2022-04-25 09:50:00,0.8747526674101163,False
2022-04-25 10:00:00,0.888404679212879,False
2022-04-25 10:10:00,0.9501949444394148,False
2022-04-25 10:20:00,0.9826720695027217,False
2022-04-25 10:30:00,1.016830701085164,False
2022-04-25 10:40:00,0.9909651707319065,False
2022-04-25 10:50:00,0.9039538072537382,False
2022-04-25 11:00:00,1.0128382213535243,False
2022-04-25 11:10:00,0.8721573485746824,False
2022-04-25 11:20:00,1.0728097001141987,False
2022-04-25 11:30:00,1.0376833484354562,False
2022-04-25 11:40:00,1.1204755626159384,False
2022-04-25 11:50:00,0.8931294227071848,False
2022-04-25 12:00:00,1.136738923064257,False
2022-04-25 12:10:00,1.1003031971219017,False
2022-04-25 12:20:00,,False
2022-04-25 12:30:00,1.0798553305796412,False
2022-04-25 12:40:00,1.0998572888122697,False
2022-04-25 12:50:00,0.8719307590981358,False
2022-04-25 13:00:00,1.032384750563864,False
2022-04-25 13:10:00,1.077032937858953,False
2022-04-25 13:20:00,1.0035077291042598,False
2022-04-25 13:30:00,0.9530101182247346,False
2022-04-25 13:40:00,1.1051980625465117,False
2022-04-25 13:50:00,0.9256858654994532,False
2022-04-25 14:00:00,0.8002096459485397,False
2022-04-25 14:10:00,0.9334089802833693,False
2022-04-25 14:20:00,0.9349036430965582,False
2022-04-25 14:30:00,1.120773378225581,False
2022-04-25 14:40:00,0.9509402195154537,False
2022-04-25 14:50:00,0.9830888100486608,False
2022-04-25 15:00:00,1.0549309897722694,False
2022-04-25 15:10:00,0.9615102201418574,False
2022-04-25 15:20:00,1.0469044676291892,False
2022-04-25 15:30:00,1.0752683950164341,False
2022-04-25 15:40:00,0.9685620019344566,False
2022-04-25 15:50:00,1.0080165926090292,False
2022-04-25 16:00:00,0.8491616249541718,False
2022-04-25 16:10:00,0.9903275621006968,False
2022-04-25 16:20:00,0.9600586973513766,False
2022-04-25 16:30:00,0.9579577426025215,False
2022-04-25 16:40:00,0.8247835569966641,False
2022-04-25 16:50:00,0.9552829070597083,False
2022-04-25 17:00:00,1.1427371291162827,False
2022-04-25 17:10:00,1.0431446434681986,False
2022-04-25 17:20:00,0.971298159586689,False
2022-04-25 17:30:00,1.0379303595757443,False
2022-04-25 17:40:00,1.1316403172400162,False
2022-04-25 17:50:00,0.9951214596636531,False
2022-04-25 18:00:00,0.9062681237667497,False
2022-04-25 18:10:00,1.033566777305549,False
2022-04-25 18:20:00,0.8960802833833559,False
2022-04-25 18:30:00,0.9054159419136257,False
2022-04-25 18:40:00,0.9287557502341944,False
2022-04-25 18:50:00,1.0594618950020334,False
2022-04-25 19:00:00,0.9125078166019089,False
2022-04-25 19:10:00,0.947638299443297,False
2022-04-25 19:20:00,0.9619606383967999,False
2022-04-25 19:30:00,0.8471580566380993,False
2022-04-25 19:40:00,0.9031872555474074,False
2022-04-25 19:50:00,0.8805038403662845,False
2022-04-25 20:00:00,1.0463109841262046,False
2022-04-25 20:10:00,1.0919821132737535,False
2022-04-25 20:20:00,0.954127728254041,False
2022-04-25 20:30:00,0.943345911740364,False
2022-04-25 20:40:00,1.1748065548245272,False
2022-04-25 20:50:00,1.1535118512980285,False
2022-04-25 21:00:00,1.0120995940289996,False
2022-04-25 21:10:00,0.9943685871206878,False
2022-04-25 21:20:00,,False
2022-04-25 21:30:00,1.0565963311594169,False
2022-04-25 21:40:00,0.9712529442074965,False
2022-04-25 21:50:00,0.9882758855977369,False
2022-04-25 22:00:00,1.1360094753830245,False
2022-04-25 22:10:00,1.0309767976220556,False
2022-04-25 22:20:00,0.9856131264312264,False
2022-04-25 22:30:00,0.9079543903464282,False
2022-04-25 22:40:00,,False
2022-04-25 22:50:00,1.1186942735089578,False
2022-04-25 23:00:00,0.9350363286347145,False
2022-04-25 23:10:00,0.8336882727248419,False
2022-04-25 23:20:00,0.912170151167162,False
2022-04-25 23:30:00,1.0398984120100094,False
2022-04-25 23:40:00,,False
2022-04-25 23:50:00,0.8589165665581565,False
2022-04-26 00:00:00,0.8609554755701148,False
2022-04-26 00:10:00,1.0117325965635475,False
2022-04-26 00:20:00,1.0075181611419224,False
2022-04-26 00:30:00,0.8550676021243002,False
2022-04-26 00:40:00,1.0474403728722272,False
2022-04-26 00:50:00,0.9796106548072063,False
2022-04-26 01:00:00,1.0204902065465444,False
2022-04-26 01:10:00,0.8898814072998581,False
2022-04-26 01:20:00,0.9434889971891576,False
2022-04-26 01:30:00,0.9708627312079485,False
2022-04-26 01:40:00,1.0709956658607618,False
2022-04-26 01:50:00,1.0869725514907838,False
2022-04-26 02:00:00,0.9855335073501751,False
2022-04-26 02:10:00,1.2537093369101455,False
2022-04-26 02:20:00,1.1293849626763,False
2022-04-26 02:30:00,1.0176240458425443,False
2022-04-26 02:40:00,1.0839649415492483,False
2022-04-26 02:50:00,1.1603599521171746,False
2022-04-26 03:00:00,1.0796179550435872,False
2022-04-26 03:10:00,0.9049530843626568,False
2022-04-26 03:20:00,,False
2022-04-26 03:30:00,0.9678238729145965,False
2022-04-26 03:40:00,0.7598402612808446,False
2022-04-26 03:50:00,,False
2022-04-26 04:00:00,1.020021832123886,False
2022-04-26 04:10:00,1.0779088034636708,False
2022-04-26 04:20:00,0.971417437524809,False
2022-04-26 04:30:00,0.8765519254542827,False
2022-04-26 04:40:00,0.8532350982584094,False
2022-04-26 04:50:00,1.0969718325769737,False
2022-04-26 05:00:00,0.8974880066073424,False
2022-04-26 05:10:00,1.1574145504190219,False
2022-04-26 05:20:00,1.165420865355018,False
2022-04-26 05:30:00,1.057858278927483,False
2022-04-26 05:40:00,1.063925211462705,False
2022-04-26 05:50:00,1.0314957056078682,False
2022-04-26 06:00:00,1.049264718534501,False
2022-04-26 06:10:00,0.9435819718172598,False
2022-04-26 06:20:00,1.0095305462515867,False
2022-04-26 06:30:00,0.9487269706161437,False
2022-04-26 06:40:00,0.9483732935602587,False
2022-04-26 06:50:00,1.0359479899249504,False
2022-04-26 07:00:00,1.124375287352861,False
2022-04-26 07:10:00,1.0734543259999996,False
2022-04-26 07:20:00,1.0020475533988313,False
2022-04-26 07:30:00,1.0825222777558374,False
2022-04-26 07:40:00,,False
2022-04-26 07:50:00,0.8482569704530845,False
2022-04-26 08:00:00,0.9551948991378386,False
2022-04-26 08:10:00,0.9837421973678103,False
2022-04-26 08:20:00,0.9124875355724834,False
2022-04-26 08:30:00,1.1764220100825336,False
2022-04-26 08:40:00,0.9375454693534206,False
2022-04-26 08:50:00,1.0238386909858994,False
2022-04-26 09:00:00,0.8525502682056749,False
2022-04-26 09:10:00,1.0079464680624326,False
2022-04-26 09:20:00,0.9016079648837262,False
2022-04-26 09:30:00,0.9708199240700289,False
2022-04-26 09:40:00,0.9844438031890498,False
2022-04-26 09:50:00,1.0963252693626044,False
2022-04-26 10:00:00,0.9948736413290142,False
2022-04-26 10:10:00,,False
2022-04-26 10:20:00,0.9143729627312995,False
2022-04-26 10:30:00,,False
2022-04-26 10:40:00,,False
2022-04-26 10:50:00,1.0503652510149946,False
2022-04-26 11:00:00,,False
2022-04-26 11:10:00,0.9494632599545564,False
2022-04-26 11:20:00,1.1418322074780511,False
2022-04-26 11:30:00,1.0144393808403844,False
2022-04-26 11:40:00,0.9514896955616998,False
2022-04-26 11:50:00,1.057255674437841,False
2022-04-26 12:00:00,0.9897641999132237,False
2022-04-26 12:10:00,1.202975623168651,False
2022-04-26 12:20:00,1.005840157433992,False
2022-04-26 12:30:00,0.9289805654748393,False
2022-04-26 12:40:00,1.1519004423246197,False
2022-04-26 12:50:00,0.7008880320380484,False
2022-04-26 13:00:00,,False
2022-04-26 13:10:00,0.9366592293152715,False
2022-04-26 13:20:00,1.011181748576528,False
2022-04-26 13:30:00,0.933741699114022,False
2022-04-26 13:40:00,,False
2022-04-26 13:50:00,1.2741787260688278,False
2022-04-26 14:00:00,0.9910118862539911,False
2022-04-26 14:10:00,0.8350278013700946,False
2022-04-26 14:20:00,0.8869211490603044,False
2022-04-26 14:30:00,0.9933078810888931,False
2022-04-26 14:40:00,0.8884119847284163,False
2022-04-26 14:50:00,1.242848737703858,False
2022-04-26 15:00:00,,False
2022-04-26 15:10:00,1.10323749610797,False
2022-04-26 15:20:00,0.7609206079888512,False
2022-04-26 15:30:00,1.2344417235571772,False
2022-04-26 15:40:00,1.10035151731198,False
2022-04-26 15:50:00,0.7909619159193221,False
2022-04-26 16:00:00,0.9519872077017723,False
2022-04-26 16:10:00,1.0752689303447314,False
2022-04-26 16:20:00,0.8953536184753099,False
2022-04-26 16:30:00,1.058522887196966,False
2022-04-26 16:40:00,0.9922765386276461,False
2022-04-26 16:50:00,0.8990961272926372,False
2022-04-26 17:00:00,0.9928984436256526,False
2022-04-26 17:10:00,1.0246703569931512,False
2022-04-26 17:20:00,1.0430227436530373,False
2022-04-26 17:30:00,1.0051954542853967,False
2022-04-26 17:40:00,1.0564705605300664,False
2022-04-26 17:50:00,0.8703410562760152,False
2022-04-26 18:00:00,0.9190312590988101,False
2022-04-26 18:10:00,1.0997248775429647,False
2022-04-26 18:20:00,1.0692059467217565,False
2022-04-26 18:30:00,0.9594776853367959,False
2022-04-26 18:40:00,0.9755587393001013,False
2022-04-26 18:50:00,0.9281481630716514,False
2022-04-26 19:00:00,1.119426603272116,False
2022-04-26 19:10:00,0.9941747783566453,False
2022-04-26 19:20:00,0.9795492506367985,False
2022-04-26 19:30:00,0.9282068106568035,False
2022-04-26 19:40:00,0.9863334511074292,False
2022-04-26 19:50:00,0.9359156489762737,False
2022-04-26 20:00:00,1.0705672522256389,False
2022-04-26 20:10:00,0.8876863776343009,False
2022-04-26 20:20:00,0.8642782755729335,False
2022-04-26 20:30:00,0.8912769565241083,False
2022-04-26 20:40:00,1.109851487544119,False
2022-04-26 20:50:00,0.9801266817970054,False
2022-04-26 21:00:00,0.8875242124084601,False
2022-04-26 21:10:00,1.2864912939715294,False
2022-04-26 21:20:00,1.0164674250272667,False
2022-04-26 21:30:00,0.8900741589122657,False
2022-04-26 21:40:00,0.9369898648542159,False
2022-04-26 21:50:00,0.8977672561293178,False
2022-04-26 22:00:00,0.6969142739235463,False
2022-04-26 22:10:00,0.9853525165927529,False
2022-04-26 22:20:00,1.1117683717750526,False
2022-04-26 22:30:00,1.0638726057037506,False
2022-04-26 22:40:00,1.0800631900774835,False
2022-04-26 22:50:00,0.8864437051131238,False
2022-04-26 23:00:00,1.0364945917739845,False
2022-04-26 23:10:00,1.208368176255161,False
2022-04-26 23:20:00,1.0154875898340632,False
2022-04-26 23:30:00,1.0397366064942497,False
2022-04-26 23:40:00,0.8961483147484268,False
2022-04-26 23:50:00,0.9010338636353287,False
2022-04-27 00:00:00,0.9447398359808182,False
2022-04-27 00:10:00,0.9911428137088311,False
2022-04-27 00:20:00,0.9588023473115298,False
2022-04-27 00:30:00,1.0078585705975607,False
2022-04-27 00:40:00,1.0988178843077745,False
2022-04-27 00:50:00,0.9222817694677061,False
2022-04-27 01:00:00,1.3385224074365105,False
2022-04-27 01:10:00,1.0078386705044862,False
2022-04-27 01:20:00,1.1763018338554665,False
2022-04-27 01:30:00,1.087389980022011,False
2022-04-27 01:40:00,1.1102173631392784,False
2022-04-27 01:50:00,1.0709358056586478,False
2022-04-27 02:00:00,1.0351280610292075,False
2022-04-27 02:10:00,0.9093201614366492,False
2022-04-27 02:20:00,0.8827524018048087,False
2022-04-27 02:30:00,1.0610460089068847,False
2022-04-27 02:40:00,1.0417792775674544,False
2022-04-27 02:50:00,1.0764558835519633,False
2022-04-27 03:00:00,1.0483835929092242,False
2022-04-27 03:10:00,1.1578082132853524,False
2022-04-27 03:20:00,1.194349017290497,False
2022-04-27 03:30:00,1.0450595690340503,False
2022-04-27 03:40:00,0.9821344574390961,False
2022-04-27 03:50:00,1.0285784913856229,False
2022-04-27 04:00:00,1.0139946527432917,False
2022-04-27 04:10:00,0.9544210316875017,False
2022-04-27 04:20:00,1.2194384992938874,False
2022-04-27 04:30:00,1.020206038461656,False
2022-04-27 04:40:00,1.0508762570212826,False
2022-04-27 04:50:00,0.9536185816576305,False
2022-04-27 05:00:00,1.1046496817888636,False
2022-04-27 05:10:00,0.8728394503074237,False
2022-04-27 05:20:00,1.0772001593767069,False
2022-04-27 05:30:00,0.9244873150841961,False
2022-04-27 05:40:00,0.976517733011586,False
2022-04-27 05:50:00,1.0393601358140088,False
2022-04-27 06:00:00,0.9679140386097175,False
2022-04-27 06:10:00,,False
2022-04-27 06:20:00,0.8823684787151598,False
2022-04-27 06:30:00,1.0205692805611577,False
2022-04-27 06:40:00,0.7215905184412639,False
2022-04-27 06:50:00,0.8929240515669934,False
2022-04-27 07:00:00,0.9739802136090617,False
2022-04-27 07:10:00,0.9522285905103878,False
2022-04-27 07:20:00,0.9193524723108917,False
2022-04-27 07:30:00,1.025003286168196,False
2022-04-27 07:40:00,0.820861618934775,False
2022-04-27 07:50:00,0.9882190650854016,False
2022-04-27 08:00:00,0.9661018949494355,False
2022-04-27 08:10:00,1.0060310787144846,False
2022-04-27 08:20:00,1.0035786366910868,False
2022-04-27 08:30:00,1.0144382626744555,False
2022-04-27 08:40:00,1.0972594308179768,False
2022-04-27 08:50:00,0.7834783357941606,False
2022-04-27 09:00:00,0.9534793559473731,False
2022-04-27 09:10:00,1.1563528692640546,False
2022-04-27 09:20:00,0.9071541091620525,False
2022-04-27 09:30:00,0.9540009256347578,False
2022-04-27 09:40:00,0.9411990586524959,False
2022-04-27 09:50:00,0.8747642151636073,False
2022-04-27 10:00:00,1.0591807068638521,False
2022-04-27 10:10:00,0.9518362424270775,False
2022-04-27 10:20:00,1.1052561326433241,False
2022-04-27 10:30:00,0.685174152136267,False
2022-04-27 10:40:00,0.9752636591549635,False
2022-04-27 10:50:00,1.1914186816645314,False
2022-04-27 11:00:00,0.9035777384099435,False
2022-04-27 11:10:00,0.9556007900721367,False
2022-04-27 11:20:00,1.1745488920624838,False
2022-04-27 11:30:00,1.0009343915900963,False
2022-04-27 11:40:00,1.0762207486952373,False
2022-04-27 11:50:00,0.8142842047261044,False
2022-04-27 12:00:00,0.9277811693760931,False
2022-04-27 12:10:00,1.0860756889236496,False
2022-04-27 12:20:00,,False
2022-04-27 12:30:00,0.9972655962431409,False
2022-04-27 12:40:00,1.0445185625792432,False
2022-04-27 12:50:00,0.8860256826843503,False
2022-04-27 13:00:00,1.0165065938018911,False
2022-04-27 13:10:00,0.9766411746185111,False
2022-04-27 13:20:00,0.9188461211616638,False
2022-04-27 13:30:00,1.1793442899201638,False
2022-04-27 13:40:00,1.2114729049042878,False
2022-04-27 13:50:00,0.8827564219704471,False
2022-04-27 14:00:00,1.0124034634879582,False
2022-04-27 14:10:00,0.9533418663464904,False
2022-04-27 14:20:00,1.0374502864066009,False
2022-04-27 14:30:00,0.9893528575518806,False
2022-04-27 14:40:00,0.8593867363411924,False
2022-04-27 14:50:00,0.9707536252724729,False
2022-04-27 15:00:00,0.9483385571120858,False
2022-04-27 15:10:00,1.1057610664350501,False
2022-04-27 15:20:00,0.9340099471847834,False
2022-04-27 15:30:00,1.0589444191957322,False
2022-04-27 15:40:00,1.1870656114763638,False
2022-04-27 15:50:00,1.006358452904661,False
2022-04-27 16:00:00,1.010421403625321,False
2022-04-27 16:10:00,1.0017935584168165,False
2022-04-27 16:20:00,0.9182142957127133,False
2022-04-27 16:30:00,1.1236353148433684,False
2022-04-27 16:40:00,0.9407860425848346,False
2022-04-27 16:50:00,1.000736857218751,False
2022-04-27 17:00:00,0.9548119351954001,False
2022-04-27 17:10:00,0.9025528937349128,False
2022-04-27 17:20:00,0.9118424377082079,False
2022-04-27 17:30:00,0.9418160130056936,False
2022-04-27 17:40:00,0.9587691016102124,False
2022-04-27 17:50:00,1.049935900796621,False
2022-04-27 18:00:00,0.9809068685651096,False
2022-04-27 18:10:00,1.0549792170721286,False
2022-04-27 18:20:00,1.0986166518981273,False
2022-04-27 18:30:00,0.9684294290317893,False
2022-04-27 18:40:00,0.9869840590305824,False
2022-04-27 18:50:00,1.0686069637809457,False
2022-04-27 19:00:00,1.0702681358669113,False
2022-04-27 19:10:00,0.935878264158541,False
2022-04-27 19:20:00,1.0192911788010253,False
2022-04-27 19:30:00,0.9372575665873931,False
2022-04-27 19:40:00,1.1751013232169283,False
2022-04-27 19:50:00,1.0744999396086938,False
2022-04-27 20:00:00,1.0992830484322265,False
2022-04-27 20:10:00,0.9987042049188706,False
2022-04-27 20:20:00,0.9359873682581628,False
2022-04-27 20:30:00,0.9229496170533158,False
2022-04-27 20:40:00,0.8961025658938055,False
2022-04-27 20:50:00,0.7530093959105549,False
2022-04-27 21:00:00,1.164303125026652,False
2022-04-27 21:10:00,1.0628702286731653,False
2022-04-27 21:20:00,1.1367434139310064,False
2022-04-27 21:30:00,0.993404416722931,False
2022-04-27 21:40:00,1.0131146141391838,False
2022-04-27 21:50:00,0.8632368599527713,False
2022-04-27 22:00:00,0.8079282662606725,False
2022-04-27 22:10:00,1.0347200846471944,False
2022-04-27 22:20:00,,False
2022-04-27 22:30:00,0.9562059025761582,False
2022-04-27 22:40:00,1.1243997585285377,False
2022-04-27 22:50:00,0.9609434352321303,False
2022-04-27 23:00:00,0.9340935791714903,False
2022-04-27 23:10:00,0.884684764917312,False
2022-04-27 23:20:00,0.9967141798610366,False
2022-04-27 23:30:00,,False
2022-04-27 23:40:00,0.9429455004437581,False
2022-04-27 23:50:00,0.9194423745844216,False
2022-04-28 00:00:00,0.905639040249197,False
2022-04-28 00:10:00,1.1731277930617114,False
2022-04-28 00:20:00,1.080896794585977,False
2022-04-28 00:30:00,1.0892795011886347,False
2022-04-28 00:40:00,0.8966337329428631,False
2022-04-28 00:50:00,0.9679347176860303,False
2022-04-28 01:00:00,0.8089645010695029,False
2022-04-28 01:10:00,1.282645202373244,False
2022-04-28 01:20:00,1.0206373779705387,False
2022-04-28 01:30:00,0.9710918870401827,False
2022-04-28 01:40:00,0.9334929792401903,False
2022-04-28 01:50:00,0.9436293590493935,False
2022-04-28 02:00:00,0.8574425495465179,False
2022-04-28 02:10:00,1.0222155999603568,False
2022-04-28 02:20:00,1.0315814890752248,False
2022-04-28 02:30:00,0.9636827489093766,False
2022-04-28 02:40:00,0.997508069109401,False
2022-04-28 02:50:00,0.840464431948641,False
2022-04-28 03:00:00,1.0328359412328372,False
2022-04-28 03:10:00,1.0463070543978334,False
2022-04-28 03:20:00,0.9798410423014866,False
2022-04-28 03:30:00,,False
2022-04-28 03:40:00,0.9546874802124179,False
2022-04-28 03:50:00,0.9726812630893106,False
2022-04-28 04:00:00,1.198563270653144,False
2022-04-28 04:10:00,0.93058758437971,False
2022-04-28 04:20:00,1.065600201479834,False
2022-04-28 04:30:00,1.173301696466893,False
2022-04-28 04:40:00,1.1177803036098424,False
2022-04-28 04:50:00,0.9522481722796454,False
2022-04-28 05:00:00,0.9362363298189564,False
2022-04-28 05:10:00,0.93462609452837,False
2022-04-28 05:20:00,1.0338877110328988,False
2022-04-28 05:30:00,1.1187518751591208,False
2022-04-28 05:40:00,1.1312048743546632,False
2022-04-28 05:50:00,1.1168861744273146,False
2022-04-28 06:00:00,0.9360007431863074,False
2022-04-28 06:10:00,1.026489341202541,False
2022-04-28 06:20:00,1.0175104611224828,False
2022-04-28 06:30:00,0.9804905651665917,False
2022-04-28 06:40:00,1.0608600510716426,False
2022-04-28 06:50:00,0.9351982325163576,False
2022-04-28 07:00:00,1.2197558248080917,False
2022-04-28 07:10:00,0.9094291335352469,False
2022-04-28 07:20:00,0.9592843624160592,False
2022-04-28 07:30:00,0.9664911563291092,False
2022-04-28 07:40:00,1.1596006542618775,False
2022-04-28 07:50:00,1.0211144696460528,False
2022-04-28 08:00:00,1.012847298311464,False
2022-04-28 08:10:00,1.0662218877921743,False
2022-04-28 08:20:00,0.8244562544319757,False
2022-04-28 08:30:00,0.957390216168413,False
2022-04-28 08:40:00,1.1179343735485154,False
2022-04-28 08:50:00,0.7660890479240777,False
2022-04-28 09:00:00,1.000407531369187,False
2022-04-28 09:10:00,1.0059053549178647,False
2022-04-28 09:20:00,1.0465371825486791,False
2022-04-28 09:30:00,1.0299009879318013,False
2022-04-28 09:40:00,0.9669584643705048,False
2022-04-28 09:50:00,1.1464422903350537,False
2022-04-28 10:00:00,0.8660776479424415,False
2022-04-28 10:10:00,0.9232670302651026,False
2022-04-28 10:20:00,1.0112439874141121,False
2022-04-28 10:30:00,0.9548790433083617,False
2022-04-28 10:40:00,1.0897083004603165,False
2022-04-28 10:50:00,1.1436334449131478,False
2022-04-28 11:00:00,1.148015340278562,False
2022-04-28 11:10:00,0.9531251862202897,False
2022-04-28 11:20:00,0.938349294400666,False
2022-04-28 11:30:00,0.8807355302208849,False
2022-04-28 11:40:00,1.0139733469408656,False
2022-04-28 11:50:00,1.0924690882809882,False
2022-04-28 12:00:00,0.9470174247182372,False
2022-04-28 12:10:00,0.8475975504380421,False
2022-04-28 12:20:00,0.9431501330861876,False
2022-04-28 12:30:00,1.1911989351998384,False
2022-04-28 12:40:00,1.0945112004169248,False
2022-04-28 12:50:00,0.9394091906081885,False
2022-04-28 13:00:00,0.9920517367581189,False
2022-04-28 13:10:00,1.0104708809092524,False
2022-04-28 13:20:00,1.0549244206053823,False
2022-04-28 13:30:00,1.0005350744413295,False
2022-04-28 13:40:00,1.0135241787656974,False
2022-04-28 13:50:00,1.1768619636795665,False
2022-04-28 14:00:00,1.016549957297715,False
2022-04-28 14:10:00,0.8755947194640052,False
2022-04-28 14:20:00,0.8915186137889474,False
2022-04-28 14:30:00,1.0276109468252588,False
2022-04-28 14:40:00,0.8309423315337926,False
2022-04-28 14:50:00,1.215995925950352,False
2022-04-28 15:00:00,1.15461761551973,False
2022-04-28 15:10:00,1.0560309551910456,False
2022-04-28 15:20:00,0.9363094036179366,False
2022-04-28 15:30:00,1.0041396202278907,False
2022-04-28 15:40:00,0.9628824855955895,False
2022-04-28 15:50:00,0.9457053183247763,False
2022-04-28 16:00:00,0.6971915618492692,False
2022-04-28 16:10:00,1.072395126323915,False
2022-04-28 16:20:00,0.9996555724339181,False
2022-04-28 16:30:00,0.9087671341827541,False
2022-04-28 16:40:00,0.9358944757846364,False
2022-04-28 16:50:00,0.9221733014675494,False
2022-04-28 17:00:00,1.037301893077098,False
2022-04-28 17:10:00,1.2166718213622216,False
2022-04-28 17:20:00,1.0038284459442006,False
2022-04-28 17:30:00,1.022489869849744,False
2022-04-28 17:40:00,,False
2022-04-28 17:50:00,0.9408287597452557,False
2022-04-28 18:00:00,1.0652440648214523,False
2022-04-28 18:10:00,0.8983969294236602,False
2022-04-28 18:20:00,1.082347769407585,False
2022-04-28 18:30:00,1.1110558792741096,False
2022-04-28 18:40:00,0.8083659590471457,False
2022-04-28 18:50:00,0.9607693000310279,False
2022-04-28 19:00:00,0.9620110682984074,False
2022-04-28 19:10:00,1.0128685753217346,False
2022-04-28 19:20:00,0.9916990023989323,False
2022-04-28 19:30:00,0.9223701451292551,False
2022-04-28 19:40:00,0.978701696804193,False
2022-04-28 19:50:00,1.132382350318462,False
2022-04-28 20:00:00,1.1068918240781402,False
2022-04-28 20:10:00,1.204673586969571,False
2022-04-28 20:20:00,0.9068274564676468,False
2022-04-28 20:30:00,1.0216049633863957,False
2022-04-28 20:40:00,,False
2022-04-28 20:50:00,1.0497511981035221,False
2022-04-28 21:00:00,,False
2022-04-28 21:10:00,1.1735424134692571,False
2022-04-28 21:20:00,1.0226230999995225,False
2022-04-28 21:30:00,0.934645046432428,False
2022-04-28 21:40:00,1.0816400511464455,False
2022-04-28 21:50:00,0.9003679342326854,False
2022-04-28 22:00:00,1.0566561745324456,False
2022-04-28 22:10:00,1.0029969378674577,False
2022-04-28 22:20:00,0.9484254809893756,False
2022-04-28 22:30:00,,False
2022-04-28 22:40:00,0.7757142574154192,False
2022-04-28 22:50:00,0.9616206438309618,False
2022-04-28 23:00:00,0.932586186592629,False
2022-04-28 23:10:00,0.9187746129319584,False
2022-04-28 23:20:00,0.9945286962096563,False
2022-04-28 23:30:00,0.6905557773566608,False
2022-04-28 23:40:00,1.1337953435583854,False
2022-04-28 23:50:00,0.9981776852534231,False
2022-04-29 00:00:00,1.018306898165578,False
2022-04-29 00:10:00,1.0176661186000286,False
2022-04-29 00:20:00,1.1403404654940288,False
2022-04-29 00:30:00,0.9207611069486245,False
2022-04-29 00:40:00,1.0418721767951937,False
2022-04-29 00:50:00,0.8754737397985908,False
2022-04-29 01:00:00,0.9034874826562868,False
2022-04-29 01:10:00,1.0033625835685476,False
2022-04-29 01:20:00,1.2454674431417212,False
2022-04-29 01:30:00,0.9207139600594105,False
2022-04-29 01:40:00,0.9874112960508417,False
2022-04-29 01:50:00,1.108367992560015,False
2022-04-29 02:00:00,1.0002224599235368,False
2022-04-29 02:10:00,1.060707880655302,False
2022-04-29 02:20:00,,False
2022-04-29 02:30:00,1.0054555021268334,False
2022-04-29 02:40:00,1.1419074033477066,False
2022-04-29 02:50:00,,False
2022-04-29 03:00:00,0.884039065241435,False
2022-04-29 03:10:00,1.0171462663538848,False
2022-04-29 03:20:00,1.0385128966581947,False
2022-04-29 03:30:00,0.8472219365619122,False
2022-04-29 03:40:00,1.0362247457357354,False
2022-04-29 03:50:00,1.0852635940186288,False
2022-04-29 04:00:00,0.9812621966920125,False
2022-04-29 04:10:00,1.1377779135133919,False
2022-04-29 04:20:00,1.0151349703925276,False
2022-04-29 04:30:00,0.9644317458509287,False
2022-04-29 04:40:00,1.003328035265198,False
2022-04-29 04:50:00,1.0339403484639216,False
2022-04-29 05:00:00,0.9436221857024263,False
2022-04-29 05:10:00,0.8890182125459286,False
2022-04-29 05:20:00,1.053022028886422,False
2022-04-29 05:30:00,0.9309090460371424,False
2022-04-29 05:40:00,0.8999381028630156,False
2022-04-29 05:50:00,1.0991531151843346,False
2022-04-29 06:00:00,1.0464974359047317,False
2022-04-29 06:10:00,1.0603810913730003,False
2022-04-29 06:20:00,,False
2022-04-29 06:30:00,1.032492810485169,False
2022-04-29 06:40:00,0.9066603161815846,False
2022-04-29 06:50:00,1.049608837308472,False
2022-04-29 07:00:00,0.9616859843695731,False
2022-04-29 07:10:00,1.0933148527106,False
2022-04-29 07:20:00,1.0268528506206092,False
2022-04-29 07:30:00,1.0765435111831823,False
2022-04-29 07:40:00,0.991631144705778,False
2022-04-29 07:50:00,0.9286493147585467,False
2022-04-29 08:00:00,1.0967108706478625,False
2022-04-29 08:10:00,1.0501404875541378,False
2022-04-29 08:20:00,0.8270604167140876,False
2022-04-29 08:30:00,0.9592387197319372,False
2022-04-29 08:40:00,1.0891464183324646,False
2022-04-29 08:50:00,0.9216405941423091,False
2022-04-29 09:00:00,,False
2022-04-29 09:10:00,1.0536784388999603,False
2022-04-29 09:20:00,1.0414374759119527,False
2022-04-29 09:30:00,1.1292259754279366,False
2022-04-29 09:40:00,1.2114445063976131,False
2022-04-29 09:50:00,0.874859332093795,False
2022-04-29 10:00:00,1.0261497811784295,False
2022-04-29 10:10:00,1.051057126100076,False
2022-04-29 10:20:00,0.8516157403187713,False
2022-04-29 10:30:00,1.0148271370483601,False
2022-04-29 10:40:00,0.8408446034266515,False
2022-04-29 10:50:00,,False
2022-04-29 11:00:00,0.8310135484356597,False
2022-04-29 11:10:00,0.9215532438322533,False
2022-04-29 11:20:00,1.051435725069969,False
2022-04-29 11:30:00,,False
2022-04-29 11:40:00,0.9278305601138546,False
2022-04-29 11:50:00,0.9779948803019286,False
2022-04-29 12:00:00,1.0954434518855944,False
2022-04-29 12:10:00,1.165517946666352,False
2022-04-29 12:20:00,0.9805632822831407,False
2022-04-29 12:30:00,1.0455624981681046,False
2022-04-29 12:40:00,1.2224432714371167,False
2022-04-29 12:50:00,1.0748112972216628,False
2022-04-29 13:00:00,0.882601348739758,False
2022-04-29 13:10:00,0.9761319717056102,False
2022-04-29 13:20:00,0.7767148952755056,False
2022-04-29 13:30:00,,False
2022-04-29 13:40:00,0.9732715181468227,False
2022-04-29 13:50:00,0.7615454444376365,False
2022-04-29 14:00:00,1.1231199301845913,False
2022-04-29 14:10:00,0.9962344862259649,False
2022-04-29 14:20:00,1.0265222460574754,False
2022-04-29 14:30:00,1.0201567070472788,False
2022-04-29 14:40:00,0.9665620671544338,False
2022-04-29 14:50:00,1.1186876242630917,False
2022-04-29 15:00:00,0.8473242681290185,False
2022-04-29 15:10:00,1.0028268957267477,False
2022-04-29 15:20:00,0.990461905336251,False
2022-04-29 15:30:00,0.8820974279214998,False
2022-04-29 15:40:00,1.2864615722831878,False
2022-04-29 15:50:00,1.1160369357350108,False
2022-04-29 16:00:00,0.9312420286682435,False
2022-04-29 16:10:00,1.0254052761940025,False
2022-04-29 16:20:00,0.984005620996937,False
2022-04-29 16:30:00,0.7802746646913092,False
2022-04-29 16:40:00,0.9786442383942715,False
2022-04-29 16:50:00,0.9922912136079847,False
2022-04-29 17:00:00,1.1071083673399507,False
2022-04-29 17:10:00,1.1150484500137485,False
2022-04-29 17:20:00,1.210878322496301,False
2022-04-29 17:30:00,1.074244998872682,False
2022-04-29 17:40:00,1.0089218642057047,False
2022-04-29 17:50:00,1.0305914362037967,False
2022-04-29 18:00:00,0.8493045160913275,False
2022-04-29 18:10:00,1.0235059726576379,False
2022-04-29 18:20:00,0.9133589572156289,False
2022-04-29 18:30:00,1.1098776054590713,False
2022-04-29 18:40:00,1.086276448581577,False
2022-04-29 18:50:00,1.2244239020698227,False
2022-04-29 19:00:00,0.9753146518349838,False
2022-04-29 19:10:00,0.9596297807073415,False
2022-04-29 19:20:00,0.9860550987177805,False
2022-04-29 19:30:00,0.8624246002195652,False
2022-04-29 19:40:00,1.063970385363012,False
2022-04-29 19:50:00,1.0471065077148287,False
2022-04-29 20:00:00,0.989684377983749,False
2022-04-29 20:10:00,0.9524270606878618,False
2022-04-29 20:20:00,1.039012642993394,False
2022-04-29 20:30:00,0.9668763278729983,False
2022-04-29 20:40:00,1.1402824210584765,False
2022-04-29 20:50:00,0.9359805229569238,False
2022-04-29 21:00:00,0.862112993193941,False
2022-04-29 21:10:00,1.1131019611112205,False
2022-04-29 21:20:00,1.0287842087283188,False
2022-04-29 21:30:00,1.0907625254150033,False
2022-04-29 21:40:00,0.9094165718644716,False
2022-04-29 21:50:00,1.0269110211355106,False
2022-04-29 22:00:00,0.9350893725645145,False
2022-04-29 22:10:00,0.8744107854376958,False
2022-04-29 22:20:00,1.179132545782399,False
2022-04-29 22:30:00,1.1378275188138132,False
2022-04-29 22:40:00,0.997542627429008,False
2022-04-29 22:50:00,1.0654959261348915,False
2022-04-29 23:00:00,0.9179276918049976,False
2022-04-29 23:10:00,1.1692066801130978,False
2022-04-29 23:20:00,0.8994069917761173,False
2022-04-29 23:30:00,0.8852207161176533,False
2022-04-29 23:40:00,0.9431279769354461,False
2022-04-29 23:50:00,0.9739373372562863,False
2022-04-30 00:00:00,1.0408326149407683,False
2022-04-30 00:10:00,1.1066536919958425,False
2022-04-30 00:20:00,1.0768131834012056,False
2022-04-30 00:30:00,,False
2022-04-30 00:40:00,1.0943933403310402,False
2022-04-30 00:50:00,0.9385190735331029,False
2022-04-30 01:00:00,0.8865917538361039,False
2022-04-30 01:10:00,0.8812552265073358,False
2022-04-30 01:20:00,0.9532116755117783,False
2022-04-30 01:30:00,1.1457303616588372,False
2022-04-30 01:40:00,1.1634187356446803,False
2022-04-30 01:50:00,1.098881372550391,False
2022-04-30 02:00:00,1.117579683236634,False
2022-04-30 02:10:00,0.9298205744715508,False
2022-04-30 02:20:00,0.9518632904449555,False
2022-04-30 02:30:00,,False
2022-04-30 02:40:00,1.069583220500281,False
2022-04-30 02:50:00,0.9512744285620879,False
2022-04-30 03:00:00,0.8804557748197434,False
2022-04-30 03:10:00,1.1349075819155392,False
2022-04-30 03:20:00,0.8234327578653995,False
2022-04-30 03:30:00,1.0883099288155365,False
2022-04-30 03:40:00,0.9838494932489821,False
2022-04-30 03:50:00,1.0094502187658825,False
2022-04-30 04:00:00,0.955293406338408,False
2022-04-30 04:10:00,1.1286049545652364,False
2022-04-30 04:20:00,0.9397370303141173,False
2022-04-30 04:30:00,0.9783083442888617,False
2022-04-30 04:40:00,0.931396029605241,False
2022-04-30 04:50:00,1.0450992119877962,False
2022-04-30 05:00:00,0.8667631539006668,False
2022-04-30 05:10:00,0.9489976612827382,False
2022-04-30 05:20:00,0.9028290858287128,False
2022-04-30 05:30:00,1.0881732120476981,False
2022-04-30 05:40:00,1.0176410890038103,False
2022-04-30 05:50:00,0.9809160047468305,False
2022-04-30 06:00:00,,False
2022-04-30 06:10:00,1.0275050418226286,False
2022-04-30 06:20:00,1.0358445928961306,False
2022-04-30 06:30:00,0.9571254687043574,False
2022-04-30 06:40:00,1.0628899803921066,False
2022-04-30 06:50:00,0.9418480979283773,False
2022-04-30 07:00:00,0.9191910312650386,False
2022-04-30 07:10:00,1.1600154857713576,False
2022-04-30 07:20:00,1.0210802239291041,False
2022-04-30 07:30:00,1.0065280859733714,False
2022-04-30 07:40:00,1.1352292180455597,False
2022-04-30 07:50:00,1.078881479381189,False
2022-04-30 08:00:00,0.9426904472479993,False
2022-04-30 08:10:00,0.946667779662553,False
2022-04-30 08:20:00,1.077563065741166,False
2022-04-30 08:30:00,0.8863726056995191,False
2022-04-30 08:40:00,1.0381742723741187,False
2022-04-30 08:50:00,1.0579232696457366,False
2022-04-30 09:00:00,0.9873647464428837,False
2022-04-30 09:10:00,0.919394033795697,False
2022-04-30 09:20:00,,False
2022-04-30 09:30:00,1.053572921690289,False
2022-04-30 09:40:00,0.9894361910319938,False
2022-04-30 09:50:00,0.9357001313043323,False
2022-04-30 10:00:00,1.011096189550585,False
2022-04-30 10:10:00,,False
2022-04-30 10:20:00,1.094630443939586,False
2022-04-30 10:30:00,0.9976801283779736,False
2022-04-30 10:40:00,0.9185579430537113,False
2022-04-30 10:50:00,0.8251087567843493,False
2022-04-30 11:00:00,0.929166712492226,False
2022-04-30 11:10:00,0.9452795301720432,False
2022-04-30 11:20:00,0.9120810627012675,False
2022-04-30 11:30:00,0.9327529445211388,False
2022-04-30 11:40:00,1.0168797294974308,False
2022-04-30 11:50:00,0.9834743711772573,False
2022-04-30 12:00:00,1.0258546360812402,False
2022-04-30 12:10:00,1.1939893726324804,False
2022-04-30 12:20:00,0.899765516436587,False
2022-04-30 12:30:00,0.9735182917095103,False
2022-04-30 12:40:00,1.1644388961697991,False
2022-04-30 12:50:00,1.0129579720007063,False
2022-04-30 13:00:00,0.9101675779743232,False
2022-04-30 13:10:00,1.052975245509425,False
2022-04-30 13:20:00,0.947605242739794,False
2022-04-30 13:30:00,0.9903596744507648,False
2022-04-30 13:40:00,1.0400484140878559,False
2022-04-30 13:50:00,0.981700638539342,False
2022-04-30 14:00:00,0.990838232797726,False
2022-04-30 14:10:00,1.0738530558644048,False
2022-04-30 14:20:00,1.0157291457509192,False
2022-04-30 14:30:00,1.0805023986986488,False
2022-04-30 14:40:00,,False
2022-04-30 14:50:00,0.9717900862434914,False
2022-04-30 15:00:00,1.0264577842027534,False
2022-04-30 15:10:00,,False
2022-04-30 15:20:00,0.8355589502674321,False
2022-04-30 15:30:00,1.071396003085139,False
2022-04-30 15:40:00,0.9360000840945909,False
2022-04-30 15:50:00,1.0243236308298975,False
2022-04-30 16:00:00,1.0460528615117826,False
2022-04-30 16:10:00,1.1109629972984605,False
2022-04-30 16:20:00,1.098111743490862,False
2022-04-30 16:30:00,1.20616437555733,False
2022-04-30 16:40:00,0.9478210141450059,False
2022-04-30 16:50:00,1.090935921175245,False
2022-04-30 17:00:00,1.0291735499355532,False
2022-04-30 17:10:00,1.028046283041225,False
2022-04-30 17:20:00,0.9504951662337169,False
2022-04-30 17:30:00,0.9675058040602142,False
2022-04-30 17:40:00,0.9995174993401366,False
2022-04-30 17:50:00,1.0343376143047962,False
2022-04-30 18:00:00,0.9667367912691515,False
2022-04-30 18:10:00,1.1034194387588458,False
2022-04-30 18:20:00,1.241200641490292,False
2022-04-30 18:30:00,,False
2022-04-30 18:40:00,,False
2022-04-30 18:50:00,0.8823793852003881,False
2022-04-30 19:00:00,1.0748090407839686,False
2022-04-30 19:10:00,1.2957849436354267,False
2022-04-30 19:20:00,1.059815641896153,False
2022-04-30 19:30:00,1.1167644701818433,False
2022-04-30 19:40:00,0.8683782111945286,False
2022-04-30 19:50:00,0.9615100008729313,False
2022-04-30 20:00:00,1.0765086839037163,False
2022-04-30 20:10:00,0.9451018529832707,False
2022-04-30 20:20:00,1.0355762937725652,False
2022-04-30 20:30:00,1.2022257501520666,False
2022-04-30 20:40:00,1.0460505309654113,False
2022-04-30 20:50:00,1.011927653719464,False
2022-04-30 21:00:00,1.1292026590550144,False
2022-04-30 21:10:00,0.9432479625093209,False
2022-04-30 21:20:00,1.0340216699056484,False
2022-04-30 21:30:00,0.9788513209674828,False
2022-04-30 21:40:00,1.0851129683643546,False
2022-04-30 21:50:00,0.964983511059587,False
2022-04-30 22:00:00,1.1422299001264158,False
2022-04-30 22:10:00,0.9356259685820797,False
2022-04-30 22:20:00,1.0908279929595164,False
2022-04-30 22:30:00,1.2335242695283901,False
2022-04-30 22:40:00,1.1149368470309506,False
2022-04-30 22:50:00,1.0355439569970164,False
2022-04-30 23:00:00,1.1953639602648956,False
2022-04-30 23:10:00,,False
2022-04-30 23:20:00,0.8716181825841213,False
2022-04-30 23:30:00,0.8986435665050225,False
2022-04-30 23:40:00,1.127256283004528,False
2022-04-30 23:50:00,0.9106187271143996,False
2022-05-01 00:00:00,,False
2022-05-01 00:10:00,0.8623098543866787,False
2022-05-01 00:20:00,1.110240890083381,False
2022-05-01 00:30:00,1.150719557041346,False
2022-05-01 00:40:00,0.98227754840969,False
2022-05-01 00:50:00,0.9374664969023268,False
2022-05-01 01:00:00,1.0236638421132622,False
2022-05-01 01:10:00,1.0256560995085766,False
2022-05-01 01:20:00,0.8902464827163311,False
2022-05-01 01:30:00,1.0500805858601374,False
2022-05-01 01:40:00,0.969774672284888,False
2022-05-01 01:50:00,1.1462620898991,False
2022-05-01 02:00:00,0.8829647315529905,False
2022-05-01 02:10:00,1.0269454731151966,False
2022-05-01 02:20:00,0.8756878894011629,False
2022-05-01 02:30:00,1.1018875237967012,False
2022-05-01 02:40:00,1.0591587296758764,False
2022-05-01 02:50:00,1.0371588231093716,False
2022-05-01 03:00:00,,False
2022-05-01 03:10:00,0.9315873389938931,False
2022-05-01 03:20:00,0.9249287924577175,False
2022-05-01 03:30:00,0.9314278901628062,False
2022-05-01 03:40:00,0.90360738622604,False
2022-05-01 03:50:00,1.0427415969143423,False
2022-05-01 04:00:00,0.8240833292889649,False
2022-05-01 04:10:00,1.0119580011741245,False
2022-05-01 04:20:00,0.9483755572412859,False
2022-05-01 04:30:00,0.970061688196852,False
2022-05-01 04:40:00,0.9151391315104506,False
2022-05-01 04:50:00,1.0266668219560209,False
2022-05-01 05:00:00,1.092824765114278,False
2022-05-01 05:10:00,1.1717798948388407,False
2022-05-01 05:20:00,0.974022524319101,False
2022-05-01 05:30:00,0.9812147468085773,False
2022-05-01 05:40:00,0.8975977827628746,False
2022-05-01 05:50:00,0.8976007721782566,False
2022-05-01 06:00:00,1.0660360342412274,False
2022-05-01 06:10:00,0.8353454050372777,False
2022-05-01 06:20:00,1.0844477720818078,False
2022-05-01 06:30:00,1.000087590329403,False
2022-05-01 06:40:00,1.0189710427225065,False
2022-05-01 06:50:00,1.0199777936614316,False
2022-05-01 07:00:00,1.03953276457576,False
2022-05-01 07:10:00,0.9301236050460356,False
2022-05-01 07:20:00,0.9728473334342946,False
2022-05-01 07:30:00,1.098584333636787,False
2022-05-01 07:40:00,1.0860755044887414,False
2022-05-01 07:50:00,1.0142103685642962,False
2022-05-01 08:00:00,0.970732080629487,False
2022-05-01 08:10:00,1.0088698673133971,False
2022-05-01 08:20:00,0.9804141007982317,False
2022-05-01 08:30:00,0.9788881573794889,False
2022-05-01 08:40:00,0.948139596063594,False
2022-05-01 08:50:00,0.8760266596750053,False
2022-05-01 09:00:00,1.096353325087846,False
2022-05-01 09:10:00,,False
2022-05-01 09:20:00,1.2051694136359552,False
2022-05-01 09:30:00,1.061773097998661,False
2022-05-01 09:40:00,1.0638404606563745,False
2022-05-01 09:50:00,1.1455118787771472,False
2022-05-01 10:00:00,1.1758139796825717,False
2022-05-01 10:10:00,0.9139518644441058,False
2022-05-01 10:20:00,1.1710824664490092,False
2022-05-01 10:30:00,1.0671303446883673,False
2022-05-01 10:40:00,0.9108238718693966,False
2022-05-01 10:50:00,0.9687469363436495,False
2022-05-01 11:00:00,1.0707168465910446,False
2022-05-01 11:10:00,,False
2022-05-01 11:20:00,1.06532901032014,False
2022-05-01 11:30:00,0.7466409494631481,False
2022-05-01 11:40:00,1.054541872017223,False
2022-05-01 11:50:00,0.9756227393559908,False
2022-05-01 12:00:00,1.1546985683151814,False
2022-05-01 12:10:00,0.7863931979326256,False
2022-05-01 12:20:00,0.929508800559163,False
2022-05-01 12:30:00,,False
2022-05-01 12:40:00,0.871883679487726,False
2022-05-01 12:50:00,1.2775192980683623,False
2022-05-01 13:00:00,0.9849136905139997,False
2022-05-01 13:10:00,0.9183768720127633,False
2022-05-01 13:20:00,1.0689296651506492,False
2022-05-01 13:30:00,,False
2022-05-01 13:40:00,1.1779377515991964,False
2022-05-01 13:50:00,0.9127516818476544,False
2022-05-01 14:00:00,1.0838610364020398,False
2022-05-01 14:10:00,0.9477743848091279,False
2022-05-01 14:20:00,1.079949153454881,False
2022-05-01 14:30:00,0.9797808839151869,False
2022-05-01 14:40:00,1.0283080022278719,False
2022-05-01 14:50:00,1.0563886016773585,False
2022-05-01 15:00:00,0.8474360452710631,False
2022-05-01 15:10:00,1.1024785497874632,False
2022-05-01 15:20:00,0.8147114066766722,False
2022-05-01 15:30:00,1.112862559766188,False
2022-05-01 15:40:00,0.9692217875336013,False
2022-05-01 15:50:00,1.0157222835756032,False
2022-05-01 16:00:00,1.0718605520912894,False
2022-05-01 16:10:00,0.7057417416402192,False
2022-05-01 16:20:00,1.0662435972058557,False
2022-05-01 16:30:00,0.9350048443757104,False
2022-05-01 16:40:00,0.9168067999703314,False
2022-05-01 16:50:00,0.959576851132136,False
2022-05-01 17:00:00,1.1613867214351163,False
2022-05-01 17:10:00,1.0080839590754707,False
2022-05-01 17:20:00,1.095363164786615,False
2022-05-01 17:30:00,0.9626099916332423,False
2022-05-01 17:40:00,,False
2022-05-01 17:50:00,0.937787623357723,False
2022-05-01 18:00:00,0.9939360628453642,False
2022-05-01 18:10:00,1.0426233896698607,False
2022-05-01 18:20:00,1.0337126867121598,False
2022-05-01 18:30:00,0.8507428277733475,False
2022-05-01 18:40:00,1.0408846269794432,False
2022-05-01 18:50:00,0.7485314388280466,False
2022-05-01 19:00:00,1.0432526518468224,False
2022-05-01 19:10:00,0.9611532439333912,False
2022-05-01 19:20:00,0.8299072074943327,False
2022-05-01 19:30:00,0.9002295909240426,False
2022-05-01 19:40:00,1.0178787081708387,False
2022-05-01 19:50:00,1.136913421452907,False
2022-05-01 20:00:00,0.7137794206554825,False
2022-05-01 20:10:00,0.9924556926426786,False
2022-05-01 20:20:00,1.0157137334667188,False
2022-05-01 20:30:00,0.940524448119338,False
2022-05-01 20:40:00,,False
2022-05-01 20:50:00,0.9436026557721553,False
2022-05-01 21:00:00,0.9386089110458598,False
2022-05-01 21:10:00,0.9995655908781664,False
2022-05-01 21:20:00,1.0210642033133148,False
2022-05-01 21:30:00,,False
2022-05-01 21:40:00,0.882910569113479,False
2022-05-01 21:50:00,0.9860226047007269,False
2022-05-01 22:00:00,0.9962481544318833,False
2022-05-01 22:10:00,1.0442823570929363,False
2022-05-01 22:20:00,1.179601418046381,False
2022-05-01 22:30:00,0.9560114746339768,False
2022-05-01 22:40:00,,False
2022-05-01 22:50:00,1.1502604965888816,False
2022-05-01 23:00:00,,False
2022-05-01 23:10:00,1.0625343860002872,False
2022-05-01 23:20:00,,False
2022-05-01 23:30:00,,False
2022-05-01 23:40:00,0.880988405141212,False
2022-05-01 23:50:00,0.8371271302358944,False
2022-05-02 00:00:00,0.9821267456953767,False
2022-05-02 00:10:00,1.1169419483340244,False
2022-05-02 00:20:00,1.148956914537821,False
2022-05-02 00:30:00,0.9426807823863359,False
2022-05-02 00:40:00,1.0267127701198222,False
2022-05-02 00:50:00,1.0304474519629945,False
2022-05-02 01:00:00,1.0758482069108337,False
2022-05-02 01:10:00,1.0753611874757716,False
2022-05-02 01:20:00,0.8288198350494438,False
2022-05-02 01:30:00,1.032009613085862,False
2022-05-02 01:40:00,,False
2022-05-02 01:50:00,1.1304757935563723,False
2022-05-02 02:00:00,0.9103206656340115,False
2022-05-02 02:10:00,1.0299371222105913,False
2022-05-02 02:20:00,1.0270625110800111,False
2022-05-02 02:30:00,0.9037017864635843,False
2022-05-02 02:40:00,1.0736627234749574,False
2022-05-02 02:50:00,1.0621296770619584,False
2022-05-02 03:00:00,1.063702969817335,False
2022-05-02 03:10:00,0.8900036068595633,False
2022-05-02 03:20:00,1.0997216053922854,False
2022-05-02 03:30:00,0.9716694848524504,False
2022-05-02 03:40:00,0.9702630479996013,False
2022-05-02 03:50:00,1.0261266723355837,False
2022-05-02 04:00:00,1.1381173678763068,False
2022-05-02 04:10:00,0.9065885365366578,False
2022-05-02 04:20:00,1.0592818826506232,False
2022-05-02 04:30:00,0.9350565694495495,False
2022-05-02 04:40:00,0.9040101190665315,False
2022-05-02 04:50:00,0.9532855310412964,False
2022-05-02 05:00:00,0.9293493416064581,False
2022-05-02 05:10:00,1.2199360781282718,False
2022-05-02 05:20:00,,False
2022-05-02 05:30:00,1.0411890705651832,False
2022-05-02 05:40:00,1.1671121310905197,False
2022-05-02 05:50:00,1.1632215917019821,False
2022-05-02 06:00:00,1.0535704049770624,False
2022-05-02 06:10:00,,False
2022-05-02 06:20:00,0.8820130503267577,False
2022-05-02 06:30:00,1.0179205955295065,False
2022-05-02 06:40:00,0.9560332348031892,False
2022-05-02 06:50:00,1.0035400156217085,False
2022-05-02 07:00:00,0.8209286820840336,False
2022-05-02 07:10:00,0.8694932350597773,False
2022-05-02 07:20:00,0.998779421010745,False
2022-05-02 07:30:00,0.8644373957114091,False
2022-05-02 07:40:00,1.0306334693242474,False
2022-05-02 07:50:00,1.0439122807889343,False
2022-05-02 08:00:00,1.0245122775160196,False
2022-05-02 08:10:00,0.9248664704577361,False
2022-05-02 08:20:00,1.059694417532382,False
2022-05-02 08:30:00,0.9842045226463595,False
2022-05-02 08:40:00,1.0108532635696323,False
2022-05-02 08:50:00,,False
2022-05-02 09:00:00,0.934300631320362,False
2022-05-02 09:10:00,1.084811276502873,False
2022-05-02 09:20:00,0.9972013262527706,False
2022-05-02 09:30:00,1.0955855396853547,False
2022-05-02 09:40:00,,False
2022-05-02 09:50:00,,False
2022-05-02 10:00:00,1.0123892350198143,False
2022-05-02 10:10:00,0.9949274258204439,False
2022-05-02 10:20:00,1.0348855553373713,False
2022-05-02 10:30:00,1.1050674442610018,False
2022-05-02 10:40:00,1.0443781264095882,False
2022-05-02 10:50:00,0.9415679726755367,False
2022-05-02 11:00:00,1.1305747587717896,False
2022-05-02 11:10:00,1.144451576982891,False
2022-05-02 11:20:00,0.9645821870958831,False
2022-05-02 11:30:00,0.921892975900388,False
2022-05-02 11:40:00,0.8671818852865694,False
2022-05-02 11:50:00,1.0196014972498777,False
2022-05-02 12:00:00,1.0492758221324,False
2022-05-02 12:10:00,0.9620830630519177,False
2022-05-02 12:20:00,0.960989980693833,False
2022-05-02 12:30:00,0.9942939479018528,False
2022-05-02 12:40:00,1.0975879037189094,False
2022-05-02 12:50:00,1.1006518115323556,False
2022-05-02 13:00:00,0.8938861506834499,False
2022-05-02 13:10:00,1.0333345272656023,False
2022-05-02 13:20:00,1.0505812938823693,False
2022-05-02 13:30:00,0.9305936962463404,False
2022-05-02 13:40:00,0.8670271522939592,False
2022-05-02 13:50:00,0.6645387594489682,False
2022-05-02 14:00:00,1.0248921272118496,False
2022-05-02 14:10:00,0.9720393081340757,False
2022-05-02 14:20:00,1.049970422023774,False
2022-05-02 14:30:00,1.0955151027027457,False
2022-05-02 14:40:00,0.8666177568159463,False
2022-05-02 14:50:00,0.9113296241635042,False
2022-05-02 15:00:00,1.1564113224846215,False
2022-05-02 15:10:00,1.0008755700005876,False
2022-05-02 15:20:00,1.1356118774592594,False
2022-05-02 15:30:00,0.9066088305106547,False
2022-05-02 15:40:00,0.9430993361900782,False
2022-05-02 15:50:00,1.036255801593677,False
2022-05-02 16:00:00,1.0674491282595713,False
2022-05-02 16:10:00,0.9555661456577448,False
2022-05-02 16:20:00,1.030384006113786,False
2022-05-02 16:30:00,0.9201415873646418,False
2022-05-02 16:40:00,0.9444681706780768,False
2022-05-02 16:50:00,1.0397786912536164,False
2022-05-02 17:00:00,1.1141749282179076,False
2022-05-02 17:10:00,0.9976329233533757,False
2022-05-02 17:20:00,1.0044519368206712,False
2022-05-02 17:30:00,1.099971746108722,False
2022-05-02 17:40:00,1.0018101079034305,False
2022-05-02 17:50:00,0.8810973415954726,False
2022-05-02 18:00:00,0.9670050465851814,False
2022-05-02 18:10:00,0.807630321055646,False
2022-05-02 18:20:00,1.0748281514853602,False
2022-05-02 18:30:00,0.9272771798666528,False
2022-05-02 18:40:00,0.989984460789223,False
2022-05-02 18:50:00,1.0574087695010659,False
2022-05-02 19:00:00,1.038540887487424,False
2022-05-02 19:10:00,0.9822375571562282,False
2022-05-02 19:20:00,1.1458236348064155,False
2022-05-02 19:30:00,,False
2022-05-02 19:40:00,0.9873360111933135,False
2022-05-02 19:50:00,1.0331972366678122,False
2022-05-02 20:00:00,1.0488783056430913,False
2022-05-02 20:10:00,0.898137996292397,False
2022-05-02 20:20:00,1.2262469183117197,False
2022-05-02 20:30:00,0.9902335094762869,False
2022-05-02 20:40:00,1.018124410719825,False
2022-05-02 20:50:00,0.886424853085892,False
2022-05-02 21:00:00,0.9461792264164123,False
2022-05-02 21:10:00,0.8891693366038067,False
2022-05-02 21:20:00,1.020184710152842,False
2022-05-02 21:30:00,1.0839813110011285,False
2022-05-02 21:40:00,1.0105856421659014,False
2022-05-02 21:50:00,1.2104114650946185,False
2022-05-02 22:00:00,0.9346159358928916,False
2022-05-02 22:10:00,,False
2022-05-02 22:20:00,1.065976593624122,False
2022-05-02 22:30:00,0.8255612322717013,False
2022-05-02 22:40:00,0.9155106006933367,False
2022-05-02 22:50:00,0.9599675538974803,False
2022-05-02 23:00:00,0.9198404240796434,False
2022-05-02 23:10:00,1.0068344147787232,False
2022-05-02 23:20:00,0.8900317374446941,False
2022-05-02 23:30:00,0.975427022595326,False
2022-05-02 23:40:00,1.0497322926262085,False
2022-05-02 23:50:00,1.0722986720483512,False
2022-05-03 00:00:00,1.0098335847787654,False
2022-05-03 00:10:00,1.0464269976176384,False
2022-05-03 00:20:00,1.0162904616305357,False
2022-05-03 00:30:00,0.9644123117592236,False
2022-05-03 00:40:00,1.0277048525571786,False
2022-05-03 00:50:00,1.164390851701842,False
2022-05-03 01:00:00,0.9837228371374481,False
2022-05-03 01:10:00,1.1156113204877816,False
2022-05-03 01:20:00,1.0264000790970507,False
2022-05-03 01:30:00,1.0388331407554396,False
2022-05-03 01:40:00,1.0631232009286549,False
2022-05-03 01:50:00,1.0652361219983613,False
2022-05-03 02:00:00,0.9260336154366069,False
2022-05-03 02:10:00,0.9677994407634919,False
2022-05-03 02:20:00,0.9179185084422629,False
2022-05-03 02:30:00,1.041019337439193,False
2022-05-03 02:40:00,0.8722109808618778,False
2022-05-03 02:50:00,1.0088501920071296,False
2022-05-03 03:00:00,0.9639805497984681,False
2022-05-03 03:10:00,1.0143730870394754,False
2022-05-03 03:20:00,1.1753673957148099,False
2022-05-03 03:30:00,0.9002805360422174,False
2022-05-03 03:40:00,1.1597672102250525,False
2022-05-03 03:50:00,1.0290656365010993,False
2022-05-03 04:00:00,0.8334952138009195,False
2022-05-03 04:10:00,0.802936367476826,False
2022-05-03 04:20:00,1.1393898762332209,False
2022-05-03 04:30:00,0.9475470894572533,False
2022-05-03 04:40:00,1.103043978821694,False
2022-05-03 04:50:00,1.0824748244732694,False
2022-05-03 05:00:00,1.1590180291682877,False
2022-05-03 05:10:00,0.7934793410555432,False
2022-05-03 05:20:00,1.0962933665746029,False
2022-05-03 05:30:00,1.0571213609333316,False
2022-05-03 05:40:00,1.1182530568165334,False
2022-05-03 05:50:00,1.0271724480037496,False
2022-05-03 06:00:00,1.1282225183757308,False
2022-05-03 06:10:00,1.0235187091772517,False
2022-05-03 06:20:00,0.9076030151249319,False
2022-05-03 06:30:00,0.9959582819765516,False
2022-05-03 06:40:00,0.9797794429491035,False
2022-05-03 06:50:00,1.0935873462721082,False
2022-05-03 07:00:00,1.1203159502121176,False
2022-05-03 07:10:00,1.0198024933891883,False
2022-05-03 07:20:00,0.958418602949698,False
2022-05-03 07:30:00,1.0615426344499965,False
2022-05-03 07:40:00,1.1016537484932516,False
2022-05-03 07:50:00,0.8521659812716287,False
2022-05-03 08:00:00,1.0915792601215386,False
2022-05-03 08:10:00,1.0204869440463806,False
2022-05-03 08:20:00,0.8872609780740502,False
2022-05-03 08:30:00,0.9172664301903883,False
2022-05-03 08:40:00,1.0434062666681585,False
2022-05-03 08:50:00,1.03284525928517,False
2022-05-03 09:00:00,0.9618959569993064,False
2022-05-03 09:10:00,1.0148620324833202,False
2022-05-03 09:20:00,0.9968782192833537,False
2022-05-03 09:30:00,0.9554145355790352,False
2022-05-03 09:40:00,0.9359961225302798,False
2022-05-03 09:50:00,0.9923665742635356,False
2022-05-03 10:00:00,1.0691813094844433,False
2022-05-03 10:10:00,0.8498149623053727,False
2022-05-03 10:20:00,1.0205869792564943,False
2022-05-03 10:30:00,0.9320100181693373,False
2022-05-03 10:40:00,0.9636777959226019,False
2022-05-03 10:50:00,0.9469241724708761,False
2022-05-03 11:00:00,,False
2022-05-03 11:10:00,,False
2022-05-03 11:20:00,0.9624780264987434,False
2022-05-03 11:30:00,0.9846308364772877,False
2022-05-03 11:40:00,1.1728276718873578,False
2022-05-03 11:50:00,1.0764002186377268,False
2022-05-03 12:00:00,1.0525845268467973,False
2022-05-03 12:10:00,1.0232449268594137,False
2022-05-03 12:20:00,1.0843248469598576,False
2022-05-03 12:30:00,0.8912789290585826,False
2022-05-03 12:40:00,,False
2022-05-03 12:50:00,1.0567782672948844,False
2022-05-03 13:00:00,1.1645734353881907,False
2022-05-03 13:10:00,0.9925788434932215,False
2022-05-03 13:20:00,1.132453027832113,False
2022-05-03 13:30:00,0.9762599941638714,False
2022-05-03 13:40:00,,False
2022-05-03 13:50:00,0.9733790152118084,False
2022-05-03 14:00:00,0.8821428996005398,False
2022-05-03 14:10:00,0.9570013831902756,False
2022-05-03 14:20:00,0.9952434699056583,False
2022-05-03 14:30:00,0.9915201999037317,False
2022-05-03 14:40:00,0.994091563368323,False
2022-05-03 14:50:00,1.0296171780467955,False
2022-05-03 15:00:00,1.0549076277833844,False
2022-05-03 15:10:00,1.1020208188477256,False
2022-05-03 15:20:00,1.0187629690893991,False
2022-05-03 15:30:00,0.9706405077364623,False
2022-05-03 15:40:00,0.9944503568693281,False
2022-05-03 15:50:00,,False
2022-05-03 16:00:00,,False
2022-05-03 16:10:00,1.1391652504129652,False
2022-05-03 16:20:00,1.2120851334599458,False
2022-05-03 16:30:00,0.9170443521429611,False
2022-05-03 16:40:00,0.8056755346805834,False
2022-05-03 16:50:00,0.821853346171827,False
2022-05-03 17:00:00,0.816283840319733,False
2022-05-03 17:10:00,1.0213704839469417,False
2022-05-03 17:20:00,0.9993862655140822,False
2022-05-03 17:30:00,0.8657927727686661,False
2022-05-03 17:40:00,1.052925496180543,False
2022-05-03 17:50:00,0.9167663436503876,False
2022-05-03 18:00:00,0.9072979541271583,False
2022-05-03 18:10:00,1.0395775206175415,False
2022-05-03 18:20:00,1.0540084873927258,False
2022-05-03 18:30:00,1.0064924287973733,False
2022-05-03 18:40:00,0.9104131280874967,False
2022-05-03 18:50:00,1.0697516559340003,False
2022-05-03 19:00:00,1.0126499498434067,False
2022-05-03 19:10:00,0.9807939602158331,False
2022-05-03 19:20:00,0.8856757854378897,False
2022-05-03 19:30:00,0.9422117771087257,False
2022-05-03 19:40:00,1.0081103713441595,False
2022-05-03 19:50:00,1.0073091226947752,False
2022-05-03 20:00:00,1.2419728853093304,False
2022-05-03 20:10:00,1.008074247218051,False
2022-05-03 20:20:00,0.9157959666087983,False
2022-05-03 20:30:00,0.9452454474182883,False
2022-05-03 20:40:00,0.9943516131483207,False
2022-05-03 20:50:00,1.064371988731294,False
2022-05-03 21:00:00,1.291666181690631,False
2022-05-03 21:10:00,0.9559510607497352,False
2022-05-03 21:20:00,0.7365870618967112,False
2022-05-03 21:30:00,0.8698187060404408,False
2022-05-03 21:40:00,0.8244845145481012,False
2022-05-03 21:50:00,0.9553198561954264,False
2022-05-03 22:00:00,,False
2022-05-03 22:10:00,1.115172451221382,False
2022-05-03 22:20:00,1.006193545933755,False
2022-05-03 22:30:00,1.2016419586221332,False
2022-05-03 22:40:00,1.09980042415191,False
2022-05-03 22:50:00,0.8800410564870005,False
2022-05-03 23:00:00,0.8030252319077579,False
2022-05-03 23:10:00,1.005854389215717,False
2022-05-03 23:20:00,0.9339689155137573,False
2022-05-03 23:30:00,1.2184089055013474,False
2022-05-03 23:40:00,0.8242189284525967,False
2022-05-03 23:50:00,1.062772450907585,False
2022-05-04 00:00:00,1.16843684243047,False
2022-05-04 00:10:00,0.9666463212009727,False
2022-05-04 00:20:00,1.0480213193151204,False
2022-05-04 00:30:00,1.0233690307543188,False
2022-05-04 00:40:00,0.9803662989570817,False
2022-05-04 00:50:00,1.141238260280611,False
2022-05-04 01:00:00,1.1251559316621496,False
2022-05-04 01:10:00,0.9361004806613203,False
2022-05-04 01:20:00,0.8316842417202043,False
2022-05-04 01:30:00,1.2150837718551377,False
2022-05-04 01:40:00,1.0810765510184537,False
2022-05-04 01:50:00,1.0215808047100818,False
2022-05-04 02:00:00,1.0170587828041144,False
2022-05-04 02:10:00,0.9295312014049886,False
2022-05-04 02:20:00,0.9712497948966913,False
2022-05-04 02:30:00,0.8959044537400775,False
2022-05-04 02:40:00,1.0730617890159726,False
2022-05-04 02:50:00,0.8260686669869204,False
2022-05-04 03:00:00,0.8683132585459582,False
2022-05-04 03:10:00,1.0336701740728742,False
2022-05-04 03:20:00,1.2016451663438605,False
2022-05-04 03:30:00,1.0689050843304593,False
2022-05-04 03:40:00,0.9077746594019088,False
2022-05-04 03:50:00,1.2328736427850477,False
2022-05-04 04:00:00,0.995342595800595,False
2022-05-04 04:10:00,0.994037685781763,False
2022-05-04 04:20:00,0.8776893300724166,False
2022-05-04 04:30:00,,False
2022-05-04 04:40:00,1.1444807891131947,False
2022-05-04 04:50:00,1.1406336728110467,False
2022-05-04 05:00:00,0.9117847981606488,False
2022-05-04 05:10:00,0.9594985524868702,False
2022-05-04 05:20:00,0.9362501600589576,False
2022-05-04 05:30:00,0.8431492249636217,False
2022-05-04 05:40:00,0.909974212924052,False
2022-05-04 05:50:00,1.0088912953075873,False
2022-05-04 06:00:00,0.9582464321322507,False
2022-05-04 06:10:00,1.1436088749574613,False
2022-05-04 06:20:00,0.9885500592630885,False
2022-05-04 06:30:00,0.8300307309920316,False
2022-05-04 06:40:00,0.9782402679419643,False
2022-05-04 06:50:00,0.9217454534378916,False
2022-05-04 07:00:00,1.0558617241039243,False
2022-05-04 07:10:00,1.0657922977266496,False
2022-05-04 07:20:00,1.1591513769685615,False
2022-05-04 07:30:00,,False
2022-05-04 07:40:00,1.0954279885275027,False
2022-05-04 07:50:00,0.9501922055392451,False
2022-05-04 08:00:00,0.9781776258081086,False
2022-05-04 08:10:00,1.0526967595366123,False
2022-05-04 08:20:00,0.9211759059400788,False
2022-05-04 08:30:00,0.9696337024368873,False
2022-05-04 08:40:00,1.0700942058109888,False
2022-05-04 08:50:00,1.0380440488585874,False
2022-05-04 09:00:00,0.9272859323530454,False
2022-05-04 09:10:00,0.9655768481348443,False
2022-05-04 09:20:00,1.0851865499748095,False
2022-05-04 09:30:00,1.083818230791672,False
2022-05-04 09:40:00,1.100595725953897,False
2022-05-04 09:50:00,1.0411447406450807,False
2022-05-04 10:00:00,1.048536890923318,False
2022-05-04 10:10:00,0.9789510251243131,False
2022-05-04 10:20:00,1.0209122836155642,False
2022-05-04 10:30:00,1.1245508316420063,False
2022-05-04 10:40:00,0.9705317864498035,False
2022-05-04 10:50:00,0.915115954861178,False
2022-05-04 11:00:00,1.0273639699122268,False
2022-05-04 11:10:00,1.0181921867721921,False
2022-05-04 11:20:00,1.1510270630163195,False
2022-05-04 11:30:00,1.0511735356598184,False
2022-05-04 11:40:00,1.0603125247640615,False
2022-05-04 11:50:00,0.8999719555820339,False
2022-05-04 12:00:00,1.037673025049563,False
2022-05-04 12:10:00,0.9214379406086507,False
2022-05-04 12:20:00,0.8372905944999918,False
2022-05-04 12:30:00,0.9599855055884466,False
2022-05-04 12:40:00,0.9985948864125449,False
2022-05-04 12:50:00,1.0875964716474,False
2022-05-04 13:00:00,0.9119053697460997,False
2022-05-04 13:10:00,0.921403965947574,False
2022-05-04 13:20:00,1.005521473898495,False
2022-05-04 13:30:00,0.962011983550552,False
2022-05-04 13:40:00,0.9378804714112657,False
2022-05-04 13:50:00,0.9985619941865903,False
2022-05-04 14:00:00,1.0276478253637469,False
2022-05-04 14:10:00,0.9916004950045608,False
2022-05-04 14:20:00,0.9049031573362252,False
2022-05-04 14:30:00,0.9780799267268243,False
2022-05-04 14:40:00,1.0177224571843533,False
2022-05-04 14:50:00,0.9962224544915695,False
2022-05-04 15:00:00,0.9882873561769094,False
2022-05-04 15:10:00,1.0449012830432571,False
2022-05-04 15:20:00,1.0098206740617566,False
2022-05-04 15:30:00,,False
2022-05-04 15:40:00,,False
2022-05-04 15:50:00,1.039742043671579,False
2022-05-04 16:00:00,0.9427835089086,False
2022-05-04 16:10:00,0.7378933984892538,False
2022-05-04 16:20:00,1.071988108689881,False
2022-05-04 16:30:00,1.1413708071657866,False
2022-05-04 16:40:00,0.860243280829631,False
2022-05-04 16:50:00,0.8477820606979708,False
2022-05-04 17:00:00,1.1594547407985862,False
2022-05-04 17:10:00,0.8967532793577451,False
2022-05-04 17:20:00,0.9233227782172184,False
2022-05-04 17:30:00,1.009877505745287,False
2022-05-04 17:40:00,0.8765502051338214,False
2022-05-04 17:50:00,0.985532700612937,False
2022-05-04 18:00:00,1.1129040098976182,False
2022-05-04 18:10:00,0.9914615603213027,False
2022-05-04 18:20:00,0.9203894495461752,False
2022-05-04 18:30:00,1.011254380004363,False
2022-05-04 18:40:00,0.941515597067452,False
2022-05-04 18:50:00,1.0634696296128892,False
2022-05-04 19:00:00,0.9391755552005163,False
2022-05-04 19:10:00,1.1525220426790215,False
2022-05-04 19:20:00,1.0099937111882427,False
2022-05-04 19:30:00,0.9869895565475523,False
2022-05-04 19:40:00,1.0087857848217479,False
2022-05-04 19:50:00,1.0216492455703392,False
2022-05-04 20:00:00,0.9338611591000671,False
2022-05-04 20:10:00,1.1451142921533863,False
2022-05-04 20:20:00,0.9837385360236647,False
2022-05-04 20:30:00,0.8727746846118657,False
2022-05-04 20:40:00,1.2104003920455337,False
2022-05-04 20:50:00,1.0637839941903333,False
2022-05-04 21:00:00,1.1623032534490443,False
2022-05-04 21:10:00,1.0378482650320837,False
2022-05-04 21:20:00,0.9066108011342551,False
2022-05-04 21:30:00,0.904246849211029,False
2022-05-04 21:40:00,1.1573525312629138,False
2022-05-04 21:50:00,0.9960749687241349,False
2022-05-04 22:00:00,,False
2022-05-04 22:10:00,0.958341423385014,False
2022-05-04 22:20:00,0.913298645368409,False
2022-05-04 22:30:00,1.068924161784048,False
2022-05-04 22:40:00,1.1578169366484605,False
2022-05-04 22:50:00,0.9254978336687805,False
2022-05-04 23:00:00,1.071552559103479,False
2022-05-04 23:10:00,0.9389104044176299,False
2022-05-04 23:20:00,1.1164126433217234,False
2022-05-04 23:30:00,1.128104990559465,False
2022-05-04 23:40:00,1.0486893106234385,False
2022-05-04 23:50:00,1.032984967007322,False
2022-05-05 00:00:00,0.8973323090104522,False
2022-05-05 00:10:00,0.881876559885435,False
2022-05-05 00:20:00,1.0230761979558343,False
2022-05-05 00:30:00,1.1365390763640308,False
2022-05-05 00:40:00,1.0321009961552219,False
2022-05-05 00:50:00,1.0964075113565501,False
2022-05-05 01:00:00,0.9134120813985174,False
2022-05-05 01:10:00,0.8581027550411326,False
2022-05-05 01:20:00,1.0432850528557915,False
2022-05-05 01:30:00,0.7733368368844504,False
2022-05-05 01:40:00,0.9922745185175352,False
2022-05-05 01:50:00,1.139051545198748,False
2022-05-05 02:00:00,1.0749648449761928,False
2022-05-05 02:10:00,,False
2022-05-05 02:20:00,1.0272734285207652,False
2022-05-05 02:30:00,1.0587979181995386,False
2022-05-05 02:40:00,0.8802897872427441,False
2022-05-05 02:50:00,1.1231848805617892,False
2022-05-05 03:00:00,0.933192685051784,False
2022-05-05 03:10:00,0.8917328144867982,False
2022-05-05 03:20:00,0.8304173588099603,False
2022-05-05 03:30:00,1.042430541372191,False
2022-05-05 03:40:00,1.0726758018196716,False
2022-05-05 03:50:00,,False
2022-05-05 04:00:00,0.9444732515342018,False
2022-05-05 04:10:00,1.042167451924036,False
2022-05-05 04:20:00,1.0964728606434955,False
2022-05-05 04:30:00,0.980690487201194,False
2022-05-05 04:40:00,0.8337261978729676,False
2022-05-05 04:50:00,0.9670288518812264,False
2022-05-05 05:00:00,0.8920177858750842,False
2022-05-05 05:10:00,1.060093621314826,False
2022-05-05 05:20:00,0.9318472223044054,False
2022-05-05 05:30:00,1.0931006831369146,False
2022-05-05 05:40:00,1.077392821945342,False
2022-05-05 05:50:00,0.8589641096110159,False
2022-05-05 06:00:00,0.9896264591434454,False
2022-05-05 06:10:00,0.9368234127421691,False
2022-05-05 06:20:00,1.0432961176495064,False
2022-05-05 06:30:00,,False
2022-05-05 06:40:00,1.079425986224401,False
2022-05-05 06:50:00,1.039475112093782,False
2022-05-05 07:00:00,1.1031711435442761,False
2022-05-05 07:10:00,1.1204787812636872,False
2022-05-05 07:20:00,1.173614222568537,False
2022-05-05 07:30:00,1.1580255844402607,False
2022-05-05 07:40:00,0.9565575049746369,False
2022-05-05 07:50:00,0.9792643623543478,False
2022-05-05 08:00:00,0.897443492030978,False
2022-05-05 08:10:00,1.1444556381356372,False
2022-05-05 08:20:00,1.009086013929379,False
2022-05-05 08:30:00,0.8313077767786301,False
2022-05-05 08:40:00,0.9115295904966431,False
2022-05-05 08:50:00,1.1105106856069002,False
2022-05-05 09:00:00,0.9059848425284669,False
2022-05-05 09:10:00,0.9777164421045376,False
2022-05-05 09:20:00,1.1051925349580205,False
2022-05-05 09:30:00,0.9672005342400044,False
2022-05-05 09:40:00,0.9418052339350831,False
2022-05-05 09:50:00,0.838834956029332,False
2022-05-05 10:00:00,0.9309448294829701,False
2022-05-05 10:10:00,0.9496692543922736,False
2022-05-05 10:20:00,,False
2022-05-05 10:30:00,0.9489139471671344,False
2022-05-05 10:40:00,1.0504045080403435,False
2022-05-05 10:50:00,0.9375960201609127,False
2022-05-05 11:00:00,1.0311229588593749,False
2022-05-05 11:10:00,0.8253429956839871,False
2022-05-05 11:20:00,1.0055967850479788,False
2022-05-05 11:30:00,0.9835548076729852,False
2022-05-05 11:40:00,1.043095706929719,False
2022-05-05 11:50:00,1.053583264113056,False
2022-05-05 12:00:00,0.9062223774816731,False
2022-05-05 12:10:00,0.8413703868906287,False
2022-05-05 12:20:00,0.8711514037407018,False
2022-05-05 12:30:00,0.9584448790275745,False
2022-05-05 12:40:00,,False
2022-05-05 12:50:00,1.0740410619274992,False
2022-05-05 13:00:00,0.9453974880423597,False
2022-05-05 13:10:00,1.0460218377903299,False
2022-05-05 13:20:00,1.0264231503557866,False
2022-05-05 13:30:00,0.9266745225913835,False
2022-05-05 13:40:00,1.1386081515787299,False
2022-05-05 13:50:00,0.9152629923788886,False
2022-05-05 14:00:00,0.8119556846223543,False
2022-05-05 14:10:00,0.7825783896387688,False
2022-05-05 14:20:00,1.0989778088110853,False
2022-05-05 14:30:00,1.0299260438350033,False
2022-05-05 14:40:00,0.9709594307665088,False
2022-05-05 14:50:00,0.8929132290518393,False
2022-05-05 15:00:00,1.0548453299033544,False
2022-05-05 15:10:00,1.0700981651128005,False
2022-05-05 15:20:00,,False
2022-05-05 15:30:00,1.1019831701113623,False
2022-05-05 15:40:00,1.0884617615670245,False
2022-05-05 15:50:00,1.097565718554,False
2022-05-05 16:00:00,0.8973589846365024,False
2022-05-05 16:10:00,1.0025327285599206,False
2022-05-05 16:20:00,0.9935039312730518,False
2022-05-05 16:30:00,0.9782153050685329,False
2022-05-05 16:40:00,1.1347326180306543,False
2022-05-05 16:50:00,1.1762962590961568,False
2022-05-05 17:00:00,1.0040021926061966,False
2022-05-05 17:10:00,,False
2022-05-05 17:20:00,0.930095370558945,False
2022-05-05 17:30:00,1.0665326278687415,False
2022-05-05 17:40:00,0.9896420842374513,False
2022-05-05 17:50:00,0.9663986259173424,False
2022-05-05 18:00:00,0.9458847490365987,False
2022-05-05 18:10:00,1.0248099159858675,False
2022-05-05 18:20:00,0.9674035436936819,False
2022-05-05 18:30:00,1.0441468371063884,False
2022-05-05 18:40:00,1.0187666395812869,False
2022-05-05 18:50:00,1.0036338214041192,False
2022-05-05 19:00:00,0.9821544347792526,False
2022-05-05 19:10:00,0.9733707477627193,False
2022-05-05 19:20:00,,False
2022-05-05 19:30:00,,False
2022-05-05 19:40:00,0.857832130224359,False
2022-05-05 19:50:00,1.0438856136581838,False
2022-05-05 20:00:00,1.110910408320003,False
2022-05-05 20:10:00,1.2066573038709743,False
2022-05-05 20:20:00,1.0768873523160922,False
2022-05-05 20:30:00,1.0309536596352455,False
2022-05-05 20:40:00,1.0654005082505649,False
2022-05-05 20:50:00,0.979027722366549,False
2022-05-05 21:00:00,0.8012075485970342,False
2022-05-05 21:10:00,0.9589585660686709,False
2022-05-05 21:20:00,1.0670544717525545,False
2022-05-05 21:30:00,0.8793064712127715,False
2022-05-05 21:40:00,,False
2022-05-05 21:50:00,1.1765316403339274,False
2022-05-05 22:00:00,1.1159813368029243,False
2022-05-05 22:10:00,,False
2022-05-05 22:20:00,1.047242475765866,False
2022-05-05 22:30:00,0.9749460038000994,False
2022-05-05 22:40:00,0.8961794731409586,False
2022-05-05 22:50:00,0.8838263136224731,False
2022-05-05 23:00:00,0.9960842799761703,False
2022-05-05 23:10:00,1.0424996735702314,False
2022-05-05 23:20:00,0.9307018298630003,False
2022-05-05 23:30:00,0.9947099945336676,False
2022-05-05 23:40:00,1.023313273216702,False
2022-05-05 23:50:00,1.0107362883931992,False
2022-05-06 00:00:00,1.1390683427196275,False
2022-05-06 00:10:00,1.1067464806283644,False
2022-05-06 00:20:00,0.9600410301929717,False
2022-05-06 00:30:00,1.0758143419039592,False
2022-05-06 00:40:00,0.9196975682242194,False
2022-05-06 00:50:00,0.875481127722039,False
2022-05-06 01:00:00,0.9002761051068154,False
2022-05-06 01:10:00,0.8833187272335863,False
2022-05-06 01:20:00,1.0913894637947703,False
2022-05-06 01:30:00,0.8114801855073872,False
2022-05-06 01:40:00,0.9672908232823358,False
2022-05-06 01:50:00,1.215567012344953,False
2022-05-06 02:00:00,0.9006799562233488,False
2022-05-06 02:10:00,0.8523447658996957,False
2022-05-06 02:20:00,0.9781525249059374,False
2022-05-06 02:30:00,0.8947694366848137,False
2022-05-06 02:40:00,0.9367028705675294,False
2022-05-06 02:50:00,0.9192572649605334,False
2022-05-06 03:00:00,0.9054176227253801,False
2022-05-06 03:10:00,1.1633688691342863,False
2022-05-06 03:20:00,1.033376350111451,False
2022-05-06 03:30:00,1.1029062176238216,False
2022-05-06 03:40:00,1.0568160579846437,False
2022-05-06 03:50:00,,False
2022-05-06 04:00:00,1.12178671738926,False
2022-05-06 04:10:00,1.2598862499675958,False
2022-05-06 04:20:00,0.9591735514540198,False
2022-05-06 04:30:00,1.1073805015219733,False
2022-05-06 04:40:00,0.9514555602124403,False
2022-05-06 04:50:00,0.882852972598874,False
2022-05-06 05:00:00,1.2059704661464257,False
2022-05-06 05:10:00,0.9166394388216499,False
2022-05-06 05:20:00,1.0714991419887419,False
2022-05-06 05:30:00,0.827431887161052,False
2022-05-06 05:40:00,0.8538664363979819,False
2022-05-06 05:50:00,1.0868451267637036,False
2022-05-06 06:00:00,,False
2022-05-06 06:10:00,1.0037438986395113,False
2022-05-06 06:20:00,0.7327098367532976,False
2022-05-06 06:30:00,1.0057212796762283,False
2022-05-06 06:40:00,1.0466655478134226,False
2022-05-06 06:50:00,1.0323081004430732,False
2022-05-06 07:00:00,0.9479069225547744,False
2022-05-06 07:10:00,0.9486512169579611,False
2022-05-06 07:20:00,0.9402663062135456,False
2022-05-06 07:30:00,0.9344409069402931,False
2022-05-06 07:40:00,1.0951827956327245,False
2022-05-06 07:50:00,0.8555104635260492,False
2022-05-06 08:00:00,1.051889618027203,False
2022-05-06 08:10:00,1.1238426171918996,False
2022-05-06 08:20:00,0.9892942011940034,False
2022-05-06 08:30:00,1.0326512374439478,False
2022-05-06 08:40:00,1.0339212930040214,False
2022-05-06 08:50:00,1.0599265715326789,False
2022-05-06 09:00:00,1.1220855706346526,False
2022-05-06 09:10:00,1.0515071577994093,False
2022-05-06 09:20:00,0.9963810432558959,False
2022-05-06 09:30:00,0.9806678277612635,False
2022-05-06 09:40:00,1.1615559086487643,False
2022-05-06 09:50:00,1.0461346488885979,False
2022-05-06 10:00:00,0.8896919346120318,False
2022-05-06 10:10:00,1.0882360906255732,False
2022-05-06 10:20:00,1.098029984710838,False
2022-05-06 10:30:00,1.039512972834971,False
2022-05-06 10:40:00,1.0633999780391743,False
2022-05-06 10:50:00,0.9356237544186461,False
2022-05-06 11:00:00,1.0288199190978424,False
2022-05-06 11:10:00,1.0825993734988661,False
2022-05-06 11:20:00,1.0052271896843696,False
2022-05-06 11:30:00,1.1405927732781187,False
2022-05-06 11:40:00,0.9402063068978392,False
2022-05-06 11:50:00,1.0407551466233198,False
2022-05-06 12:00:00,0.9553935156732507,False
2022-05-06 12:10:00,1.0611729964286196,False
2022-05-06 12:20:00,1.148612940981004,False
2022-05-06 12:30:00,0.9981388956234347,False
2022-05-06 12:40:00,,False
2022-05-06 12:50:00,0.9101401919668358,False
2022-05-06 13:00:00,1.04233035131089,False
2022-05-06 13:10:00,1.006136068811889,False
2022-05-06 13:20:00,1.0258116135884048,False
2022-05-06 13:30:00,0.9657971677868636,False
2022-05-06 13:40:00,1.0155836107685245,False
2022-05-06 13:50:00,1.00454301395648,False
2022-05-06 14:00:00,1.007073406673447,False
2022-05-06 14:10:00,1.0431059966218015,False
2022-05-06 14:20:00,0.9995618797656617,False
2022-05-06 14:30:00,1.024435353188845,False
2022-05-06 14:40:00,1.0546152047209767,False
2022-05-06 14:50:00,1.0275006101863662,False
2022-05-06 15:00:00,0.9218076346061556,False
2022-05-06 15:10:00,,False
2022-05-06 15:20:00,0.8100285068914709,False
2022-05-06 15:30:00,1.0154160783474784,False
2022-05-06 15:40:00,1.0547060455043569,False
2022-05-06 15:50:00,0.9327318669542082,False
2022-05-06 16:00:00,0.9172994339376074,False
2022-05-06 16:10:00,,False
2022-05-06 16:20:00,1.1586619044892692,False
2022-05-06 16:30:00,0.9494937366104137,False
2022-05-06 16:40:00,1.0486270310907224,False
2022-05-06 16:50:00,0.9057568836184737,False
2022-05-06 17:00:00,1.17695311975938,False
2022-05-06 17:10:00,1.0649166162047585,False
2022-05-06 17:20:00,0.8906708500542021,False
2022-05-06 17:30:00,1.017101700275678,False
2022-05-06 17:40:00,0.9085033434485912,False
2022-05-06 17:50:00,1.0503589079728233,False
2022-05-06 18:00:00,1.1125590688203184,False
2022-05-06 18:10:00,1.0543953746938197,False
2022-05-06 18:20:00,0.9142069040546716,False
2022-05-06 18:30:00,1.0523406591903175,False
2022-05-06 18:40:00,0.9891718246671067,False
2022-05-06 18:50:00,0.9657742447988978,False
2022-05-06 19:00:00,1.130938555612228,False
2022-05-06 19:10:00,1.0920894867899704,False
2022-05-06 19:20:00,0.9518733145007802,False
2022-05-06 19:30:00,0.8586743898538771,False
2022-05-06 19:40:00,1.0081041362288337,False
2022-05-06 19:50:00,1.1274879292286444,False
2022-05-06 20:00:00,0.9147571109708617,False
2022-05-06 20:10:00,0.906811087091266,False
2022-05-06 20:20:00,0.9381985643730781,False
2022-05-06 20:30:00,,False
2022-05-06 20:40:00,1.001361479458305,False
2022-05-06 20:50:00,0.9712761243100327,False
2022-05-06 21:00:00,0.9529905678399254,False
2022-05-06 21:10:00,,False
2022-05-06 21:20:00,1.0489773044234048,False
2022-05-06 21:30:00,0.9517678759012342,False
2022-05-06 21:40:00,0.8603539019920968,False
2022-05-06 21:50:00,1.1145782294943045,False
2022-05-06 22:00:00,1.0477697609424519,False
2022-05-06 22:10:00,0.9110656332416425,False
2022-05-06 22:20:00,1.0360146073161827,False
2022-05-06 22:30:00,1.041229192522273,False
2022-05-06 22:40:00,1.0885453232538178,False
2022-05-06 22:50:00,0.7652581902244993,False
2022-05-06 23:00:00,1.0558295225867216,False
2022-05-06 23:10:00,0.9909374537474384,False
2022-05-06 23:20:00,0.9680442132213037,False
2022-05-06 23:30:00,0.8564796936224865,False
2022-05-06 23:40:00,0.9490017658777233,False
2022-05-06 23:50:00,0.9696745308266419,False
2022-05-07 00:00:00,0.9261812825945172,False
2022-05-07 00:10:00,0.8622835238205093,False
2022-05-07 00:20:00,1.0274589752952907,False
2022-05-07 00:30:00,0.9715474407656535,False
2022-05-07 00:40:00,1.095914340581518,False
2022-05-07 00:50:00,1.1171228678162124,False
2022-05-07 01:00:00,1.001135221725447,False
2022-05-07 01:10:00,0.8171091389614422,False
2022-05-07 01:20:00,0.7956878979771373,False
2022-05-07 01:30:00,1.0351386858099778,False
2022-05-07 01:40:00,0.9813081088961892,False
2022-05-07 01:50:00,0.9676532794686741,False
2022-05-07 02:00:00,0.8406404065298496,False
2022-05-07 02:10:00,1.1182151473341815,False
2022-05-07 02:20:00,1.0518418012737616,False
2022-05-07 02:30:00,0.9012068884924608,False
2022-05-07 02:40:00,0.814755374865813,False
2022-05-07 02:50:00,,False
2022-05-07 03:00:00,1.0354606022857387,False
2022-05-07 03:10:00,0.9093738881477795,False
2022-05-07 03:20:00,0.7941707137751961,False
2022-05-07 03:30:00,0.8495586468799577,False
2022-05-07 03:40:00,1.0204472554346555,False
2022-05-07 03:50:00,1.008852581303818,False
2022-05-07 04:00:00,0.8882634580089682,False
2022-05-07 04:10:00,1.0422453626613655,False
2022-05-07 04:20:00,1.0402534088668565,False
2022-05-07 04:30:00,1.0048555769513692,False
2022-05-07 04:40:00,0.9130820562431091,False
2022-05-07 04:50:00,1.21898547098325,False
2022-05-07 05:00:00,0.9744997234554156,False
2022-05-07 05:10:00,0.9758180241089691,False
2022-05-07 05:20:00,1.1015794515407986,False
2022-05-07 05:30:00,1.0613828045411922,False
2022-05-07 05:40:00,1.0332908302572583,False
2022-05-07 05:50:00,1.048382384144243,False
2022-05-07 06:00:00,0.9672446755887163,False
2022-05-07 06:10:00,1.1514784682572319,False
2022-05-07 06:20:00,0.9974015335226991,False
2022-05-07 06:30:00,0.9220875087809957,False
2022-05-07 06:40:00,0.991734621545738,False
2022-05-07 06:50:00,0.9882935994364619,False
2022-05-07 07:00:00,1.015647733084284,False
2022-05-07 07:10:00,,False
2022-05-07 07:20:00,1.1618686599119705,False
2022-05-07 07:30:00,0.9600995106289396,False
2022-05-07 07:40:00,0.7930419762367641,False
2022-05-07 07:50:00,0.9538010005183342,False
2022-05-07 08:00:00,1.0794960011463903,False
2022-05-07 08:10:00,0.925168155048801,False
2022-05-07 08:20:00,1.1496013500817268,False
2022-05-07 08:30:00,1.0016364491186307,False
2022-05-07 08:40:00,0.9832327312116022,False
2022-05-07 08:50:00,1.0729366021705558,False
2022-05-07 09:00:00,1.06495069381732,False
2022-05-07 09:10:00,1.1181183781307238,False
2022-05-07 09:20:00,0.8747642057730238,False
2022-05-07 09:30:00,1.0764500836100037,False
2022-05-07 09:40:00,0.8779514821532338,False
2022-05-07 09:50:00,,False
2022-05-07 10:00:00,,False
2022-05-07 10:10:00,1.0116394967301274,False
2022-05-07 10:20:00,0.9130108300303752,False
2022-05-07 10:30:00,0.9636193438448669,False
2022-05-07 10:40:00,1.050284297384234,False
2022-05-07 10:50:00,,False
2022-05-07 11:00:00,0.8272840269599946,False
2022-05-07 11:10:00,1.0820790793664263,False
2022-05-07 11:20:00,0.9684812708288093,False
2022-05-07 11:30:00,1.0130333659873683,False
2022-05-07 11:40:00,,False
2022-05-07 11:50:00,1.0314359700994478,False
2022-05-07 12:00:00,1.1770799071458642,False
2022-05-07 12:10:00,0.965180308961876,False
2022-05-07 12:20:00,0.9439120592639093,False
2022-05-07 12:30:00,1.1265159506446074,False
2022-05-07 12:40:00,0.9758638113004,False
2022-05-07 12:50:00,0.9828589691912973,False
2022-05-07 13:00:00,0.9786978328186178,False
2022-05-07 13:10:00,1.0761680750785645,False
2022-05-07 13:20:00,0.9787431279833713,False
2022-05-07 13:30:00,0.9664587719598082,False
2022-05-07 13:40:00,0.9013319621057189,False
2022-05-07 13:50:00,0.9387590224261106,False
2022-05-07 14:00:00,0.9484266174185031,False
2022-05-07 14:10:00,1.0640746194550592,False
2022-05-07 14:20:00,0.8354808912480745,False
2022-05-07 14:30:00,1.0151054511849809,False
2022-05-07 14:40:00,1.0967898391781832,False
2022-05-07 14:50:00,1.1116070517873018,False
2022-05-07 15:00:00,1.0686115300926196,False
2022-05-07 15:10:00,,False
2022-05-07 15:20:00,0.8055605810447388,False
2022-05-07 15:30:00,1.1612963724901106,False
2022-05-07 15:40:00,0.9007800100778436,False
2022-05-07 15:50:00,0.9302086007191918,False
2022-05-07 16:00:00,0.9708165721428718,False
2022-05-07 16:10:00,1.008665287938885,False
2022-05-07 16:20:00,0.866828359713069,False
2022-05-07 16:30:00,,False
2022-05-07 16:40:00,1.0052078128822244,False
2022-05-07 16:50:00,0.8425013250777033,False
2022-05-07 17:00:00,0.9638290758560688,False
2022-05-07 17:10:00,1.0226542349367926,False
2022-05-07 17:20:00,0.9859042030100826,False
2022-05-07 17:30:00,1.0232888947334497,False
2022-05-07 17:40:00,0.9181097080266186,False
2022-05-07 17:50:00,1.096697849812945,False
2022-05-07 18:00:00,0.8780944522269204,False
2022-05-07 18:10:00,0.9625893482933134,False
2022-05-07 18:20:00,1.0024524636094956,False
2022-05-07 18:30:00,1.018646388682119,False
2022-05-07 18:40:00,1.006090390062272,False
2022-05-07 18:50:00,0.9899300538356466,False
2022-05-07 19:00:00,1.0198403101910933,False
2022-05-07 19:10:00,0.8228707157011167,False
2022-05-07 19:20:00,1.0415233918973004,False
2022-05-07 19:30:00,0.8481666207347563,False
2022-05-07 19:40:00,1.0001495511651042,False
2022-05-07 19:50:00,1.2227498417185667,False
2022-05-07 20:00:00,0.9638662659404283,False
2022-05-07 20:10:00,0.8888156137315385,False
2022-05-07 20:20:00,0.8971619442132901,False
2022-05-07 20:30:00,0.9626909944195768,False
2022-05-07 20:40:00,0.9984894397076621,False
2022-05-07 20:50:00,0.9417852140287949,False
2022-05-07 21:00:00,1.0617518266908763,False
2022-05-07 21:10:00,0.8718851497997389,False
2022-05-07 21:20:00,0.9870561263183473,False
2022-05-07 21:30:00,0.8636748431630717,False
2022-05-07 21:40:00,1.160367419533703,False
2022-05-07 21:50:00,0.8156784031761906,False
2022-05-07 22:00:00,0.8911520104040703,False
2022-05-07 22:10:00,1.1673965892910707,False
2022-05-07 22:20:00,1.0498208376852358,False
2022-05-07 22:30:00,1.1064551134239777,False
2022-05-07 22:40:00,0.873737148942475,False
2022-05-07 22:50:00,1.0433587630751444,False
2022-05-07 23:00:00,0.952347873184768,False
2022-05-07 23:10:00,0.87523954843186,False
2022-05-07 23:20:00,1.2069138376935706,False
2022-05-07 23:30:00,1.0001427039507966,False
2022-05-07 23:40:00,0.9954337011908201,False
2022-05-07 23:50:00,0.7350447990760225,False
2022-05-08 00:00:00,1.0023879103099984,False
2022-05-08 00:10:00,1.016251168883523,False
2022-05-08 00:20:00,1.1005305118265778,False
2022-05-08 00:30:00,0.9126771667288498,False
2022-05-08 00:40:00,1.0033351415777885,False
2022-05-08 00:50:00,1.0227611577719504,False
2022-05-08 01:00:00,1.0221020053686172,False
2022-05-08 01:10:00,0.8399400954849565,False
2022-05-08 01:20:00,0.8536933924645896,False
2022-05-08 01:30:00,0.9683079858592241,False
2022-05-08 01:40:00,0.857665005001448,False
2022-05-08 01:50:00,1.24383104893043,False
2022-05-08 02:00:00,1.055814926572926,False
2022-05-08 02:10:00,1.0508350750130335,False
2022-05-08 02:20:00,0.9191892333914927,False
2022-05-08 02:30:00,1.0712636704300447,False
2022-05-08 02:40:00,0.8664355186089292,False
2022-05-08 02:50:00,0.893450803068071,False
2022-05-08 03:00:00,1.0051244248185667,False
2022-05-08 03:10:00,0.9683566942616454,False
2022-05-08 03:20:00,0.9804284149599968,False
2022-05-08 03:30:00,1.0431551161090884,False
2022-05-08 03:40:00,0.8390145680278943,False
2022-05-08 03:50:00,1.1802022325430221,False
2022-05-08 04:00:00,0.9117526439190909,False
2022-05-08 04:10:00,0.9358285776995063,False
2022-05-08 04:20:00,0.9956861382471855,False
2022-05-08 04:30:00,0.9436312422118446,False
2022-05-08 04:40:00,0.8614910706496284,False
2022-05-08 04:50:00,1.1347436701370763,False
2022-05-08 05:00:00,0.9905057078890569,False
2022-05-08 05:10:00,0.8502671407365792,False
2022-05-08 05:20:00,0.971120789820784,False
2022-05-08 05:30:00,1.0845470072656669,False
2022-05-08 05:40:00,1.0409490810686495,False
2022-05-08 05:50:00,,False
2022-05-08 06:00:00,1.0039490918657341,False
2022-05-08 06:10:00,1.1160899312488965,False
2022-05-08 06:20:00,0.9775490207206793,False
2022-05-08 06:30:00,0.8113158027553005,False
2022-05-08 06:40:00,0.8584697690993266,False
2022-05-08 06:50:00,0.9920856104827178,False
2022-05-08 07:00:00,0.9923065900229462,False
2022-05-08 07:10:00,0.9897501734773709,False
2022-05-08 07:20:00,0.7292896517070306,False
2022-05-08 07:30:00,0.99769043109237,False
2022-05-08 07:40:00,0.8589984995776494,False
2022-05-08 07:50:00,0.9017079344568069,False
2022-05-08 08:00:00,0.9629360825918527,False
2022-05-08 08:10:00,1.0661725494232994,False
2022-05-08 08:20:00,1.0345681711327397,False
2022-05-08 08:30:00,1.0758165569430544,False
2022-05-08 08:40:00,1.0049795301104016,False
2022-05-08 08:50:00,0.8580492505593436,False
2022-05-08 09:00:00,1.0304772467252103,False
2022-05-08 09:10:00,1.0369184806283238,False
2022-05-08 09:20:00,0.9276302991692303,False
2022-05-08 09:30:00,1.0097686854297825,False
2022-05-08 09:40:00,0.9708211559222345,False
2022-05-08 09:50:00,1.1138902913744035,False
2022-05-08 10:00:00,0.926046329260158,False
2022-05-08 10:10:00,0.9639250444669489,False
2022-05-08 10:20:00,0.8160476329698754,False
2022-05-08 10:30:00,0.9265400523728604,False
2022-05-08 10:40:00,0.8185184829068906,False
2022-05-08 10:50:00,0.9688567886730399,False
2022-05-08 11:00:00,0.9709505638746385,False
2022-05-08 11:10:00,1.0764718988174065,False
2022-05-08 11:20:00,0.863824114661052,False
2022-05-08 11:30:00,0.9370026003843956,False
2022-05-08 11:40:00,0.8220606176486838,False
2022-05-08 11:50:00,0.9934822950767743,False
2022-05-08 12:00:00,1.0416952128752535,False
2022-05-08 12:10:00,,False
2022-05-08 12:20:00,0.9848191265611529,False
2022-05-08 12:30:00,1.1173387291857437,False
2022-05-08 12:40:00,0.9364551104631524,False
2022-05-08 12:50:00,1.0748629775180956,False
2022-05-08 13:00:00,1.0804091523139294,False
2022-05-08 13:10:00,1.0643616954145971,False
2022-05-08 13:20:00,0.9744552675569076,False
2022-05-08 13:30:00,0.8708474175770056,False
2022-05-08 13:40:00,0.9400108502973028,False
2022-05-08 13:50:00,0.9044382476927685,False
2022-05-08 14:00:00,1.0383386380206872,False
2022-05-08 14:10:00,0.981531128361983,False
2022-05-08 14:20:00,0.9527968781547471,False
2022-05-08 14:30:00,0.9681114506088362,False
2022-05-08 14:40:00,0.9810604319433731,False
2022-05-08 14:50:00,0.952925017167021,False
2022-05-08 15:00:00,0.8328845560968319,False
2022-05-08 15:10:00,1.0110834466021053,False
2022-05-08 15:20:00,0.9589886382118982,False
2022-05-08 15:30:00,1.032086793334888,False
2022-05-08 15:40:00,1.007779921667966,False
2022-05-08 15:50:00,1.085395093316155,False
2022-05-08 16:00:00,0.9846271139798138,False
2022-05-08 16:10:00,0.9989226121294021,False
2022-05-08 16:20:00,0.8474069287288664,False
2022-05-08 16:30:00,1.1257022383674915,False
2022-05-08 16:40:00,0.782747561557665,False
2022-05-08 16:50:00,0.8365976550310034,False
2022-05-08 17:00:00,0.9459171491380823,False
2022-05-08 17:10:00,0.935039655069953,False
2022-05-08 17:20:00,,False
2022-05-08 17:30:00,1.1510587541288029,False
2022-05-08 17:40:00,1.1170405643769872,False
2022-05-08 17:50:00,1.169902014737632,False
2022-05-08 18:00:00,1.054642340403858,False
2022-05-08 18:10:00,1.0016363655034433,False
2022-05-08 18:20:00,0.9872667943708066,False
2022-05-08 18:30:00,0.8337221840314568,False
2022-05-08 18:40:00,0.954072239943913,False
2022-05-08 18:50:00,0.8417000229489718,False
2022-05-08 19:00:00,1.0852425599033302,False
2022-05-08 19:10:00,0.9912388271076924,False
2022-05-08 19:20:00,0.7287936753055064,False
2022-05-08 19:30:00,1.038450184538604,False
2022-05-08 19:40:00,1.0252648858333284,False
2022-05-08 19:50:00,0.917031518745561,False
2022-05-08 20:00:00,0.9227270799899879,False
2022-05-08 20:10:00,0.8422761869651203,False
2022-05-08 20:20:00,0.9453761686753629,False
2022-05-08 20:30:00,1.1822921399111481,False
2022-05-08 20:40:00,1.0365630808214228,False
2022-05-08 20:50:00,0.9438502017352055,False
2022-05-08 21:00:00,1.0880921005426891,False
2022-05-08 21:10:00,1.0830324267538072,False
2022-05-08 21:20:00,1.124741768729693,False
2022-05-08 21:30:00,1.0075913472044846,False
2022-05-08 21:40:00,0.9679005849617766,False
2022-05-08 21:50:00,1.0475884199361805,False
2022-05-08 22:00:00,0.8288364627737851,False
2022-05-08 22:10:00,0.986173669176937,False
2022-05-08 22:20:00,1.0777131314222863,False
2022-05-08 22:30:00,1.0449566116101217,False
2022-05-08 22:40:00,1.0738045159111724,False
2022-05-08 22:50:00,0.9984951948048209,False
2022-05-08 23:00:00,1.0377070578108534,False
2022-05-08 23:10:00,0.9524391787145371,False
2022-05-08 23:20:00,1.0541174116744676,False
2022-05-08 23:30:00,1.046428243944659,False
2022-05-08 23:40:00,1.057814937583839,False
2022-05-08 23:50:00,1.0191691900468307,False
2022-05-09 00:00:00,0.7923150282237115,False
2022-05-09 00:10:00,1.1190450985423626,False
2022-05-09 00:20:00,0.9310833599135958,False
2022-05-09 00:30:00,1.135419169795691,False
2022-05-09 00:40:00,0.9722975158018266,False
2022-05-09 00:50:00,1.1325637627062397,False
2022-05-09 01:00:00,0.8297090846360884,False
2022-05-09 01:10:00,0.9893724724427858,False
2022-05-09 01:20:00,1.0882336441116205,False
2022-05-09 01:30:00,1.0386255689561077,False
2022-05-09 01:40:00,1.0618516306267092,False
2022-05-09 01:50:00,1.0403496186217889,False
2022-05-09 02:00:00,1.015653781029447,False
2022-05-09 02:10:00,1.0837663953587455,False
2022-05-09 02:20:00,1.1256511750838,False
2022-05-09 02:30:00,,False
2022-05-09 02:40:00,0.8727694105464873,False
2022-05-09 02:50:00,0.9015146461019646,False
2022-05-09 03:00:00,0.8935274328854987,False
2022-05-09 03:10:00,0.875927412612044,False
2022-05-09 03:20:00,0.8827247775454528,False
2022-05-09 03:30:00,1.1326888090557485,False
2022-05-09 03:40:00,1.2204116126905675,False
2022-05-09 03:50:00,1.0686988595174622,False
2022-05-09 04:00:00,1.038252948487967,False
2022-05-09 04:10:00,1.08298952352045,False
2022-05-09 04:20:00,1.0830589891802767,False
2022-05-09 04:30:00,1.068030046709469,False
2022-05-09 04:40:00,0.9316120542296904,False
2022-05-09 04:50:00,,False
2022-05-09 05:00:00,,False
2022-05-09 05:10:00,0.9647524824768517,False
2022-05-09 05:20:00,0.924751267987503,False
2022-05-09 05:30:00,1.050110139751389,False
2022-05-09 05:40:00,0.9801654314938705,False
2022-05-09 05:50:00,1.093146123197927,False
2022-05-09 06:00:00,0.9433692837996144,False
2022-05-09 06:10:00,1.062608831137016,False
2022-05-09 06:20:00,0.9981568138778639,False
2022-05-09 06:30:00,0.9834297523146973,False
2022-05-09 06:40:00,1.0892678091743802,False
2022-05-09 06:50:00,1.042347322868822,False
2022-05-09 07:00:00,0.9997099928851348,False
2022-05-09 07:10:00,1.0439542676142968,False
2022-05-09 07:20:00,1.1244366380506197,False
2022-05-09 07:30:00,1.0157605546122392,False
2022-05-09 07:40:00,0.9783222841530286,False
2022-05-09 07:50:00,0.92538426383782,False
2022-05-09 08:00:00,0.962918307930801,False
2022-05-09 08:10:00,,False
2022-05-09 08:20:00,1.0955706422608245,False
2022-05-09 08:30:00,1.1364400616346493,False
2022-05-09 08:40:00,0.8398932073715202,False
2022-05-09 08:50:00,0.7721882217933721,False
2022-05-09 09:00:00,1.0510021116209411,False
2022-05-09 09:10:00,1.1069342988709845,False
2022-05-09 09:20:00,0.882293821232162,False
2022-05-09 09:30:00,0.9543310626827339,False
2022-05-09 09:40:00,0.9277243234136879,False
2022-05-09 09:50:00,0.9942012952526023,False
2022-05-09 10:00:00,0.8520853028961843,False
2022-05-09 10:10:00,0.9682949642250499,False
2022-05-09 10:20:00,0.9165467202360007,False
2022-05-09 10:30:00,0.7963979472713298,False
2022-05-09 10:40:00,1.159567102501195,False
2022-05-09 10:50:00,0.8550927067675158,False
2022-05-09 11:00:00,0.978552491768433,False
2022-05-09 11:10:00,0.9020805957713623,False
2022-05-09 11:20:00,0.9019465847324027,False
2022-05-09 11:30:00,1.0130062706231522,False
2022-05-09 11:40:00,1.0190232494595222,False
2022-05-09 11:50:00,0.9974123346280379,False
2022-05-09 12:00:00,0.9598739335530976,False
2022-05-09 12:10:00,0.7948793162401616,False
2022-05-09 12:20:00,0.994321891154016,False
2022-05-09 12:30:00,1.1191293750135587,False
2022-05-09 12:40:00,0.9808496122012532,False
2022-05-09 12:50:00,1.0917583031021614,False
2022-05-09 13:00:00,1.0208307545366062,False
2022-05-09 13:10:00,1.1572652934105498,False
2022-05-09 13:20:00,1.0324917942781486,False
2022-05-09 13:30:00,1.0063307680710438,False
2022-05-09 13:40:00,1.1343312711750422,False
2022-05-09 13:50:00,1.021114181373187,False
2022-05-09 14:00:00,0.9681230241740042,False
2022-05-09 14:10:00,0.8544412214381846,False
2022-05-09 14:20:00,0.7834240246904507,False
2022-05-09 14:30:00,0.9715938493395864,False
2022-05-09 14:40:00,0.9377061750277773,False
2022-05-09 14:50:00,1.1428878218575678,False
2022-05-09 15:00:00,0.9360166477711438,False
2022-05-09 15:10:00,,False
2022-05-09 15:20:00,0.9990756591254416,False
2022-05-09 15:30:00,1.0189034076739487,False
2022-05-09 15:40:00,0.9108810891208781,False
2022-05-09 15:50:00,1.0123602738100164,False
2022-05-09 16:00:00,1.0080194790725903,False
2022-05-09 16:10:00,1.0130443583424875,False
2022-05-09 16:20:00,0.7697968219200441,False
2022-05-09 16:30:00,1.0970735789005925,False
2022-05-09 16:40:00,1.00512280647648,False
2022-05-09 16:50:00,1.0888765443020052,False
2022-05-09 17:00:00,0.8900771712170028,False
2022-05-09 17:10:00,1.1746847213345206,False
2022-05-09 17:20:00,0.8376178209529221,False
2022-05-09 17:30:00,1.0825613710093562,False
2022-05-09 17:40:00,1.0850161714978968,False
2022-05-09 17:50:00,1.1931510190849786,False
2022-05-09 18:00:00,1.0978896947399648,False
2022-05-09 18:10:00,0.7424017194867477,False
2022-05-09 18:20:00,1.1767818587546963,False
2022-05-09 18:30:00,1.0252625711031658,False
2022-05-09 18:40:00,0.9777065942866245,False
2022-05-09 18:50:00,1.1193141833016265,False
2022-05-09 19:00:00,0.79096220302745,False
2022-05-09 19:10:00,1.0601109220990719,False
2022-05-09 19:20:00,1.0433474639998612,False
2022-05-09 19:30:00,0.9611205131237713,False
2022-05-09 19:40:00,1.042161213656602,False
2022-05-09 19:50:00,1.0576628751855985,False
2022-05-09 20:00:00,0.9911782575893021,False
2022-05-09 20:10:00,1.1171304212673958,False
2022-05-09 20:20:00,1.1141017383720848,False
2022-05-09 20:30:00,0.9532618140251367,False
2022-05-09 20:40:00,1.071406996295362,False
2022-05-09 20:50:00,1.0337482139214025,False
2022-05-09 21:00:00,,False
2022-05-09 21:10:00,0.9705721533663176,False
2022-05-09 21:20:00,1.0204855616798891,False
2022-05-09 21:30:00,0.9719729240301858,False
2022-05-09 21:40:00,0.7508155306183717,False
2022-05-09 21:50:00,1.023902835732785,False
2022-05-09 22:00:00,1.0035036498793266,False
2022-05-09 22:10:00,0.9448834513797357,False
2022-05-09 22:20:00,,False
2022-05-09 22:30:00,0.9673359535336998,False
2022-05-09 22:40:00,0.9755300000258599,False
2022-05-09 22:50:00,1.232462483134587,False
2022-05-09 23:00:00,0.9782031899300224,False
2022-05-09 23:10:00,0.9115800256442415,False
2022-05-09 23:20:00,1.1141982464216225,False
2022-05-09 23:30:00,1.0079189508535735,False
2022-05-09 23:40:00,0.9269478837835119,False
2022-05-09 23:50:00,1.1687135265743542,False
2022-05-10 00:00:00,0.9914952406361927,False
2022-05-10 00:10:00,0.9680621079719408,False
2022-05-10 00:20:00,1.0032341120164519,False
2022-05-10 00:30:00,1.0768676453173835,False
2022-05-10 00:40:00,0.9360016062011621,False
2022-05-10 00:50:00,0.9239049801224368,False
2022-05-10 01:00:00,1.1644307278604156,False
2022-05-10 01:10:00,0.9552805247008608,False
2022-05-10 01:20:00,0.7721132385428479,False
2022-05-10 01:30:00,1.148295633098478,False
2022-05-10 01:40:00,1.0912561219145653,False
2022-05-10 01:50:00,1.179206047587606,False
2022-05-10 02:00:00,0.9259574289774414,False
2022-05-10 02:10:00,1.0876463821439806,False
2022-05-10 02:20:00,0.7735918966425844,False
2022-05-10 02:30:00,1.2265610340530855,False
2022-05-10 02:40:00,0.9357211280340799,False
2022-05-10 02:50:00,0.9877566573582399,False
2022-05-10 03:00:00,1.0270829214518522,False
2022-05-10 03:10:00,1.0050789855298106,False
2022-05-10 03:20:00,0.790415324228171,False
2022-05-10 03:30:00,0.8415841141525915,False
2022-05-10 03:40:00,0.9387105904445895,False
2022-05-10 03:50:00,0.9484698462781915,False
2022-05-10 04:00:00,0.9502237386920835,False
2022-05-10 04:10:00,1.0389874627811346,False
2022-05-10 04:20:00,1.0633407842440383,False
2022-05-10 04:30:00,0.9430489658949501,False
2022-05-10 04:40:00,0.9383000360820564,False
2022-05-10 04:50:00,0.9518301488989913,False
2022-05-10 05:00:00,1.0870965177028031,False
2022-05-10 05:10:00,0.848046872159782,False
2022-05-10 05:20:00,0.8886537149643288,False
2022-05-10 05:30:00,1.0268335692113615,False
2022-05-10 05:40:00,1.0264729418395517,False
2022-05-10 05:50:00,0.8050009798917652,False
2022-05-10 06:00:00,1.0463353008816223,False
2022-05-10 06:10:00,,False
2022-05-10 06:20:00,1.024734685579899,False
2022-05-10 06:30:00,0.9332448754276669,False
2022-05-10 06:40:00,1.0164495330747243,False
2022-05-10 06:50:00,1.1304958282418751,False
2022-05-10 07:00:00,0.9249748296621518,False
2022-05-10 07:10:00,1.1211532424781612,False
2022-05-10 07:20:00,0.8566888218032798,False
2022-05-10 07:30:00,0.8796234277375218,False
2022-05-10 07:40:00,0.8903125258827183,False
2022-05-10 07:50:00,0.7637980534967816,False
2022-05-10 08:00:00,1.072664384932588,False
2022-05-10 08:10:00,1.0177883822477813,False
2022-05-10 08:20:00,1.1035673010549216,False
2022-05-10 08:30:00,0.8850985255125605,False
2022-05-10 08:40:00,1.0262182127971782,False
2022-05-10 08:50:00,0.9210115763612128,False
2022-05-10 09:00:00,1.0899662636591918,False
2022-05-10 09:10:00,1.0119201515808254,False
2022-05-10 09:20:00,1.0517879460443655,False
2022-05-10 09:30:00,,False
2022-05-10 09:40:00,1.1505825977891004,False
2022-05-10 09:50:00,1.0407700996135227,False
2022-05-10 10:00:00,0.8909812670827205,False
2022-05-10 10:10:00,0.9214123949789927,False
2022-05-10 10:20:00,0.9853601678605846,False
2022-05-10 10:30:00,0.9486463615780776,False
2022-05-10 10:40:00,0.9685734723076634,False
2022-05-10 10:50:00,0.8234160202649807,False
2022-05-10 11:00:00,0.9949098180695247,False
2022-05-10 11:10:00,1.0802693850055771,False
2022-05-10 11:20:00,1.0901549755120286,False
2022-05-10 11:30:00,,False
2022-05-10 11:40:00,0.8873336889504232,False
2022-05-10 11:50:00,1.0894530460879348,False
2022-05-10 12:00:00,0.9385402650145616,False
2022-05-10 12:10:00,,False
2022-05-10 12:20:00,0.878513147873794,False
2022-05-10 12:30:00,1.075215911206039,False
2022-05-10 12:40:00,1.055833266965797,False
2022-05-10 12:50:00,1.197433929276923,False
2022-05-10 13:00:00,1.0566666688327508,False
2022-05-10 13:10:00,0.8362047476988432,False
2022-05-10 13:20:00,1.0080816441855074,False
2022-05-10 13:30:00,,False
2022-05-10 13:40:00,0.9496188613597166,False
2022-05-10 13:50:00,1.0967670512658785,False
2022-05-10 14:00:00,0.9532786188123991,False
2022-05-10 14:10:00,1.234775916474184,False
2022-05-10 14:20:00,1.114606696925023,False
2022-05-10 14:30:00,,False
2022-05-10 14:40:00,1.0283242339098244,False
2022-05-10 14:50:00,0.935405761162014,False
2022-05-10 15:00:00,1.0555066186378148,False
2022-05-10 15:10:00,1.0846127596331847,False
2022-05-10 15:20:00,1.1077205439249829,False
2022-05-10 15:30:00,1.078811893870316,False
2022-05-10 15:40:00,0.8547626423252724,False
2022-05-10 15:50:00,1.0496789114385057,False
2022-05-10 16:00:00,0.9584327467894126,False
2022-05-10 16:10:00,1.0886454561143126,False
2022-05-10 16:20:00,1.0544522767819438,False
2022-05-10 16:30:00,0.9577342163425446,False
2022-05-10 16:40:00,1.174230817486876,False
2022-05-10 16:50:00,0.8364698196672664,False
2022-05-10 17:00:00,1.1131020997970273,False
2022-05-10 17:10:00,0.9047066925518369,False
2022-05-10 17:20:00,0.9504923527096542,False
2022-05-10 17:30:00,1.0165216642102575,False
2022-05-10 17:40:00,1.1247441216338818,False
2022-05-10 17:50:00,0.8456546287444315,False
2022-05-10 18:00:00,0.8434501794184474,False
2022-05-10 18:10:00,1.0209706690712506,False
2022-05-10 18:20:00,1.2217005215676415,False
2022-05-10 18:30:00,1.2993317705576497,False
2022-05-10 18:40:00,1.0934035250682328,False
2022-05-10 18:50:00,1.0808555874008858,False
2022-05-10 19:00:00,0.7351330690718303,False
2022-05-10 19:10:00,,False
2022-05-10 19:20:00,1.0830134877141064,False
2022-05-10 19:30:00,1.0039908138822022,False
2022-05-10 19:40:00,1.0262108374781764,False
2022-05-10 19:50:00,1.0894778789782829,False
2022-05-10 20:00:00,0.9260262948891678,False
2022-05-10 20:10:00,1.0298391704325294,False
2022-05-10 20:20:00,0.9234246226574088,False
2022-05-10 20:30:00,0.8581523015783432,False
2022-05-10 20:40:00,1.1634394042273841,False
2022-05-10 20:50:00,1.042092260507104,False
2022-05-10 21:00:00,1.195136430710869,False
2022-05-10 21:10:00,0.9886614154969919,False
2022-05-10 21:20:00,1.0303022835573128,False
2022-05-10 21:30:00,0.9884484208977901,False
2022-05-10 21:40:00,0.7756522637342818,False
2022-05-10 21:50:00,,False
2022-05-10 22:00:00,0.9095508561823853,False
2022-05-10 22:10:00,1.037584695833766,False
2022-05-10 22:20:00,0.9937133060121153,False
2022-05-10 22:30:00,1.1507153630247176,False
2022-05-10 22:40:00,0.8433249723288243,False
2022-05-10 22:50:00,1.0401517106350118,False
2022-05-10 23:00:00,1.152344373915911,False
2022-05-10 23:10:00,1.1420529641783448,False
2022-05-10 23:20:00,0.9680583221237834,False
2022-05-10 23:30:00,0.9527801356106925,False
2022-05-10 23:40:00,1.037633313314896,False
2022-05-10 23:50:00,1.174205336399131,False
2022-05-11 00:00:00,1.0332944556679589,False
2022-05-11 00:10:00,1.1091264057732897,False
2022-05-11 00:20:00,0.998253267719621,False
2022-05-11 00:30:00,1.098100548003364,False
2022-05-11 00:40:00,0.9239506435927727,False
2022-05-11 00:50:00,0.9163668614417626,False
2022-05-11 01:00:00,1.0290693770476704,False
2022-05-11 01:10:00,0.9574784384179146,False
2022-05-11 01:20:00,1.0834626385421227,False
2022-05-11 01:30:00,0.9861782233776542,False
2022-05-11 01:40:00,0.9512583926439844,False
2022-05-11 01:50:00,1.0898459271089995,False
2022-05-11 02:00:00,1.0003637507742724,False
2022-05-11 02:10:00,0.90317124803866,False
2022-05-11 02:20:00,1.018718451794705,False
2022-05-11 02:30:00,1.136027817584884,False
2022-05-11 02:40:00,0.97317350225096,False
2022-05-11 02:50:00,1.0271147892117964,False
2022-05-11 03:00:00,0.800566066394133,False
2022-05-11 03:10:00,1.1571845434678478,False
2022-05-11 03:20:00,1.033765765044892,False
2022-05-11 03:30:00,1.010069303216221,False
2022-05-11 03:40:00,1.111562150101041,False
2022-05-11 03:50:00,0.9635194844844047,False
2022-05-11 04:00:00,0.9803899056336476,False
2022-05-11 04:10:00,0.9457685021890248,False
2022-05-11 04:20:00,0.94929595308166,False
2022-05-11 04:30:00,1.0484708707272268,False
2022-05-11 04:40:00,0.9148568790815594,False
2022-05-11 04:50:00,1.114510658395505,False
2022-05-11 05:00:00,0.9910730276850835,False
2022-05-11 05:10:00,,False
2022-05-11 05:20:00,1.16652648548818,False
2022-05-11 05:30:00,1.023506613550299,False
2022-05-11 05:40:00,0.9685795428871823,False
2022-05-11 05:50:00,0.9944610163465112,False
2022-05-11 06:00:00,1.1315727270856692,False
2022-05-11 06:10:00,0.9674654415565693,False
2022-05-11 06:20:00,1.0731924601534488,False
2022-05-11 06:30:00,1.0207291679902621,False
2022-05-11 06:40:00,0.8728452074833193,False
2022-05-11 06:50:00,1.0356374125773775,False
2022-05-11 07:00:00,0.8726657447247128,False
2022-05-11 07:10:00,0.9041649540888775,False
2022-05-11 07:20:00,0.8538160195967759,False
2022-05-11 07:30:00,0.9390039280394054,False
2022-05-11 07:40:00,0.9148217634151425,False
2022-05-11 07:50:00,0.9991144498504608,False
2022-05-11 08:00:00,0.890515181921983,False
2022-05-11 08:10:00,1.0021871247939715,False
2022-05-11 08:20:00,,False
2022-05-11 08:30:00,0.8739589262831969,False
2022-05-11 08:40:00,1.1141268721216837,False
2022-05-11 08:50:00,0.952097923880857,False
2022-05-11 09:00:00,0.8525796793662209,False
2022-05-11 09:10:00,1.1028442356369201,False
2022-05-11 09:20:00,1.042560263039406,False
2022-05-11 09:30:00,1.1660376121058467,False
2022-05-11 09:40:00,1.0302195016486293,False
2022-05-11 09:50:00,1.0238287251307128,False
2022-05-11 10:00:00,0.9904230575127864,False
2022-05-11 10:10:00,0.9728350211217082,False
2022-05-11 10:20:00,1.027441057825457,False
2022-05-11 10:30:00,0.9537726129889647,False
2022-05-11 10:40:00,0.9247146294930636,False
2022-05-11 10:50:00,1.0144305708491856,False
2022-05-11 11:00:00,1.006641544927271,False
2022-05-11 11:10:00,,False
2022-05-11 11:20:00,1.1699371064366029,False
2022-05-11 11:30:00,0.9548833698289678,False
2022-05-11 11:40:00,1.0167320400782893,False
2022-05-11 11:50:00,1.0863154517406628,False
2022-05-11 12:00:00,0.8895636570695649,False
2022-05-11 12:10:00,0.9454209454795799,False
2022-05-11 12:20:00,1.0093818341458334,False
2022-05-11 12:30:00,0.9787094314722135,False
2022-05-11 12:40:00,1.0404963206289755,False
2022-05-11 12:50:00,,False
2022-05-11 13:00:00,0.9167564901287281,False
2022-05-11 13:10:00,0.8216888726616185,False
2022-05-11 13:20:00,0.9610255610865247,False
2022-05-11 13:30:00,0.9437165575000981,False
2022-05-11 13:40:00,,False
2022-05-11 13:50:00,1.049064907418986,False
2022-05-11 14:00:00,0.8872377147393247,False
2022-05-11 14:10:00,0.9004120737110621,False
2022-05-11 14:20:00,0.840645466311952,False
2022-05-11 14:30:00,0.9981601193337737,False
2022-05-11 14:40:00,0.995256670880218,False
2022-05-11 14:50:00,0.9565097754013538,False
2022-05-11 15:00:00,0.9779418180088514,False
2022-05-11 15:10:00,1.06030744148404,False
2022-05-11 15:20:00,0.9076909986630889,False
2022-05-11 15:30:00,1.1203832882602178,False
2022-05-11 15:40:00,1.0956437722303127,False
2022-05-11 15:50:00,0.9735321484911544,False
2022-05-11 16:00:00,1.2345496188266656,False
2022-05-11 16:10:00,0.9466752758312991,False
2022-05-11 16:20:00,1.095786221509731,False
2022-05-11 16:30:00,1.0414382626723002,False
2022-05-11 16:40:00,0.928648393836242,False
2022-05-11 16:50:00,0.987465327376742,False
2022-05-11 17:00:00,1.0649560506365452,False
2022-05-11 17:10:00,1.0437818668795313,False
2022-05-11 17:20:00,0.8971314753918829,False
2022-05-11 17:30:00,0.9566009505898063,False
2022-05-11 17:40:00,0.9929609271671771,False
2022-05-11 17:50:00,1.143947435991641,False
2022-05-11 18:00:00,0.9131623119313604,False
2022-05-11 18:10:00,0.8871173070079356,False
2022-05-11 18:20:00,0.9529931681168887,False
2022-05-11 18:30:00,0.9782531907913153,False
2022-05-11 18:40:00,0.9708503452812829,False
2022-05-11 18:50:00,0.9765018989652726,False
2022-05-11 19:00:00,1.08865117760751,False
2022-05-11 19:10:00,0.9743556435025229,False
2022-05-11 19:20:00,1.0259537007737192,False
2022-05-11 19:30:00,1.0159783191079172,False
2022-05-11 19:40:00,1.1230845802883356,False
2022-05-11 19:50:00,1.0770473072639846,False
2022-05-11 20:00:00,0.9276968548144349,False
2022-05-11 20:10:00,1.1262247587536702,False
2022-05-11 20:20:00,0.9796697053559603,False
2022-05-11 20:30:00,1.00157048684424,False
2022-05-11 20:40:00,0.9835249291106413,False
2022-05-11 20:50:00,0.9720386312393339,False
2022-05-11 21:00:00,0.9986540323605555,False
2022-05-11 21:10:00,1.0615156961366985,False
2022-05-11 21:20:00,0.7755227825674555,False
2022-05-11 21:30:00,1.1609117764970227,False
2022-05-11 21:40:00,1.0503048991573973,False
2022-05-11 21:50:00,0.9552248917761639,False
2022-05-11 22:00:00,1.168782726978139,False
2022-05-11 22:10:00,1.0778722386831165,False
2022-05-11 22:20:00,0.9034492435622224,False
2022-05-11 22:30:00,0.9097014062764807,False
2022-05-11 22:40:00,1.064510273637839,False
2022-05-11 22:50:00,1.0291032659995432,False
2022-05-11 23:00:00,0.9658982635783564,False
2022-05-11 23:10:00,0.9373570529444952,False
2022-05-11 23:20:00,0.9983167110366289,False
2022-05-11 23:30:00,0.9751853266022584,False
2022-05-11 23:40:00,0.9184740875226405,False
2022-05-11 23:50:00,1.0190711293891848,False
2022-05-12 00:00:00,1.1511267580294615,False
2022-05-12 00:10:00,1.0237350455887886,False
2022-05-12 00:20:00,0.9442330888023216,False
2022-05-12 00:30:00,1.1355340449535845,False
2022-05-12 00:40:00,0.9774469986826267,False
2022-05-12 00:50:00,0.9704465968733431,False
2022-05-12 01:00:00,0.8822675002854854,False
2022-05-12 01:10:00,1.1464845705242712,False
2022-05-12 01:20:00,1.1881232015635825,False
2022-05-12 01:30:00,0.9692730203188982,False
2022-05-12 01:40:00,1.0679379956174748,False
2022-05-12 01:50:00,1.0217505047761681,False
2022-05-12 02:00:00,1.053805099154643,False
2022-05-12 02:10:00,0.9019924072239405,False
2022-05-12 02:20:00,1.0280163668190432,False
2022-05-12 02:30:00,0.9734051156906987,False
2022-05-12 02:40:00,1.046949957211575,False
2022-05-12 02:50:00,1.0881041714044617,False
2022-05-12 03:00:00,1.0662163493971286,False
2022-05-12 03:10:00,1.060989451674512,False
2022-05-12 03:20:00,0.9262422108273204,False
2022-05-12 03:30:00,0.9175696708846302,False
2022-05-12 03:40:00,1.134613591576914,False
2022-05-12 03:50:00,1.1713465378263255,False
2022-05-12 04:00:00,0.9296400419622707,False
2022-05-12 04:10:00,0.8696788301168412,False
2022-05-12 04:20:00,0.9592278202192895,False
2022-05-12 04:30:00,1.1129497930827088,False
2022-05-12 04:40:00,0.9719255276831424,False
2022-05-12 04:50:00,1.010954804075331,False
2022-05-12 05:00:00,0.8891458173435504,False
2022-05-12 05:10:00,0.9918599644244778,False
2022-05-12 05:20:00,0.8738912024471334,False
2022-05-12 05:30:00,1.0129142671029892,False
2022-05-12 05:40:00,,False
2022-05-12 05:50:00,1.180929703594505,False
2022-05-12 06:00:00,1.2377861945622557,False
2022-05-12 06:10:00,0.9817362213778245,False
2022-05-12 06:20:00,,False
2022-05-12 06:30:00,0.9666538340677482,False
2022-05-12 06:40:00,0.8732873274657658,False
2022-05-12 06:50:00,,False
2022-05-12 07:00:00,1.0693037799911258,False
2022-05-12 07:10:00,1.0943128842196566,False
2022-05-12 07:20:00,0.8332794588433816,False
2022-05-12 07:30:00,0.8247555137466722,False
2022-05-12 07:40:00,1.0246378596389185,False
2022-05-12 07:50:00,1.1012925076381757,False
2022-05-12 08:00:00,1.0007646493249451,False
2022-05-12 08:10:00,0.8876589165526492,False
2022-05-12 08:20:00,1.0751282109711497,False
2022-05-12 08:30:00,1.063226329742426,False
2022-05-12 08:40:00,1.0414512792881678,False
2022-05-12 08:50:00,1.0685357851591952,False
2022-05-12 09:00:00,0.8228926479025866,False
2022-05-12 09:10:00,1.1062919158371172,False
2022-05-12 09:20:00,1.0853650771210415,False
2022-05-12 09:30:00,0.983154808920279,False
2022-05-12 09:40:00,0.879371633182541,False
2022-05-12 09:50:00,1.0664139051935657,False
2022-05-12 10:00:00,1.144415955910701,False
2022-05-12 10:10:00,1.140336122343732,False
2022-05-12 10:20:00,0.9908631355896823,False
2022-05-12 10:30:00,,False
2022-05-12 10:40:00,1.096123109263746,False
2022-05-12 10:50:00,1.0066500429696508,False
2022-05-12 11:00:00,0.7461861760837021,False
2022-05-12 11:10:00,0.9718186779815109,False
2022-05-12 11:20:00,0.9652480024350785,False
2022-05-12 11:30:00,0.9523977479720871,False
2022-05-12 11:40:00,0.8300007910553022,False
2022-05-12 11:50:00,0.9525686401524157,False
2022-05-12 12:00:00,1.0411065382810092,False
2022-05-12 12:10:00,0.9206677663410381,False
2022-05-12 12:20:00,1.1391227316431,False
2022-05-12 12:30:00,1.0679288847759199,False
2022-05-12 12:40:00,1.0555663071932033,False
2022-05-12 12:50:00,1.0870724387286153,False
2022-05-12 13:00:00,0.9094535832179507,False
2022-05-12 13:10:00,0.916368129812377,False
2022-05-12 13:20:00,0.9378689197223921,False
2022-05-12 13:30:00,0.98628348479021,False
2022-05-12 13:40:00,0.9196564518615605,False
2022-05-12 13:50:00,0.9427355661775849,False
2022-05-12 14:00:00,1.031609734714873,False
2022-05-12 14:10:00,1.051788744198603,False
2022-05-12 14:20:00,0.9057889876747599,False
2022-05-12 14:30:00,0.9794454393627333,False
2022-05-12 14:40:00,,False
2022-05-12 14:50:00,1.1857170212015256,False
2022-05-12 15:00:00,0.9463446670203558,False
2022-05-12 15:10:00,1.203294279201993,False
2022-05-12 15:20:00,1.0667660627350704,False
2022-05-12 15:30:00,1.05581400740608,False
2022-05-12 15:40:00,0.9135079457844266,False
2022-05-12 15:50:00,1.0162907721011358,False
2022-05-12 16:00:00,1.2658659935785872,False
2022-05-12 16:10:00,1.1560249849246804,False
2022-05-12 16:20:00,0.9015767210817075,False
2022-05-12 16:30:00,0.9301845837380656,False
2022-05-12 16:40:00,0.9951142866961797,False
2022-05-12 16:50:00,0.8895302864781626,False
2022-05-12 17:00:00,1.0112049356426942,False
2022-05-12 17:10:00,1.1037093032989296,False
2022-05-12 17:20:00,0.9637216105576243,False
2022-05-12 17:30:00,1.1539308710285099,False
2022-05-12 17:40:00,0.997050992422416,False
2022-05-12 17:50:00,1.0561983663509147,False
2022-05-12 18:00:00,0.9361996062537175,False
2022-05-12 18:10:00,0.9298524790114018,False
2022-05-12 18:20:00,0.9547236471515355,False
2022-05-12 18:30:00,1.0206551580388439,False
2022-05-12 18:40:00,0.8530090712610874,False
2022-05-12 18:50:00,0.9764521522111947,False
2022-05-12 19:00:00,0.8335362415321013,False
2022-05-12 19:10:00,0.9526271930144524,False
2022-05-12 19:20:00,0.993410808934907,False
2022-05-12 19:30:00,0.8517095866385362,False
2022-05-12 19:40:00,1.0423222961590526,False
2022-05-12 19:50:00,1.120424374983515,False
2022-05-12 20:00:00,,False
2022-05-12 20:10:00,1.05855091532601,False
2022-05-12 20:20:00,1.1102996381805923,False
2022-05-12 20:30:00,1.2303995096713476,False
2022-05-12 20:40:00,1.1602348977169137,False
2022-05-12 20:50:00,0.9050883654648239,False
2022-05-12 21:00:00,0.8347926916345866,False
2022-05-12 21:10:00,0.9716934613466662,False
2022-05-12 21:20:00,1.0481572909178716,False
2022-05-12 21:30:00,1.2499736661738354,False
2022-05-12 21:40:00,1.107708596721865,False
2022-05-12 21:50:00,0.9575879945367519,False
2022-05-12 22:00:00,0.9566879295448951,False
2022-05-12 22:10:00,0.8812536939922301,False
2022-05-12 22:20:00,0.914448389865596,False
2022-05-12 22:30:00,1.0083000019215387,False
2022-05-12 22:40:00,1.030493433338159,False
2022-05-12 22:50:00,0.9828179586032817,False
2022-05-12 23:00:00,0.9101584880895772,False
2022-05-12 23:10:00,0.8860772664937394,False
2022-05-12 23:20:00,1.1430698662703092,False
2022-05-12 23:30:00,0.9884683811003216,False
2022-05-12 23:40:00,0.8074770431315584,False
2022-05-12 23:50:00,,False
2022-05-13 00:00:00,0.8867125901210349,False
2022-05-13 00:10:00,1.019852684401495,False
2022-05-13 00:20:00,0.8134469794143158,False
2022-05-13 00:30:00,1.0894331652518117,False
2022-05-13 00:40:00,1.111050805680647,False
2022-05-13 00:50:00,1.0531592854586145,False
2022-05-13 01:00:00,1.0037367565230284,False
2022-05-13 01:10:00,1.1910046165772337,False
2022-05-13 01:20:00,0.9932902001369643,False
2022-05-13 01:30:00,1.1892509817765384,False
2022-05-13 01:40:00,1.046113814505318,False
2022-05-13 01:50:00,1.2911489723165888,False
2022-05-13 02:00:00,0.9887104766235303,False
2022-05-13 02:10:00,1.0416788581935648,False
2022-05-13 02:20:00,0.8286255720681632,False
2022-05-13 02:30:00,0.7907422932322451,False
2022-05-13 02:40:00,1.085811670753379,False
2022-05-13 02:50:00,1.0880033848524007,False
2022-05-13 03:00:00,1.0267141054968765,False
2022-05-13 03:10:00,1.2481908995008828,False
2022-05-13 03:20:00,0.8136718611996703,False
2022-05-13 03:30:00,1.15009411345638,False
2022-05-13 03:40:00,0.9760385037743823,False
2022-05-13 03:50:00,,False
2022-05-13 04:00:00,1.067208647051476,False
2022-05-13 04:10:00,1.1237664112985146,False
2022-05-13 04:20:00,1.0159727762767736,False
2022-05-13 04:30:00,1.060011937661856,False
2022-05-13 04:40:00,1.0733105848632019,False
2022-05-13 04:50:00,1.1177310503955775,False
2022-05-13 05:00:00,1.1142717107307232,False
2022-05-13 05:10:00,1.0273848743912442,False
2022-05-13 05:20:00,1.0206480532425208,False
2022-05-13 05:30:00,1.0132937536336113,False
2022-05-13 05:40:00,1.0823680639925972,False
2022-05-13 05:50:00,1.0487351434314092,False
2022-05-13 06:00:00,1.0161484809122976,False
2022-05-13 06:10:00,0.9452715425160697,False
2022-05-13 06:20:00,0.9739369094097953,False
2022-05-13 06:30:00,0.8423009846492662,False
2022-05-13 06:40:00,1.1312898321412195,False
2022-05-13 06:50:00,0.878699447875998,False
2022-05-13 07:00:00,0.8188595539217343,False
2022-05-13 07:10:00,1.029264941253285,False
2022-05-13 07:20:00,1.1482182375674252,False
2022-05-13 07:30:00,0.9666969029033115,False
2022-05-13 07:40:00,1.129496715808607,False
2022-05-13 07:50:00,0.9912848407002637,False
2022-05-13 08:00:00,1.2897429537068317,False
2022-05-13 08:10:00,0.8224800988540255,False
2022-05-13 08:20:00,0.9979617766489594,False
2022-05-13 08:30:00,,False
2022-05-13 08:40:00,1.0436099739045936,False
2022-05-13 08:50:00,0.9579442864317508,False
2022-05-13 09:00:00,1.0125466812378299,False
2022-05-13 09:10:00,1.267726100730692,False
2022-05-13 09:20:00,0.9455007137915896,False
2022-05-13 09:30:00,0.9408530937989874,False
2022-05-13 09:40:00,0.9385302974598189,False
2022-05-13 09:50:00,1.062857588654543,False
2022-05-13 10:00:00,1.0087772323631825,False
2022-05-13 10:10:00,0.872355064812775,False
2022-05-13 10:20:00,1.1062745857950853,False
2022-05-13 10:30:00,1.1083281472759063,False
2022-05-13 10:40:00,1.117707982993472,False
2022-05-13 10:50:00,0.9862929086379486,False
2022-05-13 11:00:00,1.092360917727329,False
2022-05-13 11:10:00,1.0075654124151494,False
2022-05-13 11:20:00,,False
2022-05-13 11:30:00,1.0628186883447344,False
2022-05-13 11:40:00,1.0292547169422224,False
2022-05-13 11:50:00,1.004790466818462,False
2022-05-13 12:00:00,1.1515666157004834,False
2022-05-13 12:10:00,1.0773943976210885,False
2022-05-13 12:20:00,0.9365544545478766,False
2022-05-13 12:30:00,0.8975022768669509,False
2022-05-13 12:40:00,0.976530630080746,False
2022-05-13 12:50:00,0.9132944980843476,False
2022-05-13 13:00:00,1.0169207405486398,False
2022-05-13 13:10:00,0.9511157760738056,False
2022-05-13 13:20:00,0.958404102712345,False
2022-05-13 13:30:00,0.9208579192533026,False
2022-05-13 13:40:00,0.9077777384596649,False
2022-05-13 13:50:00,0.8240260855100107,False
2022-05-13 14:00:00,0.8548952729030181,False
2022-05-13 14:10:00,0.8281757100167313,False
2022-05-13 14:20:00,0.9565754006105686,False
2022-05-13 14:30:00,1.0090457448454033,False
2022-05-13 14:40:00,0.8173805634518873,False
2022-05-13 14:50:00,1.3191723727620417,False
2022-05-13 15:00:00,0.9571841178189622,False
2022-05-13 15:10:00,1.039752025451163,False
2022-05-13 15:20:00,0.9178006693990652,False
2022-05-13 15:30:00,0.9716709347458861,False
2022-05-13 15:40:00,1.0558783093073791,False
2022-05-13 15:50:00,,False
2022-05-13 16:00:00,1.0350985617591113,False
2022-05-13 16:10:00,1.015298726578114,False
2022-05-13 16:20:00,1.020370418645269,False
2022-05-13 16:30:00,0.9522668748210297,False
2022-05-13 16:40:00,0.9699206213065311,False
2022-05-13 16:50:00,0.8679308197400677,False
2022-05-13 17:00:00,0.884786917619945,False
2022-05-13 17:10:00,0.7781953959997263,False
2022-05-13 17:20:00,0.8226778120077797,False
2022-05-13 17:30:00,0.9459929263953505,False
2022-05-13 17:40:00,0.8614481129460463,False
2022-05-13 17:50:00,1.0803638670985192,False
2022-05-13 18:00:00,0.8204193218600554,False
2022-05-13 18:10:00,0.9971952029817913,False
2022-05-13 18:20:00,1.1544257061027283,False
2022-05-13 18:30:00,1.0244222179961808,False
2022-05-13 18:40:00,0.9889811857283363,False
2022-05-13 18:50:00,0.9763610693392145,False
2022-05-13 19:00:00,1.1572285521145487,False
2022-05-13 19:10:00,0.9001834779969282,False
2022-05-13 19:20:00,0.9182327407536612,False
2022-05-13 19:30:00,0.9597884557246883,False
2022-05-13 19:40:00,1.088441144071128,False
2022-05-13 19:50:00,1.135525791336048,False
2022-05-13 20:00:00,0.9126677312042722,False
2022-05-13 20:10:00,0.9713406306906062,False
2022-05-13 20:20:00,1.083797771764623,False
2022-05-13 20:30:00,0.8795205518247134,False
2022-05-13 20:40:00,0.9616065427007178,False
2022-05-13 20:50:00,0.965232960707562,False
2022-05-13 21:00:00,1.1192569871410258,False
2022-05-13 21:10:00,0.9016782919457648,False
2022-05-13 21:20:00,0.961028730766332,False
2022-05-13 21:30:00,1.1815219568682238,False
2022-05-13 21:40:00,0.9895365613870518,False
2022-05-13 21:50:00,1.1070454627102566,False
2022-05-13 22:00:00,0.9339781251768823,False
2022-05-13 22:10:00,1.051834949299651,False
2022-05-13 22:20:00,,False
2022-05-13 22:30:00,1.0108245330242671,False
2022-05-13 22:40:00,1.0860050654204547,False
2022-05-13 22:50:00,0.900771797053798,False
2022-05-13 23:00:00,1.0802337706154936,False
2022-05-13 23:10:00,0.8586660327489474,False
2022-05-13 23:20:00,1.0033834768925218,False
2022-05-13 23:30:00,1.014861732230247,False
2022-05-13 23:40:00,,False
2022-05-13 23:50:00,0.9809768436425115,False
2022-05-14 00:00:00,0.9160155620453022,False
2022-05-14 00:10:00,0.9743519388739081,False
2022-05-14 00:20:00,0.9641216505143472,False
2022-05-14 00:30:00,1.106395892255277,False
2022-05-14 00:40:00,0.8736556869307659,False
2022-05-14 00:50:00,1.0256331436920356,False
2022-05-14 01:00:00,0.9834347162471064,False
2022-05-14 01:10:00,0.8702332952108228,False
2022-05-14 01:20:00,1.0531947336763472,False
2022-05-14 01:30:00,1.1238724542169558,False
2022-05-14 01:40:00,1.0987398521995555,False
2022-05-14 01:50:00,0.8934394978531779,False
2022-05-14 02:00:00,1.1488369056863665,False
2022-05-14 02:10:00,1.0284567475506652,False
2022-05-14 02:20:00,1.0561012045178975,False
2022-05-14 02:30:00,0.7817670116625367,False
2022-05-14 02:40:00,1.0164765940372713,False
2022-05-14 02:50:00,0.8928966229037271,False
2022-05-14 03:00:00,0.9187227114202473,False
2022-05-14 03:10:00,0.8855852726643604,False
2022-05-14 03:20:00,0.9503850378146078,False
2022-05-14 03:30:00,0.9721504224076664,False
2022-05-14 03:40:00,1.129225027284468,False
2022-05-14 03:50:00,0.9364437524141188,False
2022-05-14 04:00:00,0.9404488102570191,False
2022-05-14 04:10:00,1.143316174476069,False
2022-05-14 04:20:00,0.9282204727555744,False
2022-05-14 04:30:00,0.9702593564611225,False
2022-05-14 04:40:00,1.0943338894365007,False
2022-05-14 04:50:00,0.8807579390045506,False
2022-05-14 05:00:00,0.9130421972118709,False
2022-05-14 05:10:00,1.0478876012636102,False
2022-05-14 05:20:00,0.9274575201491373,False
2022-05-14 05:30:00,1.0089450302057785,False
2022-05-14 05:40:00,1.0847989523282837,False
2022-05-14 05:50:00,1.0049415142512885,False
2022-05-14 06:00:00,0.8765240437666588,False
2022-05-14 06:10:00,1.0684805377253594,False
2022-05-14 06:20:00,1.0359581792268626,False
2022-05-14 06:30:00,,False
2022-05-14 06:40:00,1.0160415659155921,False
2022-05-14 06:50:00,1.0319556646649346,False
2022-05-14 07:00:00,1.1252145541008465,False
2022-05-14 07:10:00,0.9605449372236345,False
2022-05-14 07:20:00,0.9845607574389491,False
2022-05-14 07:30:00,0.9916149896176545,False
2022-05-14 07:40:00,,False
2022-05-14 07:50:00,0.8300210621967137,False
2022-05-14 08:00:00,0.9221759877565754,False
2022-05-14 08:10:00,1.0194759473041552,False
2022-05-14 08:20:00,0.9619709348095434,False
2022-05-14 08:30:00,0.9397004843354082,False
2022-05-14 08:40:00,0.9814130142927521,False
2022-05-14 08:50:00,1.058983002259021,False
2022-05-14 09:00:00,1.0597244952016878,False
2022-05-14 09:10:00,1.002836842260374,False
2022-05-14 09:20:00,1.11191028022091,False
2022-05-14 09:30:00,1.226172005307619,False
2022-05-14 09:40:00,1.137904557091256,False
2022-05-14 09:50:00,0.9336888586295294,False
2022-05-14 10:00:00,0.8595105162195422,False
2022-05-14 10:10:00,0.8302280131925448,False
2022-05-14 10:20:00,1.0949501745303312,False
2022-05-14 10:30:00,0.9924557486292558,False
2022-05-14 10:40:00,1.2336469023235028,False
2022-05-14 10:50:00,0.6787472002921233,False
2022-05-14 11:00:00,1.010423484086003,False
2022-05-14 11:10:00,,False
2022-05-14 11:20:00,0.9604515425669089,False
2022-05-14 11:30:00,1.0319173861469504,False
2022-05-14 11:40:00,0.9504229690080779,False
2022-05-14 11:50:00,1.1164557442643455,False
2022-05-14 12:00:00,1.003964523598582,False
2022-05-14 12:10:00,1.0889624985993045,False
2022-05-14 12:20:00,1.1372333868731819,False
2022-05-14 12:30:00,1.0955233265122601,False
2022-05-14 12:40:00,1.1729269680794565,False
2022-05-14 12:50:00,0.9998636510581751,False
2022-05-14 13:00:00,,False
2022-05-14 13:10:00,0.9345257045192776,False
2022-05-14 13:20:00,1.1483487632252103,False
2022-05-14 13:30:00,0.9832564830313684,False
2022-05-14 13:40:00,1.1608972693301634,False
2022-05-14 13:50:00,1.1747754925640137,False
2022-05-14 14:00:00,0.9991404060790995,False
2022-05-14 14:10:00,1.0937944520997198,False
2022-05-14 14:20:00,0.849824412332319,False
2022-05-14 14:30:00,1.0008551988710666,False
2022-05-14 14:40:00,0.914314987933119,False
2022-05-14 14:50:00,1.0948134327243995,False
2022-05-14 15:00:00,1.1144440570026688,False
2022-05-14 15:10:00,0.9265980697906426,False
2022-05-14 15:20:00,1.0633987127453894,False
2022-05-14 15:30:00,1.0187646959327465,False
2022-05-14 15:40:00,0.9321362301673783,False
2022-05-14 15:50:00,1.0544578154890236,False
2022-05-14 16:00:00,0.9794076115789301,False
2022-05-14 16:10:00,1.0935716136297944,False
2022-05-14 16:20:00,1.0528680881510435,False
2022-05-14 16:30:00,0.8482454503400952,False
2022-05-14 16:40:00,0.975562168014634,False
2022-05-14 16:50:00,0.9505211924870219,False
2022-05-14 17:00:00,1.0647024882846352,False
2022-05-14 17:10:00,1.0111206019697465,False
2022-05-14 17:20:00,0.8168974073062425,False
2022-05-14 17:30:00,0.9234546021671397,False
2022-05-14 17:40:00,1.0134259284092741,False
2022-05-14 17:50:00,0.9824598020849389,False
2022-05-14 18:00:00,0.9631405637801183,False
2022-05-14 18:10:00,0.8124131580937297,False
2022-05-14 18:20:00,0.9781398808698678,False
2022-05-14 18:30:00,1.094681190156519,False
2022-05-14 18:40:00,0.891535473151619,False
2022-05-14 18:50:00,0.9735150596851939,False
2022-05-14 19:00:00,1.059220089834939,False
2022-05-14 19:10:00,0.8948263439812545,False
2022-05-14 19:20:00,0.927525366628253,False
2022-05-14 19:30:00,1.0707249470265727,False
2022-05-14 19:40:00,0.9470751244886293,False
2022-05-14 19:50:00,0.9395347574405976,False
2022-05-14 20:00:00,0.9603885497066853,False
2022-05-14 20:10:00,1.012911965109604,False
2022-05-14 20:20:00,1.0126734677696678,False
2022-05-14 20:30:00,1.0899255381710535,False
2022-05-14 20:40:00,0.7784547257127725,False
2022-05-14 20:50:00,0.9911396342008095,False
2022-05-14 21:00:00,0.8974662897405169,False
2022-05-14 21:10:00,0.8513434005638234,False
2022-05-14 21:20:00,0.9396702198226641,False
2022-05-14 21:30:00,1.1378364969449601,False
2022-05-14 21:40:00,1.0026743791606774,False
2022-05-14 21:50:00,0.9165925894698511,False
2022-05-14 22:00:00,1.256188200097938,False
2022-05-14 22:10:00,1.1137202042267067,False
2022-05-14 22:20:00,1.1104483934916067,False
2022-05-14 22:30:00,0.989859694757193,False
2022-05-14 22:40:00,0.823503237248171,False
2022-05-14 22:50:00,0.989010727928742,False
2022-05-14 23:00:00,0.980251177154007,False
2022-05-14 23:10:00,0.8901071645113686,False
2022-05-14 23:20:00,0.9834764514986412,False
2022-05-14 23:30:00,0.8550613407924248,False
2022-05-14 23:40:00,1.012790513934109,False
2022-05-14 23:50:00,1.029465450164384,False
2022-05-15 00:00:00,0.8761952368472454,False
2022-05-15 00:10:00,0.9314153426397651,False
2022-05-15 00:20:00,0.8371809941849626,False
2022-05-15 00:30:00,0.9090093693674386,False
2022-05-15 00:40:00,1.2206810876382241,False
2022-05-15 00:50:00,1.0586651184778066,False
2022-05-15 01:00:00,0.9118907866966225,False
2022-05-15 01:10:00,1.1397819553618136,False
2022-05-15 01:20:00,0.9639926304218185,False
2022-05-15 01:30:00,1.2442796688765636,False
2022-05-15 01:40:00,0.965963289787784,False
2022-05-15 01:50:00,0.8926075549694982,False
2022-05-15 02:00:00,1.2452210352870026,False
2022-05-15 02:10:00,1.0691100325034528,False
2022-05-15 02:20:00,1.0286706501381164,False
2022-05-15 02:30:00,1.0896327235156613,False
2022-05-15 02:40:00,0.8681380671743579,False
2022-05-15 02:50:00,0.9991971079972871,False
2022-05-15 03:00:00,1.1053074389352546,False
2022-05-15 03:10:00,1.1256638574356566,False
2022-05-15 03:20:00,1.106982794782655,False
2022-05-15 03:30:00,1.0465170637708425,False
2022-05-15 03:40:00,1.1254788351765241,False
2022-05-15 03:50:00,1.0363964783197606,False
2022-05-15 04:00:00,1.0062205716027102,False
2022-05-15 04:10:00,1.2170397600934082,False
2022-05-15 04:20:00,1.0207364087737218,False
2022-05-15 04:30:00,0.9615542454748135,False
2022-05-15 04:40:00,,False
2022-05-15 04:50:00,0.9945430853924727,False
2022-05-15 05:00:00,0.9168768355412293,False
2022-05-15 05:10:00,0.9979724570258839,False
2022-05-15 05:20:00,0.9826832245868203,False
2022-05-15 05:30:00,1.0945477865456903,False
2022-05-15 05:40:00,1.0254542322750557,False
2022-05-15 05:50:00,1.0218914137876551,False
2022-05-15 06:00:00,1.0808173292926073,False
2022-05-15 06:10:00,0.9093506413134282,False
2022-05-15 06:20:00,0.9935407577570897,False
2022-05-15 06:30:00,1.1157419399208663,False
2022-05-15 06:40:00,1.0748272170010238,False
2022-05-15 06:50:00,1.020819186759733,False
2022-05-15 07:00:00,0.9016028790447638,False
2022-05-15 07:10:00,1.0811078568637662,False
2022-05-15 07:20:00,1.2196187609261415,False
2022-05-15 07:30:00,,False
2022-05-15 07:40:00,0.9147521657609737,False
2022-05-15 07:50:00,1.1011411235837187,False
2022-05-15 08:00:00,0.9644720687768645,False
2022-05-15 08:10:00,0.9718505236579185,False
2022-05-15 08:20:00,0.9568053625997661,False
2022-05-15 08:30:00,0.9321233263372767,False
2022-05-15 08:40:00,0.9408638636570467,False
2022-05-15 08:50:00,0.9767717782488413,False
2022-05-15 09:00:00,1.0469991686155329,False
2022-05-15 09:10:00,1.0008056840820574,False
2022-05-15 09:20:00,0.9718018949631375,False
2022-05-15 09:30:00,0.9930679450206564,False
2022-05-15 09:40:00,1.0643682972306023,False
2022-05-15 09:50:00,0.962022285989072,False
2022-05-15 10:00:00,0.9578569750978577,False
2022-05-15 10:10:00,1.0305828540736606,False
2022-05-15 10:20:00,0.9287914030593356,False
2022-05-15 10:30:00,1.0416947194894126,False
2022-05-15 10:40:00,1.199783726495781,False
2022-05-15 10:50:00,0.7353982875273102,False
2022-05-15 11:00:00,1.0042500532784888,False
2022-05-15 11:10:00,1.0857311076203504,False
2022-05-15 11:20:00,1.0904158521637837,False
2022-05-15 11:30:00,0.8704309712808922,False
2022-05-15 11:40:00,0.9011162503375588,False
2022-05-15 11:50:00,1.0384727249655934,False
2022-05-15 12:00:00,0.9806686467640165,False
2022-05-15 12:10:00,0.847014052463047,False
2022-05-15 12:20:00,0.9218704094824627,False
2022-05-15 12:30:00,0.9690588675585761,False
2022-05-15 12:40:00,1.2267524897228907,False
2022-05-15 12:50:00,1.0759015428124628,False
2022-05-15 13:00:00,1.0650495361791978,False
2022-05-15 13:10:00,1.0744889239868296,False
2022-05-15 13:20:00,0.9397393609602014,False
2022-05-15 13:30:00,1.1872150296014332,False
2022-05-15 13:40:00,1.0468519716535045,False
2022-05-15 13:50:00,,False
2022-05-15 14:00:00,1.183494867698174,False
2022-05-15 14:10:00,1.0460232801406906,False
2022-05-15 14:20:00,0.9635464256298666,False
2022-05-15 14:30:00,1.043606105331967,False
2022-05-15 14:40:00,,False
2022-05-15 14:50:00,1.2340610157815357,False
2022-05-15 15:00:00,1.0451544264642283,False
2022-05-15 15:10:00,1.1868242512286902,False
2022-05-15 15:20:00,1.0785414381365193,False
2022-05-15 15:30:00,1.0825394004098285,False
2022-05-15 15:40:00,1.077098046066212,False
2022-05-15 15:50:00,1.0141626899093836,False
2022-05-15 16:00:00,0.8665039711728185,False
2022-05-15 16:10:00,0.8831286809939558,False
2022-05-15 16:20:00,0.779546838079632,False
2022-05-15 16:30:00,0.9377765847972492,False
2022-05-15 16:40:00,1.0317542268995907,False
2022-05-15 16:50:00,1.1008436465685274,False
2022-05-15 17:00:00,1.0900117878100473,False
2022-05-15 17:10:00,0.9030469444474937,False
2022-05-15 17:20:00,1.026639447885373,False
2022-05-15 17:30:00,1.1491122340386561,False
2022-05-15 17:40:00,,False
2022-05-15 17:50:00,0.8788168944833369,False
2022-05-15 18:00:00,1.0840378812433253,False
2022-05-15 18:10:00,1.0224096662591255,False
2022-05-15 18:20:00,0.9560475990134714,False
2022-05-15 18:30:00,0.9289969436420472,False
2022-05-15 18:40:00,1.2226483077046282,False
2022-05-15 18:50:00,0.9481590165115752,False
2022-05-15 19:00:00,0.9719132052532731,False
2022-05-15 19:10:00,1.1231526632884021,False
2022-05-15 19:20:00,1.1376276164822943,False
2022-05-15 19:30:00,1.0577381810799467,False
2022-05-15 19:40:00,0.8716436561036949,False
2022-05-15 19:50:00,0.910419549128282,False
2022-05-15 20:00:00,0.8382343547999421,False
2022-05-15 20:10:00,1.0817634753572478,False
2022-05-15 20:20:00,1.0712974453482829,False
2022-05-15 20:30:00,1.0062121740797012,False
2022-05-15 20:40:00,0.816612555020515,False
2022-05-15 20:50:00,1.050578404694737,False
2022-05-15 21:00:00,1.084339676958824,False
2022-05-15 21:10:00,1.0456209789506183,False
2022-05-15 21:20:00,1.0686308938269071,False
2022-05-15 21:30:00,1.0579530693685575,False
2022-05-15 21:40:00,0.9668388901778615,False
2022-05-15 21:50:00,0.9942691054797769,False
2022-05-15 22:00:00,0.8682324424627789,False
2022-05-15 22:10:00,0.9786699748283233,False
2022-05-15 22:20:00,,False
2022-05-15 22:30:00,1.0272093748493065,False
2022-05-15 22:40:00,1.0313583514894777,False
2022-05-15 22:50:00,1.075181951221413,False
2022-05-15 23:00:00,0.9766263192934637,False
2022-05-15 23:10:00,0.9775047508483922,False
2022-05-15 23:20:00,0.9150299657112492,False
2022-05-15 23:30:00,0.9769919011488818,False
2022-05-15 23:40:00,0.9147618461606257,False
2022-05-15 23:50:00,1.034673521000794,False
2022-05-16 00:00:00,0.9908890637988557,False
2022-05-16 00:10:00,0.9479728219785284,False
2022-05-16 00:20:00,0.9957107618220932,False
2022-05-16 00:30:00,1.2181106314256518,False
2022-05-16 00:40:00,1.0757449321414345,False
2022-05-16 00:50:00,0.9791155748144884,False
2022-05-16 01:00:00,0.9460023282914145,False
2022-05-16 01:10:00,0.9200905359011295,False
2022-05-16 01:20:00,0.8673046706938237,False
2022-05-16 01:30:00,1.1071587520128914,False
2022-05-16 01:40:00,1.098286713807528,False
2022-05-16 01:50:00,1.0540968457756734,False
2022-05-16 02:00:00,1.0776058988750317,False
2022-05-16 02:10:00,1.0049052117275568,False
2022-05-16 02:20:00,0.9041170347843357,False
2022-05-16 02:30:00,0.9397130885930765,False
2022-05-16 02:40:00,0.9700467938969761,False
2022-05-16 02:50:00,,False
2022-05-16 03:00:00,1.053393464762781,False
2022-05-16 03:10:00,1.0336272001220002,False
2022-05-16 03:20:00,1.1173972554893994,False
2022-05-16 03:30:00,0.9918089734670257,False
2022-05-16 03:40:00,0.9884212056782654,False
2022-05-16 03:50:00,1.1381550010816743,False
2022-05-16 04:00:00,0.9802018745671811,False
2022-05-16 04:10:00,0.8003140941082644,False
2022-05-16 04:20:00,1.2252443631688381,False
2022-05-16 04:30:00,0.9101734454738472,False
2022-05-16 04:40:00,1.1358760312578973,False
2022-05-16 04:50:00,0.9240288426857158,False
2022-05-16 05:00:00,0.9509423245831303,False
2022-05-16 05:10:00,0.9826950340903972,False
2022-05-16 05:20:00,0.9721596549522871,False
2022-05-16 05:30:00,1.1168027544323293,False
2022-05-16 05:40:00,0.850572323190131,False
2022-05-16 05:50:00,1.0745284544069287,False
2022-05-16 06:00:00,1.1293335997807972,False
2022-05-16 06:10:00,0.9846802598432906,False
2022-05-16 06:20:00,0.9359392457635621,False
2022-05-16 06:30:00,0.9531286955087304,False
2022-05-16 06:40:00,1.0115000768986504,False
2022-05-16 06:50:00,1.0356763278955092,False
2022-05-16 07:00:00,1.0350608111248873,False
2022-05-16 07:10:00,1.1111165954100104,False
2022-05-16 07:20:00,1.105122177613375,False
2022-05-16 07:30:00,1.0459536919507408,False
2022-05-16 07:40:00,0.8336484879597561,False
2022-05-16 07:50:00,1.0974883578714918,False
2022-05-16 08:00:00,1.0890550824865965,False
2022-05-16 08:10:00,1.113405308525976,False
2022-05-16 08:20:00,1.0519672657488046,False
2022-05-16 08:30:00,0.95965506262571,False
2022-05-16 08:40:00,1.056091326887044,False
2022-05-16 08:50:00,0.7787233294874747,False
2022-05-16 09:00:00,0.9553315009780533,False
2022-05-16 09:10:00,0.9832763874153881,False
2022-05-16 09:20:00,0.9496867394453834,False
2022-05-16 09:30:00,,False
2022-05-16 09:40:00,1.1125189569710248,False
2022-05-16 09:50:00,1.0037111266523306,False
2022-05-16 10:00:00,1.03605949318981,False
2022-05-16 10:10:00,0.8054647345382021,False
2022-05-16 10:20:00,0.8964061797740186,False
2022-05-16 10:30:00,,False
2022-05-16 10:40:00,0.8015495443948979,False
2022-05-16 10:50:00,0.9984484994678966,False
2022-05-16 11:00:00,,False
2022-05-16 11:10:00,0.9500239770479687,False
2022-05-16 11:20:00,,False
2022-05-16 11:30:00,0.9235232552381825,False
2022-05-16 11:40:00,0.9637025319484854,False
2022-05-16 11:50:00,1.0850415749487285,False
2022-05-16 12:00:00,0.8989402266627906,False
2022-05-16 12:10:00,1.030222592092332,False
2022-05-16 12:20:00,0.9443406995476828,False
2022-05-16 12:30:00,0.9305584685950287,False
2022-05-16 12:40:00,1.023187550369087,False
2022-05-16 12:50:00,0.9206319630530503,False
2022-05-16 13:00:00,1.1648707054490133,False
2022-05-16 13:10:00,0.9664208359393675,False
2022-05-16 13:20:00,0.8626518747787572,False
2022-05-16 13:30:00,0.9782669414800662,False
2022-05-16 13:40:00,1.0451689556934598,False
2022-05-16 13:50:00,0.9939556662975698,False
2022-05-16 14:00:00,1.1408695404327895,False
2022-05-16 14:10:00,0.9634345035488001,False
2022-05-16 14:20:00,1.0857130279423601,False
2022-05-16 14:30:00,0.9088278083515342,False
2022-05-16 14:40:00,0.9666822284355281,False
2022-05-16 14:50:00,1.0414429376464798,False
2022-05-16 15:00:00,1.102222217368369,False
2022-05-16 15:10:00,0.9934414091154407,False
2022-05-16 15:20:00,0.9968464935363035,False
2022-05-16 15:30:00,0.8947845286632946,False
2022-05-16 15:40:00,1.0379598407764847,False
2022-05-16 15:50:00,0.9877826786240562,False
2022-05-16 16:00:00,0.9015996263708409,False
2022-05-16 16:10:00,0.9548764286018402,False
2022-05-16 16:20:00,0.99925574970449,False
2022-05-16 16:30:00,1.1132167477931894,False
2022-05-16 16:40:00,0.9617298495823937,False
2022-05-16 16:50:00,0.9131117058635809,False
2022-05-16 17:00:00,1.1945513687595979,False
2022-05-16 17:10:00,1.1036787603696188,False
2022-05-16 17:20:00,1.0227069127795196,False
2022-05-16 17:30:00,0.8772050286811924,False
2022-05-16 17:40:00,,False
2022-05-16 17:50:00,1.031958507427496,False
2022-05-16 18:00:00,0.8212135701924836,False
2022-05-16 18:10:00,1.0933482450881489,False
2022-05-16 18:20:00,1.0352946994100378,False
2022-05-16 18:30:00,0.912345426379749,False
2022-05-16 18:40:00,1.0001685168379775,False
2022-05-16 18:50:00,0.9487622472824702,False
2022-05-16 19:00:00,1.105085440076094,False
2022-05-16 19:10:00,0.8626649257934783,False
2022-05-16 19:20:00,0.8756860439147794,False
2022-05-16 19:30:00,1.1691528741005033,False
2022-05-16 19:40:00,1.0754488270369111,False
2022-05-16 19:50:00,1.0410764357833922,False
2022-05-16 20:00:00,0.8584837754264472,False
2022-05-16 20:10:00,0.9919244792365591,False
2022-05-16 20:20:00,0.8138495141330324,False
2022-05-16 20:30:00,0.906814628287479,False
2022-05-16 20:40:00,1.0795426499614442,False
2022-05-16 20:50:00,0.9871846209862895,False
2022-05-16 21:00:00,1.122080441732754,False
2022-05-16 21:10:00,1.131962431268503,False
2022-05-16 21:20:00,0.9716505024895074,False
2022-05-16 21:30:00,1.1391589433336564,False
2022-05-16 21:40:00,1.0803487945058707,False
2022-05-16 21:50:00,1.0652590616199067,False
2022-05-16 22:00:00,1.025216330355157,False
2022-05-16 22:10:00,0.9915804698311365,False
2022-05-16 22:20:00,,False
2022-05-16 22:30:00,0.9322809066487805,False
2022-05-16 22:40:00,1.1321089255479075,False
2022-05-16 22:50:00,,False
2022-05-16 23:00:00,0.8948850076330984,False
2022-05-16 23:10:00,0.9344608693887768,False
2022-05-16 23:20:00,0.9978556067145757,False
2022-05-16 23:30:00,1.0651566754507096,False
2022-05-16 23:40:00,0.9377366502186564,False
2022-05-16 23:50:00,0.9489523606094551,False
2022-05-17 00:00:00,1.0322058198541522,False
2022-05-17 00:10:00,,False
2022-05-17 00:20:00,0.9771144191182543,False
2022-05-17 00:30:00,0.9960231332723865,False
2022-05-17 00:40:00,1.1557248935390083,False
2022-05-17 00:50:00,0.9288830022427282,False
2022-05-17 01:00:00,0.9224743219361639,False
2022-05-17 01:10:00,0.8897782767051371,False
2022-05-17 01:20:00,1.136499458754101,False
2022-05-17 01:30:00,1.0511273490719155,False
2022-05-17 01:40:00,0.8283874049333478,False
2022-05-17 01:50:00,0.8368120376816441,False
2022-05-17 02:00:00,1.1138581911730394,False
2022-05-17 02:10:00,1.0841147914077915,False
2022-05-17 02:20:00,1.0318017566704638,False
2022-05-17 02:30:00,0.9190794815509168,False
2022-05-17 02:40:00,0.9793392596970049,False
2022-05-17 02:50:00,1.1891494547763553,False
2022-05-17 03:00:00,1.0389036160704692,False
2022-05-17 03:10:00,1.0588142529306461,False
2022-05-17 03:20:00,1.152897483738733,False
2022-05-17 03:30:00,0.9644984307800657,False
2022-05-17 03:40:00,0.9074424274658879,False
2022-05-17 03:50:00,0.9544472891491572,False
2022-05-17 04:00:00,1.1504565298508078,False
2022-05-17 04:10:00,1.0450782300179835,False
2022-05-17 04:20:00,1.032687323846543,False
2022-05-17 04:30:00,0.9705026001921913,False
2022-05-17 04:40:00,0.9218158817290527,False
2022-05-17 04:50:00,1.0321327678168244,False
2022-05-17 05:00:00,1.083405782920979,False
2022-05-17 05:10:00,0.962623401841061,False
2022-05-17 05:20:00,1.003853123713065,False
2022-05-17 05:30:00,0.9005470437080064,False
2022-05-17 05:40:00,1.004178858821547,False
2022-05-17 05:50:00,0.9286500182871238,False
2022-05-17 06:00:00,,False
2022-05-17 06:10:00,1.0495440881791145,False
2022-05-17 06:20:00,1.0654449232501548,False
2022-05-17 06:30:00,1.1578519481106315,False
2022-05-17 06:40:00,0.8600078675595773,False
2022-05-17 06:50:00,0.9668671037681399,False
2022-05-17 07:00:00,0.8571414742562438,False
2022-05-17 07:10:00,1.1470243334702348,False
2022-05-17 07:20:00,1.033787440005178,False
2022-05-17 07:30:00,1.0330777576860104,False
2022-05-17 07:40:00,1.0889373082034426,False
2022-05-17 07:50:00,1.0896023658565397,False
2022-05-17 08:00:00,1.0045038066602339,False
2022-05-17 08:10:00,1.0394110378429846,False
2022-05-17 08:20:00,0.7936601446267468,False
2022-05-17 08:30:00,0.8920134296154005,False
2022-05-17 08:40:00,0.8901239461977247,False
2022-05-17 08:50:00,1.061126972362774,False
2022-05-17 09:00:00,0.9018424856133952,False
2022-05-17 09:10:00,1.0007910792350057,False
2022-05-17 09:20:00,0.8715698505697554,False
2022-05-17 09:30:00,1.0179088979788002,False
2022-05-17 09:40:00,1.0570858515997081,False
2022-05-17 09:50:00,1.1103477753028448,False
2022-05-17 10:00:00,1.1142735941298523,False
2022-05-17 10:10:00,1.1084748866727525,False
2022-05-17 10:20:00,0.8966078349988805,False
2022-05-17 10:30:00,0.9761655662849349,False
2022-05-17 10:40:00,1.0991027974823684,False
2022-05-17 10:50:00,1.091858183535705,False
2022-05-17 11:00:00,1.1231109661094114,False
2022-05-17 11:10:00,0.8711692649985878,False
2022-05-17 11:20:00,0.9866678977030489,False
2022-05-17 11:30:00,0.9363467431862289,False
2022-05-17 11:40:00,0.9372257385324697,False
2022-05-17 11:50:00,1.1731336617972852,False
2022-05-17 12:00:00,0.9972387663433048,False
2022-05-17 12:10:00,0.8498189144962038,False
2022-05-17 12:20:00,0.9620651949782639,False
2022-05-17 12:30:00,1.0152385199399951,False
2022-05-17 12:40:00,1.0953539589619892,False
2022-05-17 12:50:00,0.9492033703753537,False
2022-05-17 13:00:00,,False
2022-05-17 13:10:00,0.7694486196022648,False
2022-05-17 13:20:00,1.0599090555230029,False
2022-05-17 13:30:00,0.936216539183634,False
2022-05-17 13:40:00,0.9304098306835618,False
2022-05-17 13:50:00,1.0360035160773942,False
2022-05-17 14:00:00,0.8963541285017541,False
2022-05-17 14:10:00,0.864577104890047,False
2022-05-17 14:20:00,1.1426882327564294,False
2022-05-17 14:30:00,1.1498635974124092,False
2022-05-17 14:40:00,0.9879048119040195,False
2022-05-17 14:50:00,1.1147880885711783,False
2022-05-17 15:00:00,0.9648460414186382,False
2022-05-17 15:10:00,0.9331427828286029,False
2022-05-17 15:20:00,0.8447077802467794,False
2022-05-17 15:30:00,1.097332404082339,False
2022-05-17 15:40:00,0.8214472835806577,False
2022-05-17 15:50:00,0.9253505957706495,False
2022-05-17 16:00:00,1.0879034899877482,False
2022-05-17 16:10:00,1.0800792635908696,False
2022-05-17 16:20:00,0.9475982222501277,False
2022-05-17 16:30:00,0.9497611634220755,False
2022-05-17 16:40:00,0.9184403805228433,False
2022-05-17 16:50:00,0.99708920566332,False
2022-05-17 17:00:00,0.973022838533546,False
2022-05-17 17:10:00,1.100705109966514,False
2022-05-17 17:20:00,0.8472970884757103,False
2022-05-17 17:30:00,,False
2022-05-17 17:40:00,0.9091338144726868,False
2022-05-17 17:50:00,,False
2022-05-17 18:00:00,1.0395469476204215,False
2022-05-17 18:10:00,1.0367278011045336,False
2022-05-17 18:20:00,,False
2022-05-17 18:30:00,0.9916908560543483,False
2022-05-17 18:40:00,1.1083914965474653,False
2022-05-17 18:50:00,1.052579683440987,False
2022-05-17 19:00:00,1.0505858363597573,False
2022-05-17 19:10:00,1.1424565418952723,False
2022-05-17 19:20:00,1.2142425647914314,False
2022-05-17 19:30:00,0.8870993550656063,False
2022-05-17 19:40:00,1.0002259363867076,False
2022-05-17 19:50:00,1.0118442908160883,False
2022-05-17 20:00:00,0.9393461533043829,False
2022-05-17 20:10:00,0.8437933181069764,False
2022-05-17 20:20:00,0.9818942575083848,False
2022-05-17 20:30:00,0.8041560411133243,False
2022-05-17 20:40:00,0.9687487201156474,False
2022-05-17 20:50:00,0.8473873503184647,False
2022-05-17 21:00:00,0.9489491961950688,False
2022-05-17 21:10:00,0.9877061953061217,False
2022-05-17 21:20:00,0.9671064177339479,False
2022-05-17 21:30:00,1.1779203279716328,False
2022-05-17 21:40:00,1.0857070126795187,False
2022-05-17 21:50:00,0.9394135782238886,False
2022-05-17 22:00:00,0.9915694968203518,False
2022-05-17 22:10:00,0.9969411366260451,False
2022-05-17 22:20:00,0.982170792995952,False
2022-05-17 22:30:00,0.9751913630283273,False
2022-05-17 22:40:00,0.9955642907534801,False
2022-05-17 22:50:00,1.0355404649272897,False
2022-05-17 23:00:00,1.1110721578880065,False
2022-05-17 23:10:00,0.8673613582487839,False
2022-05-17 23:20:00,,False
2022-05-17 23:30:00,0.9655507879355142,False
2022-05-17 23:40:00,1.0155559421435134,False
2022-05-17 23:50:00,1.2543420389152322,False
2022-05-18 00:00:00,0.9370124086008783,False
2022-05-18 00:10:00,0.9934527540137378,False
2022-05-18 00:20:00,0.8751094562899333,False
2022-05-18 00:30:00,0.8222007129417293,False
2022-05-18 00:40:00,0.8722770027604063,False
2022-05-18 00:50:00,1.0518817497669175,False
2022-05-18 01:00:00,1.0681477979665643,False
2022-05-18 01:10:00,0.9631506677210863,False
2022-05-18 01:20:00,1.1021779008638874,False
2022-05-18 01:30:00,1.0370912213968517,False
2022-05-18 01:40:00,0.9102982263548703,False
2022-05-18 01:50:00,1.0677014472852902,False
2022-05-18 02:00:00,0.8760975424063415,False
2022-05-18 02:10:00,0.8287947712429508,False
2022-05-18 02:20:00,1.0231538032268424,False
2022-05-18 02:30:00,1.0021528892972118,False
2022-05-18 02:40:00,0.939717769529229,False
2022-05-18 02:50:00,0.8888833824116065,False
2022-05-18 03:00:00,1.0197802077890374,False
2022-05-18 03:10:00,1.0568364815639009,False
2022-05-18 03:20:00,1.136214912019624,False
2022-05-18 03:30:00,0.8435884181084119,False
2022-05-18 03:40:00,0.9433575512585296,False
2022-05-18 03:50:00,0.9987870896016162,False
2022-05-18 04:00:00,0.9391570937877316,False
2022-05-18 04:10:00,1.0942764216164416,False
2022-05-18 04:20:00,1.1297315971939097,False
2022-05-18 04:30:00,0.9982431823151204,False
2022-05-18 04:40:00,1.1385539472496062,False
2022-05-18 04:50:00,1.0872624622111629,False
2022-05-18 05:00:00,0.9718405030748186,False
2022-05-18 05:10:00,0.7717841536199788,False
2022-05-18 05:20:00,,False
2022-05-18 05:30:00,0.9653107519468594,False
2022-05-18 05:40:00,0.8849718725400278,False
2022-05-18 05:50:00,1.0794155412473143,False
2022-05-18 06:00:00,0.9581891194386367,False
2022-05-18 06:10:00,1.0261212748490955,False
2022-05-18 06:20:00,0.9394289149821836,False
2022-05-18 06:30:00,0.9369098664011305,False
2022-05-18 06:40:00,0.7752789957994048,False
2022-05-18 06:50:00,0.7731945573702694,False
2022-05-18 07:00:00,1.0680800671483304,False
2022-05-18 07:10:00,1.0796514457217417,False
2022-05-18 07:20:00,0.9283212404321809,False
2022-05-18 07:30:00,1.0902004870553728,False
2022-05-18 07:40:00,0.9299542185425449,False
2022-05-18 07:50:00,1.0634058544547857,False
2022-05-18 08:00:00,1.0416861745851003,False
2022-05-18 08:10:00,0.8608708311006351,False
2022-05-18 08:20:00,0.970485207189338,False
2022-05-18 08:30:00,0.9192440729772297,False
2022-05-18 08:40:00,0.949566201659402,False
2022-05-18 08:50:00,1.0092524540316887,False
2022-05-18 09:00:00,0.8269629044219654,False
2022-05-18 09:10:00,1.1493160454296132,False
2022-05-18 09:20:00,1.0363467418147858,False
2022-05-18 09:30:00,1.1056528202980276,False
2022-05-18 09:40:00,0.750053477105366,False
2022-05-18 09:50:00,0.9200437881426358,False
2022-05-18 10:00:00,0.9719789328956545,False
2022-05-18 10:10:00,1.034470230250253,False
2022-05-18 10:20:00,1.0854407624822928,False
2022-05-18 10:30:00,,False
2022-05-18 10:40:00,0.9686190179392956,False
2022-05-18 10:50:00,1.0716517353665531,False
2022-05-18 11:00:00,1.0068295465663957,False
2022-05-18 11:10:00,0.9469925077975306,False
2022-05-18 11:20:00,0.9155209283371157,False
2022-05-18 11:30:00,1.1556094390132754,False
2022-05-18 11:40:00,0.905099392169946,False
2022-05-18 11:50:00,1.0423082558593078,False
2022-05-18 12:00:00,0.9920771386980487,False
2022-05-18 12:10:00,0.9100719558141191,False
2022-05-18 12:20:00,1.1286066295749606,False
2022-05-18 12:30:00,1.1933968055543902,False
2022-05-18 12:40:00,0.8920968420661969,False
2022-05-18 12:50:00,1.0164309411304486,False
2022-05-18 13:00:00,0.9594065888764838,False
2022-05-18 13:10:00,1.0417102274610632,False
2022-05-18 13:20:00,1.109765084567464,False
2022-05-18 13:30:00,,False
2022-05-18 13:40:00,1.1099459689723097,False
2022-05-18 13:50:00,1.1090186643664837,False
2022-05-18 14:00:00,0.9100221435472202,False
2022-05-18 14:10:00,1.2134663357346842,False
2022-05-18 14:20:00,0.8767178897516739,False
2022-05-18 14:30:00,1.1755350935177493,False
2022-05-18 14:40:00,1.082840686053288,False
2022-05-18 14:50:00,1.1382815663779247,False
2022-05-18 15:00:00,1.1063847277245273,False
2022-05-18 15:10:00,0.9221116475396655,False
2022-05-18 15:20:00,1.055538648671277,False
2022-05-18 15:30:00,0.8655118557471257,False
2022-05-18 15:40:00,1.0065502421201515,False
2022-05-18 15:50:00,0.9397449542857983,False
2022-05-18 16:00:00,0.923903456724213,False
2022-05-18 16:10:00,0.9679514774952254,False
2022-05-18 16:20:00,1.0459139145527474,False
2022-05-18 16:30:00,0.96218372263777,False
2022-05-18 16:40:00,1.0204952980266901,False
2022-05-18 16:50:00,0.958015829681432,False
2022-05-18 17:00:00,1.1142622175832892,False
2022-05-18 17:10:00,0.9643956124113933,False
2022-05-18 17:20:00,1.1809950036948138,False
2022-05-18 17:30:00,1.0738971537227795,False
2022-05-18 17:40:00,1.0283228105125137,False
2022-05-18 17:50:00,0.8555206775175763,False
2022-05-18 18:00:00,1.0287008264312643,False
2022-05-18 18:10:00,0.9356346628707451,False
2022-05-18 18:20:00,,False
2022-05-18 18:30:00,0.9922164980571587,False
2022-05-18 18:40:00,0.9848467362464128,False
2022-05-18 18:50:00,1.092360792972363,False
2022-05-18 19:00:00,1.0481798682891859,False
2022-05-18 19:10:00,1.0606556077931126,False
2022-05-18 19:20:00,1.074734992020338,False
2022-05-18 19:30:00,1.0608130198715822,False
2022-05-18 19:40:00,,False
2022-05-18 19:50:00,0.9914620991613313,False
2022-05-18 20:00:00,1.105012819710701,False
2022-05-18 20:10:00,1.0262543182222912,False
2022-05-18 20:20:00,0.8970358853010645,False
2022-05-18 20:30:00,0.8352414102641188,False
2022-05-18 20:40:00,1.019320094692069,False
2022-05-18 20:50:00,,False
2022-05-18 21:00:00,1.0401108622829922,False
2022-05-18 21:10:00,1.0837166668630427,False
2022-05-18 21:20:00,0.9216120407839974,False
2022-05-18 21:30:00,0.9994027324575889,False
2022-05-18 21:40:00,1.1338921027189273,False
2022-05-18 21:50:00,1.00560126178086,False
2022-05-18 22:00:00,1.0155657620790315,False
2022-05-18 22:10:00,0.9483932932478046,False
2022-05-18 22:20:00,1.1351111518580592,False
2022-05-18 22:30:00,0.8917340582817481,False
2022-05-18 22:40:00,1.033242408672211,False
2022-05-18 22:50:00,0.8058706170341987,False
2022-05-18 23:00:00,0.796822260664603,False
2022-05-18 23:10:00,0.858835862064925,False
2022-05-18 23:20:00,1.1302243910802536,False
2022-05-18 23:30:00,1.0428069140999072,False
2022-05-18 23:40:00,0.9463549390594735,False
2022-05-18 23:50:00,1.062293490114748,False
2022-05-19 00:00:00,0.9785186554168132,False
2022-05-19 00:10:00,1.0525571515469718,False
2022-05-19 00:20:00,1.0951125590536437,False
2022-05-19 00:30:00,0.9732945558254246,False
2022-05-19 00:40:00,1.0753174021946987,False
2022-05-19 00:50:00,1.0246670280485342,False
2022-05-19 01:00:00,0.9808935586414416,False
2022-05-19 01:10:00,,False
2022-05-19 01:20:00,1.0931239182887837,False
2022-05-19 01:30:00,1.0518672288869202,False
2022-05-19 01:40:00,0.8935351405723032,False
2022-05-19 01:50:00,1.0926292518417584,False
2022-05-19 02:00:00,1.0425201753892566,False
2022-05-19 02:10:00,1.02192205496805,False
2022-05-19 02:20:00,1.009974558967825,False
2022-05-19 02:30:00,1.1840708186636673,False
2022-05-19 02:40:00,1.0502685214950713,False
2022-05-19 02:50:00,0.8111807401185333,False
2022-05-19 03:00:00,0.9929891338427168,False
2022-05-19 03:10:00,1.0075714983126884,False
2022-05-19 03:20:00,1.1496820599802107,False
2022-05-19 03:30:00,0.8843579289357829,False
2022-05-19 03:40:00,0.8470727227379762,False
2022-05-19 03:50:00,1.0934116865250239,False
2022-05-19 04:00:00,0.9381219827664354,False
2022-05-19 04:10:00,0.9863467270580464,False
2022-05-19 04:20:00,1.0139551173817083,False
2022-05-19 04:30:00,0.993472649992434,False
2022-05-19 04:40:00,0.9375254467589433,False
2022-05-19 04:50:00,1.0262005518779116,False
2022-05-19 05:00:00,0.959564746947487,False
2022-05-19 05:10:00,1.118623548826541,False
2022-05-19 05:20:00,1.1360805797430127,False
2022-05-19 05:30:00,0.9638070410854502,False
2022-05-19 05:40:00,1.032539517348914,False
2022-05-19 05:50:00,0.9977129963678862,False
2022-05-19 06:00:00,0.862491753697743,False
2022-05-19 06:10:00,0.9573690903987304,False
2022-05-19 06:20:00,0.9450879604041824,False
2022-05-19 06:30:00,0.9316720315518525,False
2022-05-19 06:40:00,1.0161153694212341,False
2022-05-19 06:50:00,1.0376459953292363,False
2022-05-19 07:00:00,0.9681702094461104,False
2022-05-19 07:10:00,0.9825455097642501,False
2022-05-19 07:20:00,0.9001653451030507,False
2022-05-19 07:30:00,1.1766372473369957,False
2022-05-19 07:40:00,0.8182952865538846,False
2022-05-19 07:50:00,0.8410117934742237,False
2022-05-19 08:00:00,0.8118806830982048,False
2022-05-19 08:10:00,0.9439069028531443,False
2022-05-19 08:20:00,1.1074974143083591,False
2022-05-19 08:30:00,0.9237448204566753,False
2022-05-19 08:40:00,1.0105452476301915,False
2022-05-19 08:50:00,1.1362863832483043,False
2022-05-19 09:00:00,0.9960137301901023,False
2022-05-19 09:10:00,1.0398746315398002,False
2022-05-19 09:20:00,1.0054471144935246,False
2022-05-19 09:30:00,1.1603085318121298,False
2022-05-19 09:40:00,1.1228979217296886,False
2022-05-19 09:50:00,0.949433952549503,False
2022-05-19 10:00:00,,False
2022-05-19 10:10:00,1.0842727140807065,False
2022-05-19 10:20:00,0.9198189439487628,False
2022-05-19 10:30:00,1.1080698449777333,False
2022-05-19 10:40:00,1.0342971861635935,False
2022-05-19 10:50:00,0.9768743139552301,False
2022-05-19 11:00:00,0.9254018258568519,False
2022-05-19 11:10:00,1.1094263019533122,False
2022-05-19 11:20:00,1.011397643304318,False
2022-05-19 11:30:00,0.9866317597752245,False
2022-05-19 11:40:00,0.8998198121538125,False
2022-05-19 11:50:00,0.963486107506903,False
2022-05-19 12:00:00,1.0360905029843122,False
2022-05-19 12:10:00,0.9992617694047173,False
2022-05-19 12:20:00,0.9810188232524352,False
2022-05-19 12:30:00,0.9659452858173343,False
2022-05-19 12:40:00,1.0958172263104433,False
2022-05-19 12:50:00,0.8180069859463903,False
2022-05-19 13:00:00,0.9771616063195786,False
2022-05-19 13:10:00,0.8111095901335627,False
2022-05-19 13:20:00,1.0651946569358062,False
2022-05-19 13:30:00,0.9914030269277805,False
2022-05-19 13:40:00,1.0622734222609156,False
2022-05-19 13:50:00,1.074518349047303,False
2022-05-19 14:00:00,0.8628398498173,False
2022-05-19 14:10:00,1.1371130882960538,False
2022-05-19 14:20:00,1.0416065831907293,False
2022-05-19 14:30:00,1.0005839196553363,False
2022-05-19 14:40:00,1.150401979649969,False
2022-05-19 14:50:00,0.9742928565778086,False
2022-05-19 15:00:00,1.0248682416579897,False
2022-05-19 15:10:00,1.1350089183139256,False
2022-05-19 15:20:00,1.0143530881761278,False
2022-05-19 15:30:00,0.8927471587516995,False
2022-05-19 15:40:00,0.8004913808658144,False
2022-05-19 15:50:00,0.876305708836172,False
2022-05-19 16:00:00,0.9364142495187604,False
2022-05-19 16:10:00,1.1871194357647963,False
2022-05-19 16:20:00,0.8940802127742304,False
2022-05-19 16:30:00,0.836925147877224,False
2022-05-19 16:40:00,0.9675242678282884,False
2022-05-19 16:50:00,0.8888323800782468,False
2022-05-19 17:00:00,1.0756420782314096,False
2022-05-19 17:10:00,0.8459905936915975,False
2022-05-19 17:20:00,1.0918782487185092,False
2022-05-19 17:30:00,1.1106136048598618,False
2022-05-19 17:40:00,,False
2022-05-19 17:50:00,1.002783897584956,False
2022-05-19 18:00:00,1.1988418550211541,False
2022-05-19 18:10:00,1.055383155464314,False
2022-05-19 18:20:00,0.9852884586721071,False
2022-05-19 18:30:00,,False
2022-05-19 18:40:00,0.9733972856738965,False
2022-05-19 18:50:00,0.8978117170731765,False
2022-05-19 19:00:00,1.0861386887393487,False
2022-05-19 19:10:00,1.084334034629055,False
2022-05-19 19:20:00,0.936623357022505,False
2022-05-19 19:30:00,1.0734133032398132,False
2022-05-19 19:40:00,,False
2022-05-19 19:50:00,1.1386916300967822,False
2022-05-19 20:00:00,0.9806657505741131,False
2022-05-19 20:10:00,0.9615473114825095,False
2022-05-19 20:20:00,1.035493149877891,False
2022-05-19 20:30:00,1.0513577823756663,False
2022-05-19 20:40:00,1.0641087305824606,False
2022-05-19 20:50:00,0.8424400469871687,False
2022-05-19 21:00:00,,False
2022-05-19 21:10:00,1.1150351047708076,False
2022-05-19 21:20:00,1.0962550692924058,False
2022-05-19 21:30:00,0.9647699321628259,False
2022-05-19 21:40:00,1.1441464474311653,False
2022-05-19 21:50:00,0.869241934572295,False
2022-05-19 22:00:00,0.7540182312332143,False
2022-05-19 22:10:00,0.8923980238821286,False
2022-05-19 22:20:00,1.0330436599181865,False
2022-05-19 22:30:00,0.9044592003379167,False
2022-05-19 22:40:00,0.8121872695847508,False
2022-05-19 22:50:00,0.9312426559415994,False
2022-05-19 23:00:00,,False
2022-05-19 23:10:00,0.9507885585563437,False
2022-05-19 23:20:00,1.0122233500703661,False
2022-05-19 23:30:00,0.9795916355646886,False
2022-05-19 23:40:00,1.0354151341609465,False
2022-05-19 23:50:00,0.9769973899400503,False
2022-05-20 00:00:00,1.0976674672311664,False
2022-05-20 00:10:00,0.9585772811304922,False
2022-05-20 00:20:00,1.104547638840226,False
2022-05-20 00:30:00,0.9693558801403895,False
2022-05-20 00:40:00,0.9046841132643947,False
2022-05-20 00:50:00,1.13729977408206,False
2022-05-20 01:00:00,1.078833948391552,False
2022-05-20 01:10:00,1.0875172112789533,False
2022-05-20 01:20:00,1.0554304058961912,False
2022-05-20 01:30:00,1.0375045339257842,False
2022-05-20 01:40:00,0.9662979126951255,False
2022-05-20 01:50:00,0.9431172323825404,False
2022-05-20 02:00:00,1.0713202017191739,False
2022-05-20 02:10:00,0.9218189377671917,False
2022-05-20 02:20:00,0.9874540352810035,False
2022-05-20 02:30:00,1.2191450868801086,False
2022-05-20 02:40:00,1.0210943912308095,False
2022-05-20 02:50:00,0.9892375766876932,False
2022-05-20 03:00:00,1.1163183048053105,False
2022-05-20 03:10:00,0.9820854042636602,False
2022-05-20 03:20:00,0.9690754970818133,False
2022-05-20 03:30:00,0.8599078717949786,False
2022-05-20 03:40:00,1.1013327336798029,False
2022-05-20 03:50:00,1.1259608746230183,False
2022-05-20 04:00:00,1.013855220405148,False
2022-05-20 04:10:00,,False
2022-05-20 04:20:00,0.8255791897165373,False
2022-05-20 04:30:00,1.1793236174830104,False
2022-05-20 04:40:00,0.9432792070569316,False
2022-05-20 04:50:00,1.0271020351547289,False
2022-05-20 05:00:00,1.1074864909424949,False
2022-05-20 05:10:00,1.1008371278414906,False
2022-05-20 05:20:00,0.8928061628784763,False
2022-05-20 05:30:00,1.0305739553974944,False
2022-05-20 05:40:00,1.1111046084011533,False
2022-05-20 05:50:00,1.2144473127858213,False
2022-05-20 06:00:00,1.0452313170385654,False
2022-05-20 06:10:00,0.9820406423564562,False
2022-05-20 06:20:00,1.015429249737745,False
2022-05-20 06:30:00,1.1063613908858017,False
2022-05-20 06:40:00,1.0788651955826885,False
2022-05-20 06:50:00,0.8498213681706126,False
2022-05-20 07:00:00,0.8708192894298613,False
2022-05-20 07:10:00,0.8345076924367286,False
2022-05-20 07:20:00,0.7820485932883966,False
2022-05-20 07:30:00,0.9320451854175618,False
2022-05-20 07:40:00,0.8066058997101269,False
2022-05-20 07:50:00,0.8115559327405475,False
2022-05-20 08:00:00,1.1283330072476692,False
2022-05-20 08:10:00,1.2088583039695713,False
2022-05-20 08:20:00,1.0532236306260994,False
2022-05-20 08:30:00,0.9848456189758387,False
2022-05-20 08:40:00,1.0246541572006131,False
2022-05-20 08:50:00,1.1112244571899412,False
2022-05-20 09:00:00,1.105176294096771,False
2022-05-20 09:10:00,0.7115600395006947,False
2022-05-20 09:20:00,1.0951408198055042,False
2022-05-20 09:30:00,1.0202270472303416,False
2022-05-20 09:40:00,0.8386773402745731,False
2022-05-20 09:50:00,0.9647022645770484,False
2022-05-20 10:00:00,0.9401477780203702,False
2022-05-20 10:10:00,0.961702348957288,False
2022-05-20 10:20:00,1.1736001203271214,False
2022-05-20 10:30:00,0.9369812972291311,False
2022-05-20 10:40:00,1.1448932503408626,False
2022-05-20 10:50:00,,False
2022-05-20 11:00:00,1.1452252085369685,False
2022-05-20 11:10:00,1.0131770016827648,False
2022-05-20 11:20:00,0.9221591455425548,False
2022-05-20 11:30:00,0.9049512267045197,False
2022-05-20 11:40:00,0.9849907160347484,False
2022-05-20 11:50:00,1.0978495400102173,False
2022-05-20 12:00:00,,False
2022-05-20 12:10:00,0.9429331057843298,False
2022-05-20 12:20:00,0.9489917885916663,False
2022-05-20 12:30:00,0.8654213521453469,False
2022-05-20 12:40:00,,False
2022-05-20 12:50:00,1.0547332677867105,False
2022-05-20 13:00:00,1.0007847933511855,False
2022-05-20 13:10:00,,False
2022-05-20 13:20:00,1.0103234947036053,False
2022-05-20 13:30:00,,False
2022-05-20 13:40:00,,False
2022-05-20 13:50:00,0.9272299108819528,False
2022-05-20 14:00:00,1.1035707776244101,False
2022-05-20 14:10:00,1.1117766967742995,False
2022-05-20 14:20:00,1.048020493355515,False
2022-05-20 14:30:00,1.0427149247013723,False
2022-05-20 14:40:00,1.129959076155505,False
2022-05-20 14:50:00,0.9496484201202949,False
2022-05-20 15:00:00,0.9710882486460053,False
2022-05-20 15:10:00,1.2003916982216354,False
2022-05-20 15:20:00,0.9741570798236737,False
2022-05-20 15:30:00,1.0489280878922398,False
2022-05-20 15:40:00,0.9159406345228415,False
2022-05-20 15:50:00,0.9900675350998156,False
2022-05-20 16:00:00,1.080743022618562,False
2022-05-20 16:10:00,0.8839558992015397,False
2022-05-20 16:20:00,0.9524254473811937,False
2022-05-20 16:30:00,0.9568995083209222,False
2022-05-20 16:40:00,0.8664727283449564,False
2022-05-20 16:50:00,0.9937722410273009,False
2022-05-20 17:00:00,0.9714273195005544,False
2022-05-20 17:10:00,0.901645094746689,False
2022-05-20 17:20:00,1.1484470039785384,False
2022-05-20 17:30:00,1.0810017438463841,False
2022-05-20 17:40:00,0.9780661595442528,False
2022-05-20 17:50:00,0.782639682810881,False
2022-05-20 18:00:00,1.0045730670171718,False
2022-05-20 18:10:00,1.0932439539658811,False
2022-05-20 18:20:00,,False
2022-05-20 18:30:00,0.9499506386235135,False
2022-05-20 18:40:00,1.0306561642028877,False
2022-05-20 18:50:00,0.9582044974335602,False
2022-05-20 19:00:00,0.9524345455894734,False
2022-05-20 19:10:00,1.0757717258769381,False
2022-05-20 19:20:00,0.9483851308009117,False
2022-05-20 19:30:00,,False
2022-05-20 19:40:00,1.1089518342212548,False
2022-05-20 19:50:00,0.8034148713240999,False
2022-05-20 20:00:00,0.9830183869672307,False
2022-05-20 20:10:00,0.9386800080035386,False
2022-05-20 20:20:00,0.9188453884413712,False
2022-05-20 20:30:00,0.9429036336683813,False
2022-05-20 20:40:00,0.9112832133332353,False
2022-05-20 20:50:00,0.9330341797396223,False
2022-05-20 21:00:00,1.1319058324872326,False
2022-05-20 21:10:00,1.229974731861107,False
2022-05-20 21:20:00,1.1232979523746758,False
2022-05-20 21:30:00,1.0522925835652444,False
2022-05-20 21:40:00,0.9113510283471954,False
2022-05-20 21:50:00,0.9679474318636873,False
2022-05-20 22:00:00,1.1562320351593405,False
2022-05-20 22:10:00,0.8197777276068767,False
2022-05-20 22:20:00,0.9858095149149638,False
2022-05-20 22:30:00,1.1181168025523918,False
2022-05-20 22:40:00,1.0622960838857862,False
2022-05-20 22:50:00,1.0386411158401445,False
2022-05-20 23:00:00,0.8720436590727976,False
2022-05-20 23:10:00,1.0089196396314142,False
2022-05-20 23:20:00,0.963669182581495,False
2022-05-20 23:30:00,1.0628907629330893,False
2022-05-20 23:40:00,0.9632006028173413,False
2022-05-20 23:50:00,0.9450876370509611,False
2022-05-21 00:00:00,0.8544983311356235,False
2022-05-21 00:10:00,0.9953408684035496,False
2022-05-21 00:20:00,1.010255387797165,False
2022-05-21 00:30:00,1.0230088417958505,False
2022-05-21 00:40:00,0.9590925409092432,False
2022-05-21 00:50:00,0.934035226998055,False
2022-05-21 01:00:00,0.9881095371947335,False
2022-05-21 01:10:00,0.9168907822961969,False
2022-05-21 01:20:00,1.0788304108043723,False
2022-05-21 01:30:00,1.0820452247539563,False
2022-05-21 01:40:00,0.8654764098886569,False
2022-05-21 01:50:00,1.1268667664354195,False
2022-05-21 02:00:00,0.9072228531092275,False
2022-05-21 02:10:00,1.0846831117977034,False
2022-05-21 02:20:00,0.9968451024743621,False
2022-05-21 02:30:00,1.0806952320857866,False
2022-05-21 02:40:00,1.0500234077552086,False
2022-05-21 02:50:00,1.0225553511309942,False
2022-05-21 03:00:00,1.135428658042641,False
2022-05-21 03:10:00,1.0351450597087104,False
2022-05-21 03:20:00,1.1322824337710813,False
2022-05-21 03:30:00,0.9636063397327937,False
2022-05-21 03:40:00,1.136931309611272,False
2022-05-21 03:50:00,1.0464880911014414,False
2022-05-21 04:00:00,1.2403106637678636,False
2022-05-21 04:10:00,0.9932794398646424,False
2022-05-21 04:20:00,0.9825130502103557,False
2022-05-21 04:30:00,1.0501376707786343,False
2022-05-21 04:40:00,1.0002600814542064,False
2022-05-21 04:50:00,1.0209150292971167,False
2022-05-21 05:00:00,0.8840702152189999,False
2022-05-21 05:10:00,0.917309996227053,False
2022-05-21 05:20:00,0.8805360016774946,False
2022-05-21 05:30:00,1.0726412350684462,False
2022-05-21 05:40:00,0.9729744113108069,False
2022-05-21 05:50:00,0.9339372604901208,False
2022-05-21 06:00:00,0.971477568214716,False
2022-05-21 06:10:00,1.2002538772899576,False
2022-05-21 06:20:00,1.1781598322841391,False
2022-05-21 06:30:00,1.1650231808746736,False
2022-05-21 06:40:00,0.8899346306436616,False
2022-05-21 06:50:00,1.0497607099915987,False
2022-05-21 07:00:00,1.0815530740661417,False
2022-05-21 07:10:00,0.9610466463949849,False
2022-05-21 07:20:00,1.1437559961932755,False
2022-05-21 07:30:00,0.9873844963147383,False
2022-05-21 07:40:00,1.119768536225142,False
2022-05-21 07:50:00,0.9620142514180068,False
2022-05-21 08:00:00,1.0329335543131504,False
2022-05-21 08:10:00,,False
2022-05-21 08:20:00,1.0778495332028364,False
2022-05-21 08:30:00,1.0638752401103668,False
2022-05-21 08:40:00,0.9529047140023207,False
2022-05-21 08:50:00,1.0210162357316253,False
2022-05-21 09:00:00,,False
2022-05-21 09:10:00,1.0277473769648426,False
2022-05-21 09:20:00,0.9979380616378334,False
2022-05-21 09:30:00,0.9597206591930749,False
2022-05-21 09:40:00,0.8948854114267119,False
2022-05-21 09:50:00,1.0265027048235797,False
2022-05-21 10:00:00,1.0991614824283968,False
2022-05-21 10:10:00,0.9496676349985563,False
2022-05-21 10:20:00,1.2001379517674495,False
2022-05-21 10:30:00,1.0530639216942772,False
2022-05-21 10:40:00,0.9289996492607401,False
2022-05-21 10:50:00,0.9714385375146034,False
2022-05-21 11:00:00,1.0481353121114954,False
2022-05-21 11:10:00,1.0127266085798923,False
2022-05-21 11:20:00,0.8703930215646387,False
2022-05-21 11:30:00,1.049729110984303,False
2022-05-21 11:40:00,0.7527031437419776,False
2022-05-21 11:50:00,1.0119504450265742,False
2022-05-21 12:00:00,1.0042067456460853,False
2022-05-21 12:10:00,0.9372896213220552,False
2022-05-21 12:20:00,1.0667645444034957,False
2022-05-21 12:30:00,0.9921604961953697,False
2022-05-21 12:40:00,1.0125267213758442,False
2022-05-21 12:50:00,0.9673800410172472,False
2022-05-21 13:00:00,1.0800989191230275,False
2022-05-21 13:10:00,1.0969221946516283,False
2022-05-21 13:20:00,0.9141165784836878,False
2022-05-21 13:30:00,1.2039461569567047,False
2022-05-21 13:40:00,,False
2022-05-21 13:50:00,1.0892891344606546,False
2022-05-21 14:00:00,0.8770895674412401,False
2022-05-21 14:10:00,1.0469535635499478,False
2022-05-21 14:20:00,0.9881863109161234,False
2022-05-21 14:30:00,0.9455075476668243,False
2022-05-21 14:40:00,1.0226538573885824,False
2022-05-21 14:50:00,1.1011342437845668,False
2022-05-21 15:00:00,0.887434993660674,False
2022-05-21 15:10:00,1.119414570233724,False
2022-05-21 15:20:00,0.8940028552910828,False
2022-05-21 15:30:00,0.9927820253047971,False
2022-05-21 15:40:00,0.9162480369530805,False
2022-05-21 15:50:00,0.9289771634464182,False
2022-05-21 16:00:00,1.1448064827486393,False
2022-05-21 16:10:00,0.90351009708439,False
2022-05-21 16:20:00,1.0219688055998044,False
2022-05-21 16:30:00,0.8607080746178821,False
2022-05-21 16:40:00,1.0178941296630304,False
2022-05-21 16:50:00,0.9498920538770841,False
2022-05-21 17:00:00,0.9774373716688048,False
2022-05-21 17:10:00,1.1235367454253682,False
2022-05-21 17:20:00,0.8653936933111847,False
2022-05-21 17:30:00,0.9028163794447346,False
2022-05-21 17:40:00,1.0138098271363327,False
2022-05-21 17:50:00,1.0187520368921992,False
2022-05-21 18:00:00,,False
2022-05-21 18:10:00,1.047930015192312,False
2022-05-21 18:20:00,1.1123806283893107,False
2022-05-21 18:30:00,1.0671146154549456,False
2022-05-21 18:40:00,1.0393394990065192,False
2022-05-21 18:50:00,1.0675377198244937,False
2022-05-21 19:00:00,1.0192985037462785,False
2022-05-21 19:10:00,1.0237288846673886,False
2022-05-21 19:20:00,0.8782906667458243,False
2022-05-21 19:30:00,0.8883232877176438,False
2022-05-21 19:40:00,0.9573484543577355,False
2022-05-21 19:50:00,0.8505814617007553,False
2022-05-21 20:00:00,1.1129127875351141,False
2022-05-21 20:10:00,1.149890240754847,False
2022-05-21 20:20:00,1.0452675081650418,False
2022-05-21 20:30:00,0.9639251758636308,False
2022-05-21 20:40:00,1.1822583537736062,False
2022-05-21 20:50:00,0.9429705185550454,False
2022-05-21 21:00:00,0.7646705215688497,False
2022-05-21 21:10:00,0.9983587148240093,False
2022-05-21 21:20:00,0.8264073009655293,False
2022-05-21 21:30:00,1.0091466091498296,False
2022-05-21 21:40:00,0.9638025952195349,False
2022-05-21 21:50:00,0.8981066175563984,False
2022-05-21 22:00:00,0.9994497148649031,False
2022-05-21 22:10:00,,False
2022-05-21 22:20:00,0.9367880551322953,False
2022-05-21 22:30:00,0.9933461607445514,False
2022-05-21 22:40:00,1.1190625070411526,False
2022-05-21 22:50:00,0.8904373108558822,False
2022-05-21 23:00:00,0.9869979323493423,False
2022-05-21 23:10:00,1.069732977250362,False
2022-05-21 23:20:00,0.9904782129674524,False
2022-05-21 23:30:00,0.9851298481281642,False
2022-05-21 23:40:00,1.1589180389960403,False
2022-05-21 23:50:00,0.9492507892007952,False
2022-05-22 00:00:00,,False
2022-05-22 00:10:00,0.990192611969797,False
2022-05-22 00:20:00,1.0160496921045348,False
2022-05-22 00:30:00,1.3232509776544097,False
2022-05-22 00:40:00,0.9925103811479201,False
2022-05-22 00:50:00,0.8922132924190421,False
2022-05-22 01:00:00,0.9689502668321036,False
2022-05-22 01:10:00,1.0244495866531889,False
2022-05-22 01:20:00,0.9320985177838187,False
2022-05-22 01:30:00,1.0634107921599703,False
2022-05-22 01:40:00,0.9429478746666562,False
2022-05-22 01:50:00,1.0630202761237784,False
2022-05-22 02:00:00,1.0127939149569731,False
2022-05-22 02:10:00,0.942365266262573,False
2022-05-22 02:20:00,1.1457937825842157,False
2022-05-22 02:30:00,,False
2022-05-22 02:40:00,0.8354776444751036,False
2022-05-22 02:50:00,0.9973694033950533,False
2022-05-22 03:00:00,1.0626329256817137,False
2022-05-22 03:10:00,0.9000733299957642,False
2022-05-22 03:20:00,1.044001907910679,False
2022-05-22 03:30:00,0.9563223943031578,False
2022-05-22 03:40:00,0.8363559891703941,False
2022-05-22 03:50:00,1.0800059305711176,False
2022-05-22 04:00:00,1.0066351301922032,False
2022-05-22 04:10:00,0.9586020733902396,False
2022-05-22 04:20:00,0.9290103805034435,False
2022-05-22 04:30:00,0.8100426005183595,False
2022-05-22 04:40:00,1.0450088055234241,False
2022-05-22 04:50:00,0.937605460554445,False
2022-05-22 05:00:00,0.9126321478991746,False
2022-05-22 05:10:00,0.9736784727512166,False
2022-05-22 05:20:00,1.0850259291381097,False
2022-05-22 05:30:00,1.00360821405007,False
2022-05-22 05:40:00,1.0240023818337471,False
2022-05-22 05:50:00,0.9520504512090623,False
2022-05-22 06:00:00,0.923427173425146,False
2022-05-22 06:10:00,1.0208866828960599,False
2022-05-22 06:20:00,0.9130064061939982,False
2022-05-22 06:30:00,0.8766287736437968,False
2022-05-22 06:40:00,1.106116369211217,False
2022-05-22 06:50:00,0.9739124172296915,False
2022-05-22 07:00:00,0.837650531962538,False
2022-05-22 07:10:00,1.0354237714584862,False
2022-05-22 07:20:00,0.991980888038162,False
2022-05-22 07:30:00,1.0046498461294755,False
2022-05-22 07:40:00,0.7736738381487293,False
2022-05-22 07:50:00,1.1508642560086508,False
2022-05-22 08:00:00,0.9702600747926721,False
2022-05-22 08:10:00,0.9863090468933019,False
2022-05-22 08:20:00,,False
2022-05-22 08:30:00,1.007809840185021,False
2022-05-22 08:40:00,0.9680300592469304,False
2022-05-22 08:50:00,0.8600200667340486,False
2022-05-22 09:00:00,0.8900507356945593,False
2022-05-22 09:10:00,0.9736683080371636,False
2022-05-22 09:20:00,0.9183058381329637,False
2022-05-22 09:30:00,0.9739643415790836,False
2022-05-22 09:40:00,0.9702851595000677,False
2022-05-22 09:50:00,1.1590149972869044,False
2022-05-22 10:00:00,,False
2022-05-22 10:10:00,0.9477782093549063,False
2022-05-22 10:20:00,0.8855491177733508,False
2022-05-22 10:30:00,1.0176630503571762,False
2022-05-22 10:40:00,0.9750195928889283,False
2022-05-22 10:50:00,0.9700081410179809,False
2022-05-22 11:00:00,0.9982694391988887,False
2022-05-22 11:10:00,1.093497087160864,False
2022-05-22 11:20:00,0.90427316677046,False
2022-05-22 11:30:00,1.1338747175131514,False
2022-05-22 11:40:00,0.9305054374324429,False
2022-05-22 11:50:00,1.0499209170432984,False
2022-05-22 12:00:00,0.914191412602997,False
2022-05-22 12:10:00,1.083524938116215,False
2022-05-22 12:20:00,1.0391569965601761,False
2022-05-22 12:30:00,1.0317254159534774,False
2022-05-22 12:40:00,0.9934612543175882,False
2022-05-22 12:50:00,0.903277509008346,False
2022-05-22 13:00:00,1.002713873686488,False
2022-05-22 13:10:00,0.9296653140037947,False
2022-05-22 13:20:00,0.9889768603160216,False
2022-05-22 13:30:00,1.0096732909773993,False
2022-05-22 13:40:00,1.0993460857916448,False
2022-05-22 13:50:00,1.091593107362216,False
2022-05-22 14:00:00,1.0936304301516582,False
2022-05-22 14:10:00,1.0051891500253083,False
2022-05-22 14:20:00,0.9339605987027767,False
2022-05-22 14:30:00,0.9643215059280473,False
2022-05-22 14:40:00,1.0810338797211931,False
2022-05-22 14:50:00,0.8827855262867726,False
2022-05-22 15:00:00,0.8754143399325112,False
2022-05-22 15:10:00,1.0460169090721168,False
2022-05-22 15:20:00,1.0212938170523251,False
2022-05-22 15:30:00,0.8950451640014305,False
2022-05-22 15:40:00,0.8476008822544772,False
2022-05-22 15:50:00,0.9637293684267406,False
2022-05-22 16:00:00,1.0065137577486747,False
2022-05-22 16:10:00,1.132053519902835,False
2022-05-22 16:20:00,1.0733270945486086,False
2022-05-22 16:30:00,1.0401051000967685,False
2022-05-22 16:40:00,1.006893009145749,False
2022-05-22 16:50:00,1.1017843975022368,False
2022-05-22 17:00:00,1.0330765720637796,False
2022-05-22 17:10:00,1.1176323042630556,False
2022-05-22 17:20:00,0.9351582396092966,False
2022-05-22 17:30:00,1.0486677083869136,False
2022-05-22 17:40:00,0.994253184790068,False
2022-05-22 17:50:00,1.0245015944053035,False
2022-05-22 18:00:00,1.0214922242283535,False
2022-05-22 18:10:00,1.0366486083270567,False
2022-05-22 18:20:00,0.9643630097433555,False
2022-05-22 18:30:00,0.8784357942594088,False
2022-05-22 18:40:00,1.143671331034533,False
2022-05-22 18:50:00,1.0103281168980758,False
2022-05-22 19:00:00,0.9262529485364828,False
2022-05-22 19:10:00,0.7813584803839984,False
2022-05-22 19:20:00,0.8437439691897535,False
2022-05-22 19:30:00,,False
2022-05-22 19:40:00,0.89685112121556,False
2022-05-22 19:50:00,0.8497857011152536,False
2022-05-22 20:00:00,1.0103262915210918,False
2022-05-22 20:10:00,1.060944520383812,False
2022-05-22 20:20:00,0.9554595344013944,False
2022-05-22 20:30:00,1.1665823623910931,False
2022-05-22 20:40:00,1.198803121731842,False
2022-05-22 20:50:00,0.9141548557980759,False
2022-05-22 21:00:00,0.7670948774688563,False
2022-05-22 21:10:00,0.9995699801345034,False
2022-05-22 21:20:00,0.8846381884815364,False
2022-05-22 21:30:00,0.9075858290055283,False
2022-05-22 21:40:00,1.1188123671422028,False
2022-05-22 21:50:00,0.9005811370870098,False
2022-05-22 22:00:00,0.9076242342303192,False
2022-05-22 22:10:00,1.0791872634578359,False
2022-05-22 22:20:00,1.050209010291499,False
2022-05-22 22:30:00,1.0486239920862699,False
2022-05-22 22:40:00,0.8157461128335698,False
2022-05-22 22:50:00,0.9836428953177394,False
2022-05-22 23:00:00,1.172487974332447,False
2022-05-22 23:10:00,1.06256783113423,False
2022-05-22 23:20:00,1.0412121392964073,False
2022-05-22 23:30:00,0.9286448734670036,False
2022-05-22 23:40:00,1.0217341918019058,False
2022-05-22 23:50:00,1.1194874398167132,False
2022-05-23 00:00:00,0.9776258327872765,False
2022-05-23 00:10:00,0.9614207369357786,False
2022-05-23 00:20:00,0.8723665102557783,False
2022-05-23 00:30:00,1.005296593663544,False
2022-05-23 00:40:00,1.0438131814223575,False
2022-05-23 00:50:00,0.9501404016244878,False
2022-05-23 01:00:00,0.9185432643287093,False
2022-05-23 01:10:00,0.8238832561169598,False
2022-05-23 01:20:00,0.9877632561202709,False
2022-05-23 01:30:00,1.0168173804496374,False
2022-05-23 01:40:00,1.1747495614937356,False
2022-05-23 01:50:00,0.972438502953265,False
2022-05-23 02:00:00,0.8930380820552742,False
2022-05-23 02:10:00,0.9908389221449914,False
2022-05-23 02:20:00,1.0478878347897327,False
2022-05-23 02:30:00,1.0921201245101817,False
2022-05-23 02:40:00,1.1134473405321657,False
2022-05-23 02:50:00,1.030071639255229,False
2022-05-23 03:00:00,1.0669925218682281,False
2022-05-23 03:10:00,0.922589632932286,False
2022-05-23 03:20:00,0.867371305368011,False
2022-05-23 03:30:00,0.9842945569942775,False
2022-05-23 03:40:00,0.8903753298667714,False
2022-05-23 03:50:00,1.088137859452452,False
2022-05-23 04:00:00,1.0959096094303469,False
2022-05-23 04:10:00,0.9369824728640007,False
2022-05-23 04:20:00,1.0211260716247086,False
2022-05-23 04:30:00,1.11189597072891,False
2022-05-23 04:40:00,1.0898738064436289,False
2022-05-23 04:50:00,0.9855269617176874,False
2022-05-23 05:00:00,1.0020569599832136,False
2022-05-23 05:10:00,0.8726856768488251,False
2022-05-23 05:20:00,1.110766494260238,False
2022-05-23 05:30:00,1.1722184014042,False
2022-05-23 05:40:00,,False
2022-05-23 05:50:00,0.9886506265925055,False
2022-05-23 06:00:00,0.9560980026113958,False
2022-05-23 06:10:00,0.9883301660288828,False
2022-05-23 06:20:00,1.183672125285839,False
2022-05-23 06:30:00,1.0721096487854356,False
2022-05-23 06:40:00,,False
2022-05-23 06:50:00,1.0640933717525682,False
2022-05-23 07:00:00,1.1763047120640258,False
2022-05-23 07:10:00,0.936012056663641,False
2022-05-23 07:20:00,1.1213734660466828,False
2022-05-23 07:30:00,1.0928430807929363,False
2022-05-23 07:40:00,1.1031190252886687,False
2022-05-23 07:50:00,1.034248156194288,False
2022-05-23 08:00:00,0.9851246066309137,False
2022-05-23 08:10:00,1.045861019689838,False
2022-05-23 08:20:00,1.0138546986949206,False
2022-05-23 08:30:00,0.9312948823380185,False
2022-05-23 08:40:00,1.1684180841605358,False
2022-05-23 08:50:00,1.0025629363068536,False
2022-05-23 09:00:00,1.0247147483914838,False
2022-05-23 09:10:00,1.0992570642142383,False
2022-05-23 09:20:00,1.1021255391771947,False
2022-05-23 09:30:00,0.9138730085273954,False
2022-05-23 09:40:00,1.0606438524204973,False
2022-05-23 09:50:00,0.8324563281776718,False
2022-05-23 10:00:00,1.1904058014045638,False
2022-05-23 10:10:00,1.0677397479635504,False
2022-05-23 10:20:00,1.029231597323103,False
2022-05-23 10:30:00,0.8629900912676678,False
2022-05-23 10:40:00,0.9601270446419038,False
2022-05-23 10:50:00,0.8788238303188513,False
2022-05-23 11:00:00,1.0169056593701844,False
2022-05-23 11:10:00,1.0901189120802255,False
2022-05-23 11:20:00,0.9800305748920972,False
2022-05-23 11:30:00,0.9316756956439503,False
2022-05-23 11:40:00,1.0270775778208,False
2022-05-23 11:50:00,,False
2022-05-23 12:00:00,0.9214928049837829,False
2022-05-23 12:10:00,1.132923782977305,False
2022-05-23 12:20:00,,False
2022-05-23 12:30:00,1.1659459922325157,False
2022-05-23 12:40:00,1.0043284273304278,False
2022-05-23 12:50:00,0.8883081709561592,False
2022-05-23 13:00:00,1.1426450887678936,False
2022-05-23 13:10:00,0.8276142381098558,False
2022-05-23 13:20:00,1.0082485282934601,False
2022-05-23 13:30:00,1.04411428091544,False
2022-05-23 13:40:00,1.1678416144373254,False
2022-05-23 13:50:00,1.0100257253000275,False
2022-05-23 14:00:00,0.9912369476396241,False
2022-05-23 14:10:00,0.9137339851338353,False
2022-05-23 14:20:00,1.0549581975696074,False
2022-05-23 14:30:00,1.0769644175478992,False
2022-05-23 14:40:00,0.8917185909305884,False
2022-05-23 14:50:00,0.9049094796250899,False
2022-05-23 15:00:00,1.087994170220609,False
2022-05-23 15:10:00,1.07490944987278,False
2022-05-23 15:20:00,0.986449910156841,False
2022-05-23 15:30:00,1.007433984412217,False
2022-05-23 15:40:00,1.0992552610760862,False
2022-05-23 15:50:00,0.9818005013834268,False
2022-05-23 16:00:00,1.1797265226670821,False
2022-05-23 16:10:00,0.9194730323325808,False
2022-05-23 16:20:00,0.9947644598026574,False
2022-05-23 16:30:00,0.9440319409937519,False
2022-05-23 16:40:00,1.1415851888268627,False
2022-05-23 16:50:00,1.0220706141187974,False
2022-05-23 17:00:00,1.010881410754046,False
2022-05-23 17:10:00,1.082893193195147,False
2022-05-23 17:20:00,1.0296268646484255,False
2022-05-23 17:30:00,0.9534749310119885,False
2022-05-23 17:40:00,0.9750200336919311,False
2022-05-23 17:50:00,1.0369343937498303,False
2022-05-23 18:00:00,1.266561404507912,False
2022-05-23 18:10:00,0.8282671774484407,False
2022-05-23 18:20:00,0.8973725807506282,False
2022-05-23 18:30:00,0.9592125616675403,False
2022-05-23 18:40:00,1.1696647261424025,False
2022-05-23 18:50:00,1.0700775254673334,False
2022-05-23 19:00:00,0.8416286427240157,False
2022-05-23 19:10:00,0.8853180591039866,False
2022-05-23 19:20:00,1.1095761972707159,False
2022-05-23 19:30:00,0.8031570021584944,False
2022-05-23 19:40:00,1.0400171046702877,False
2022-05-23 19:50:00,1.0050444570479777,False
2022-05-23 20:00:00,0.8553808538476098,False
2022-05-23 20:10:00,0.9205717270045641,False
2022-05-23 20:20:00,0.9627789945608117,False
2022-05-23 20:30:00,1.134772374401322,False
2022-05-23 20:40:00,0.9470128561555167,False
2022-05-23 20:50:00,0.8945671482830501,False
2022-05-23 21:00:00,1.0211912073662552,False
2022-05-23 21:10:00,0.9824384672640227,False
2022-05-23 21:20:00,0.8803849082731641,False
2022-05-23 21:30:00,1.1948341719065587,False
2022-05-23 21:40:00,0.9337626309430008,False
2022-05-23 21:50:00,1.1381120012908594,False
2022-05-23 22:00:00,1.1262610765986591,False
2022-05-23 22:10:00,0.7823672476140761,False
2022-05-23 22:20:00,0.943090710233114,False
2022-05-23 22:30:00,1.0017730094062565,False
2022-05-23 22:40:00,0.8807206440262465,False
2022-05-23 22:50:00,1.0294470615725833,False
2022-05-23 23:00:00,0.9829594920034951,False
2022-05-23 23:10:00,1.0390443002003558,False
2022-05-23 23:20:00,0.9739858452964764,False
2022-05-23 23:30:00,1.0414030113841009,False
2022-05-23 23:40:00,0.9600432126519423,False
2022-05-23 23:50:00,1.1641640429755151,False
2022-05-24 00:00:00,1.0817654538301709,False
2022-05-24 00:10:00,0.9174498484638991,False
2022-05-24 00:20:00,1.1285102472259196,False
2022-05-24 00:30:00,0.8559651792682319,False
2022-05-24 00:40:00,0.9322012353006233,False
2022-05-24 00:50:00,1.0395759000100069,False
2022-05-24 01:00:00,1.0075534991327326,False
2022-05-24 01:10:00,1.18582788343402,False
2022-05-24 01:20:00,1.0188313598725967,False
2022-05-24 01:30:00,1.0205113332588351,False
2022-05-24 01:40:00,1.1164744357952405,False
2022-05-24 01:50:00,1.1044953586034107,False
2022-05-24 02:00:00,1.114700644908734,False
2022-05-24 02:10:00,0.8418697659979731,False
2022-05-24 02:20:00,,False
2022-05-24 02:30:00,1.0195839879711388,False
2022-05-24 02:40:00,0.9044622399371255,False
2022-05-24 02:50:00,1.0146000837516844,False
2022-05-24 03:00:00,0.9842064233539826,False
2022-05-24 03:10:00,1.008203586129536,False
2022-05-24 03:20:00,,False
2022-05-24 03:30:00,0.9111018711059806,False
2022-05-24 03:40:00,1.1419843868592596,False
2022-05-24 03:50:00,0.9849637540695884,False
2022-05-24 04:00:00,1.1527486432970733,False
2022-05-24 04:10:00,1.009143045254184,False
2022-05-24 04:20:00,1.035229073712277,False
2022-05-24 04:30:00,1.0049657584833251,False
2022-05-24 04:40:00,0.9812254799498836,False
2022-05-24 04:50:00,0.9740384127245622,False
2022-05-24 05:00:00,1.0690444138910686,False
2022-05-24 05:10:00,0.9822254044024805,False
2022-05-24 05:20:00,0.9559367073456766,False
2022-05-24 05:30:00,0.9098013688206114,False
2022-05-24 05:40:00,1.012543268639949,False
2022-05-24 05:50:00,1.013091615673738,False
2022-05-24 06:00:00,0.8095597872931255,False
2022-05-24 06:10:00,0.9532315641828695,False
2022-05-24 06:20:00,0.8528516628483495,False
2022-05-24 06:30:00,1.0758356803557432,False
2022-05-24 06:40:00,,False
2022-05-24 06:50:00,0.9588329096512642,False
2022-05-24 07:00:00,1.0064277498342062,False
2022-05-24 07:10:00,,False
2022-05-24 07:20:00,0.9624782684550116,False
2022-05-24 07:30:00,1.11417098573226,False
2022-05-24 07:40:00,1.0224302458718584,False
2022-05-24 07:50:00,0.8815492644399621,False
2022-05-24 08:00:00,1.0569750806817892,False
2022-05-24 08:10:00,1.0564306110287733,False
2022-05-24 08:20:00,1.0649374801762748,False
2022-05-24 08:30:00,0.9738757815668013,False
2022-05-24 08:40:00,1.041830875164516,False
2022-05-24 08:50:00,1.0943293624307842,False
2022-05-24 09:00:00,1.0050896893423023,False
2022-05-24 09:10:00,0.8928768946907508,False
2022-05-24 09:20:00,0.9858582638937616,False
2022-05-24 09:30:00,0.8939889344966249,False
2022-05-24 09:40:00,0.8025989977799601,False
2022-05-24 09:50:00,1.1545651132569072,False
2022-05-24 10:00:00,1.028165074309236,False
2022-05-24 10:10:00,1.0873210495076548,False
2022-05-24 10:20:00,1.1161873317915836,False
2022-05-24 10:30:00,0.9786313663264112,False
2022-05-24 10:40:00,0.8425009081595864,False
2022-05-24 10:50:00,0.9348660785780859,False
2022-05-24 11:00:00,0.9544332178333019,False
2022-05-24 11:10:00,0.9417468886689696,False
2022-05-24 11:20:00,0.8968615773449714,False
2022-05-24 11:30:00,1.0709558577284806,False
2022-05-24 11:40:00,0.9546740616919912,False
2022-05-24 11:50:00,1.0729085905520548,False
2022-05-24 12:00:00,1.217614773045527,False
2022-05-24 12:10:00,0.8870055260911497,False
2022-05-24 12:20:00,1.0431732795099673,False
2022-05-24 12:30:00,1.125657976518909,False
2022-05-24 12:40:00,1.1284609214270795,False
2022-05-24 12:50:00,0.962884553184512,False
2022-05-24 13:00:00,1.049520817099235,False
2022-05-24 13:10:00,0.9517939734553864,False
2022-05-24 13:20:00,0.9812858398914932,False
2022-05-24 13:30:00,1.0342149497388882,False
2022-05-24 13:40:00,1.1226319775301605,False
2022-05-24 13:50:00,1.263668241142181,False
2022-05-24 14:00:00,0.9938638714806574,False
2022-05-24 14:10:00,1.0313628346794623,False
2022-05-24 14:20:00,1.10788282586739,False
2022-05-24 14:30:00,1.050076758508221,False
2022-05-24 14:40:00,0.9931147921177959,False
2022-05-24 14:50:00,1.0044140114675237,False
2022-05-24 15:00:00,0.8523339566279912,False
2022-05-24 15:10:00,0.8982332854133165,False
2022-05-24 15:20:00,1.0323418775879691,False
2022-05-24 15:30:00,1.1313230364855522,False
2022-05-24 15:40:00,,False
2022-05-24 15:50:00,1.0065118156515371,False
2022-05-24 16:00:00,1.1104844644341287,False
2022-05-24 16:10:00,0.9913540144067161,False
2022-05-24 16:20:00,0.8067631302521157,False
2022-05-24 16:30:00,0.9795576484551115,False
2022-05-24 16:40:00,1.0032662619054047,False
2022-05-24 16:50:00,1.022833299946075,False
2022-05-24 17:00:00,0.8198892643994804,False
2022-05-24 17:10:00,1.1714671439592368,False
2022-05-24 17:20:00,1.0141118706846572,False
2022-05-24 17:30:00,,False
2022-05-24 17:40:00,,False
2022-05-24 17:50:00,1.057219362884345,False
2022-05-24 18:00:00,0.8931338993777111,False
2022-05-24 18:10:00,1.1131835889580013,False
2022-05-24 18:20:00,0.9076904921890159,False
2022-05-24 18:30:00,1.0667934355032085,False
2022-05-24 18:40:00,1.0344381322859117,False
2022-05-24 18:50:00,0.9301507156692685,False
2022-05-24 19:00:00,0.9092843572822105,False
2022-05-24 19:10:00,0.8887018262423427,False
2022-05-24 19:20:00,0.9502040042242473,False
2022-05-24 19:30:00,0.9564973332751577,False
2022-05-24 19:40:00,0.9216573459905336,False
2022-05-24 19:50:00,1.1477545663516096,False
2022-05-24 20:00:00,1.040228384470074,False
2022-05-24 20:10:00,1.1135775619053108,False
2022-05-24 20:20:00,0.8894573835902841,False
2022-05-24 20:30:00,0.97635619488264,False
2022-05-24 20:40:00,0.8919045357822928,False
2022-05-24 20:50:00,0.7663890303748773,False
2022-05-24 21:00:00,1.0744937782358193,False
2022-05-24 21:10:00,1.004288144049077,False
2022-05-24 21:20:00,1.0861664388352463,False
2022-05-24 21:30:00,1.072400504229487,False
2022-05-24 21:40:00,0.9986356491860029,False
2022-05-24 21:50:00,1.0358698915517142,False
2022-05-24 22:00:00,0.9312249035998172,False
2022-05-24 22:10:00,0.9263912180504823,False
2022-05-24 22:20:00,0.9929170245289858,False
2022-05-24 22:30:00,1.011863964189504,False
2022-05-24 22:40:00,0.8409832545591167,False
2022-05-24 22:50:00,1.1250463999160218,False
2022-05-24 23:00:00,0.9980340378105116,False
2022-05-24 23:10:00,1.0404560128858042,False
2022-05-24 23:20:00,1.0626596298584259,False
2022-05-24 23:30:00,1.1422270478510106,False
2022-05-24 23:40:00,0.9665115124382925,False
2022-05-24 23:50:00,,False
2022-05-25 00:00:00,0.9707666230652373,False
2022-05-25 00:10:00,0.9056707233614092,False
2022-05-25 00:20:00,0.9076620327329423,False
2022-05-25 00:30:00,0.8396441078500018,False
2022-05-25 00:40:00,1.0915427351316198,False
2022-05-25 00:50:00,1.0593396943039535,False
2022-05-25 01:00:00,0.9589183479545444,False
2022-05-25 01:10:00,0.9865956837839409,False
2022-05-25 01:20:00,,False
2022-05-25 01:30:00,1.0848571267955929,False
2022-05-25 01:40:00,0.9926499718503732,False
2022-05-25 01:50:00,1.087314448713403,False
2022-05-25 02:00:00,1.1282414837305852,False
2022-05-25 02:10:00,0.9403941231288387,False
2022-05-25 02:20:00,1.0455038609256249,False
2022-05-25 02:30:00,0.9639940451428001,False
2022-05-25 02:40:00,1.1482606611044845,False
2022-05-25 02:50:00,1.1797713099322225,False
2022-05-25 03:00:00,1.0748263222926417,False
2022-05-25 03:10:00,0.806989306218716,False
2022-05-25 03:20:00,0.7886398194473898,False
2022-05-25 03:30:00,1.1688236317466674,False
2022-05-25 03:40:00,1.0215955429988341,False
2022-05-25 03:50:00,1.0739263658633302,False
2022-05-25 04:00:00,0.9807536642758359,False
2022-05-25 04:10:00,1.0221023574880053,False
2022-05-25 04:20:00,1.0167759244559922,False
2022-05-25 04:30:00,0.775327804087283,False
2022-05-25 04:40:00,,False
2022-05-25 04:50:00,1.0550845332852166,False
2022-05-25 05:00:00,0.9491593878131832,False
2022-05-25 05:10:00,0.9569871774895019,False
2022-05-25 05:20:00,1.1146245548300042,False
2022-05-25 05:30:00,1.1051512929170682,False
2022-05-25 05:40:00,0.9155719272490429,False
2022-05-25 05:50:00,1.019519318025347,False
2022-05-25 06:00:00,1.0362909561624853,False
2022-05-25 06:10:00,0.8181770391232713,False
2022-05-25 06:20:00,0.9726704740304645,False
2022-05-25 06:30:00,0.9488055311849128,False
2022-05-25 06:40:00,0.7748005951433684,False
2022-05-25 06:50:00,1.1185797105838862,False
2022-05-25 07:00:00,0.9774354491225823,False
2022-05-25 07:10:00,1.0930389712808455,False
2022-05-25 07:20:00,1.0267682818487145,False
2022-05-25 07:30:00,1.165487321998668,False
2022-05-25 07:40:00,0.9650420222031597,False
2022-05-25 07:50:00,1.1616718338875853,False
2022-05-25 08:00:00,1.1295620735130467,False
2022-05-25 08:10:00,1.0320724096352003,False
2022-05-25 08:20:00,1.0108368499888913,False
2022-05-25 08:30:00,1.1111107786901884,False
2022-05-25 08:40:00,1.0328650653606501,False
2022-05-25 08:50:00,1.0259204359979925,False
2022-05-25 09:00:00,0.976174971380267,False
2022-05-25 09:10:00,1.1885611030660426,False
2022-05-25 09:20:00,1.096545071907636,False
2022-05-25 09:30:00,0.9488651264774592,False
2022-05-25 09:40:00,1.037015640567147,False
2022-05-25 09:50:00,1.215269981369002,False
2022-05-25 10:00:00,1.0223319985685166,False
2022-05-25 10:10:00,0.9653628700711607,False
2022-05-25 10:20:00,0.8762053685466019,False
2022-05-25 10:30:00,0.9760373769501179,False
2022-05-25 10:40:00,1.0628223679569613,False
2022-05-25 10:50:00,1.0610699639351466,False
2022-05-25 11:00:00,1.051351647993369,False
2022-05-25 11:10:00,,False
2022-05-25 11:20:00,1.1017478048285358,False
2022-05-25 11:30:00,1.180196053665889,False
2022-05-25 11:40:00,1.1372536373187858,False
2022-05-25 11:50:00,0.9979806927459731,False
2022-05-25 12:00:00,0.8878857456583593,False
2022-05-25 12:10:00,1.04680635933494,False
2022-05-25 12:20:00,0.9344421166297856,False
2022-05-25 12:30:00,0.9601399864709852,False
2022-05-25 12:40:00,1.032608734669465,False
2022-05-25 12:50:00,,False
2022-05-25 13:00:00,0.9027815389195668,False
2022-05-25 13:10:00,1.1698934103466296,False
2022-05-25 13:20:00,0.8369029685851006,False
2022-05-25 13:30:00,0.8021803566884553,False
2022-05-25 13:40:00,0.8426147584289858,False
2022-05-25 13:50:00,0.9523159205783722,False
2022-05-25 14:00:00,0.9955993284392419,False
2022-05-25 14:10:00,0.9701786938828665,False
2022-05-25 14:20:00,0.8950807326827321,False
2022-05-25 14:30:00,1.0658579083587245,False
2022-05-25 14:40:00,0.7840721977499286,False
2022-05-25 14:50:00,0.9112115028631081,False
2022-05-25 15:00:00,0.8909759442436818,False
2022-05-25 15:10:00,1.0354132096426782,False
2022-05-25 15:20:00,0.8590004521845123,False
2022-05-25 15:30:00,0.9927243195188948,False
2022-05-25 15:40:00,1.0286442428501488,False
2022-05-25 15:50:00,1.0419116076436628,False
2022-05-25 16:00:00,0.9784257045423871,False
2022-05-25 16:10:00,0.9096909784561923,False
2022-05-25 16:20:00,0.9943984493350029,False
2022-05-25 16:30:00,1.0885240980184576,False
2022-05-25 16:40:00,0.8758637352332844,False
2022-05-25 16:50:00,0.9191723753405476,False
2022-05-25 17:00:00,0.9062001114467509,False
2022-05-25 17:10:00,1.1380041961214542,False
2022-05-25 17:20:00,0.9273404595783342,False
2022-05-25 17:30:00,1.027102200448663,False
2022-05-25 17:40:00,0.9094378294620217,False
2022-05-25 17:50:00,0.9214466862250592,False
2022-05-25 18:00:00,1.1635813800967962,False
2022-05-25 18:10:00,0.9981414773618096,False
2022-05-25 18:20:00,1.0099737011144483,False
2022-05-25 18:30:00,1.198900780253317,False
2022-05-25 18:40:00,1.0639435318328554,False
2022-05-25 18:50:00,1.195531338622633,False
2022-05-25 19:00:00,0.8561705045666212,False
2022-05-25 19:10:00,1.02656874967694,False
2022-05-25 19:20:00,0.9574033388786108,False
2022-05-25 19:30:00,1.1223783804646617,False
2022-05-25 19:40:00,0.9923266336175594,False
2022-05-25 19:50:00,0.9635642372314385,False
2022-05-25 20:00:00,0.9604586491984874,False
2022-05-25 20:10:00,1.2434880142429625,False
2022-05-25 20:20:00,1.0852002394213551,False
2022-05-25 20:30:00,0.980530951710252,False
2022-05-25 20:40:00,1.0906900292766926,False
2022-05-25 20:50:00,1.0059279882641745,False
2022-05-25 21:00:00,,False
2022-05-25 21:10:00,1.2087220888735106,False
2022-05-25 21:20:00,1.0865567436142296,False
2022-05-25 21:30:00,0.8647584701636848,False
2022-05-25 21:40:00,0.8371778802401912,False
2022-05-25 21:50:00,1.0985036953352685,False
2022-05-25 22:00:00,0.785157162878573,False
2022-05-25 22:10:00,1.0656595416875743,False
2022-05-25 22:20:00,1.0655104688426504,False
2022-05-25 22:30:00,1.0192629277616154,False
2022-05-25 22:40:00,0.9737928732370443,False
2022-05-25 22:50:00,0.8814511486670129,False
2022-05-25 23:00:00,1.0163565844391453,False
2022-05-25 23:10:00,0.9972450002243431,False
2022-05-25 23:20:00,1.0185248291220512,False
2022-05-25 23:30:00,1.0228095348396296,False
2022-05-25 23:40:00,1.1109734180249928,False
2022-05-25 23:50:00,0.904790715968409,False
2022-05-26 00:00:00,0.9652990230662342,False
2022-05-26 00:10:00,1.0181797190462705,False
2022-05-26 00:20:00,0.8975264097529527,False
2022-05-26 00:30:00,0.9874703036866922,False
2022-05-26 00:40:00,0.8589310386328491,False
2022-05-26 00:50:00,1.0258826053694743,False
2022-05-26 01:00:00,0.9001340695724218,False
2022-05-26 01:10:00,1.0489172474478317,False
2022-05-26 01:20:00,1.0608133230127832,False
2022-05-26 01:30:00,0.9932840677933443,False
2022-05-26 01:40:00,0.9393735860111656,False
2022-05-26 01:50:00,1.069930713182461,False
2022-05-26 02:00:00,1.0688756410514992,False
2022-05-26 02:10:00,0.8735412816043909,False
2022-05-26 02:20:00,0.946849098399961,False
2022-05-26 02:30:00,0.9824142435143434,False
2022-05-26 02:40:00,1.0110024687527135,False
2022-05-26 02:50:00,0.8402432091754245,False
2022-05-26 03:00:00,1.1410192679584326,False
2022-05-26 03:10:00,0.941856306570314,False
2022-05-26 03:20:00,1.0418704132600523,False
2022-05-26 03:30:00,1.050965718731164,False
2022-05-26 03:40:00,1.0896669776270749,False
2022-05-26 03:50:00,0.94064704231562,False
2022-05-26 04:00:00,,False
2022-05-26 04:10:00,0.8654357303908335,False
2022-05-26 04:20:00,1.0057052571973613,False
2022-05-26 04:30:00,1.0247227681674052,False
2022-05-26 04:40:00,1.0728160158015623,False
2022-05-26 04:50:00,1.0294219561697,False
2022-05-26 05:00:00,1.1134673498649068,False
2022-05-26 05:10:00,0.8743413631257884,False
2022-05-26 05:20:00,0.9775931507112481,False
2022-05-26 05:30:00,1.2683629307893973,False
2022-05-26 05:40:00,0.9705198040611116,False
2022-05-26 05:50:00,1.0203011693701969,False
2022-05-26 06:00:00,1.061928715107987,False
2022-05-26 06:10:00,1.0718564888350284,False
2022-05-26 06:20:00,1.057774755711272,False
2022-05-26 06:30:00,0.9789185957892328,False
2022-05-26 06:40:00,1.0298506232236762,False
2022-05-26 06:50:00,1.0501153588906857,False
2022-05-26 07:00:00,0.9722763011642412,False
2022-05-26 07:10:00,0.9174714034854654,False
2022-05-26 07:20:00,1.0460706417924874,False
2022-05-26 07:30:00,0.9632176690128578,False
2022-05-26 07:40:00,0.954283423607415,False
2022-05-26 07:50:00,0.8710096112917031,False
2022-05-26 08:00:00,0.9116941369006463,False
2022-05-26 08:10:00,1.0219618369271046,False
2022-05-26 08:20:00,1.0815750687291878,False
2022-05-26 08:30:00,,False
2022-05-26 08:40:00,1.041235188455622,False
2022-05-26 08:50:00,1.1538990226400283,False
2022-05-26 09:00:00,1.0099942907996626,False
2022-05-26 09:10:00,1.0857547334000246,False
2022-05-26 09:20:00,0.9085377558155369,False
2022-05-26 09:30:00,1.059609913082545,False
2022-05-26 09:40:00,0.9434087780345704,False
2022-05-26 09:50:00,1.0686516317291288,False
2022-05-26 10:00:00,0.7852447707177661,False
2022-05-26 10:10:00,1.190522505544942,False
2022-05-26 10:20:00,0.9659511570126602,False
2022-05-26 10:30:00,1.0089599417195638,False
2022-05-26 10:40:00,0.9196075000413464,False
2022-05-26 10:50:00,0.9027159593511768,False
2022-05-26 11:00:00,0.8483764767309072,False
2022-05-26 11:10:00,0.8428821754744162,False
2022-05-26 11:20:00,1.1647658297376353,False
2022-05-26 11:30:00,1.1248999805322932,False
2022-05-26 11:40:00,,False
2022-05-26 11:50:00,1.0166363796044984,False
2022-05-26 12:00:00,1.070253944781134,False
2022-05-26 12:10:00,1.0188810516043325,False
2022-05-26 12:20:00,1.0269540639286976,False
2022-05-26 12:30:00,0.9569302613129516,False
2022-05-26 12:40:00,0.9498235058073176,False
2022-05-26 12:50:00,0.8821036536208786,False
2022-05-26 13:00:00,1.0042288191375677,False
2022-05-26 13:10:00,0.9705664622180514,False
2022-05-26 13:20:00,1.0481907306834213,False
2022-05-26 13:30:00,1.0560870118686363,False
2022-05-26 13:40:00,0.9991466475433404,False
2022-05-26 13:50:00,,False
2022-05-26 14:00:00,1.0438449339034743,False
2022-05-26 14:10:00,1.067509214517408,False
2022-05-26 14:20:00,1.0373810513028288,False
2022-05-26 14:30:00,0.9537757957956793,False
2022-05-26 14:40:00,1.1361742786053843,False
2022-05-26 14:50:00,0.9812990949893747,False
2022-05-26 15:00:00,1.0213157110661317,False
2022-05-26 15:10:00,1.045320618487229,False
2022-05-26 15:20:00,1.0261253022896457,False
2022-05-26 15:30:00,0.854291531766499,False
2022-05-26 15:40:00,0.8653785355989297,False
2022-05-26 15:50:00,0.9325384447615549,False
2022-05-26 16:00:00,0.7964265566387986,False
2022-05-26 16:10:00,1.0074060370915678,False
2022-05-26 16:20:00,1.0848259268988207,False
2022-05-26 16:30:00,0.7110194886720815,False
2022-05-26 16:40:00,0.9121922606378096,False
2022-05-26 16:50:00,1.0350447412472512,False
2022-05-26 17:00:00,0.9907766678837074,False
2022-05-26 17:10:00,,False
2022-05-26 17:20:00,1.1423571271282529,False
2022-05-26 17:30:00,,False
2022-05-26 17:40:00,1.3156160511705512,False
2022-05-26 17:50:00,0.7798871002319137,False
2022-05-26 18:00:00,1.0265380580530898,False
2022-05-26 18:10:00,0.8438937603472034,False
2022-05-26 18:20:00,1.0629343103386386,False
2022-05-26 18:30:00,0.9832144145129347,False
2022-05-26 18:40:00,0.9460015929447354,False
2022-05-26 18:50:00,1.10365674105156,False
2022-05-26 19:00:00,0.9607060712329047,False
2022-05-26 19:10:00,1.1502413575741062,False
2022-05-26 19:20:00,1.0304693980174229,False
2022-05-26 19:30:00,1.0197795853451104,False
2022-05-26 19:40:00,0.975957986471347,False
2022-05-26 19:50:00,0.976247722428632,False
2022-05-26 20:00:00,1.0185687695330274,False
2022-05-26 20:10:00,1.1148191439084514,False
2022-05-26 20:20:00,1.07808777152419,False
2022-05-26 20:30:00,1.0945185332171872,False
2022-05-26 20:40:00,1.0034430233536278,False
2022-05-26 20:50:00,1.0806962791013033,False
2022-05-26 21:00:00,0.9549406097884128,False
2022-05-26 21:10:00,0.920439103768109,False
2022-05-26 21:20:00,1.0312190930034641,False
2022-05-26 21:30:00,1.11875218833174,False
2022-05-26 21:40:00,1.020870697066839,False
2022-05-26 21:50:00,1.0600678369453,False
2022-05-26 22:00:00,0.9858820934042593,False
2022-05-26 22:10:00,1.008601407174003,False
2022-05-26 22:20:00,1.1706149893227156,False
2022-05-26 22:30:00,0.9169389986331555,False
2022-05-26 22:40:00,1.1351259030254532,False
2022-05-26 22:50:00,0.8575056069107104,False
2022-05-26 23:00:00,1.0574603622366208,False
2022-05-26 23:10:00,1.010679278747526,False
2022-05-26 23:20:00,0.9809739379329885,False
2022-05-26 23:30:00,0.8581415479170641,False
2022-05-26 23:40:00,,False
2022-05-26 23:50:00,0.9787826960092199,False
2022-05-27 00:00:00,0.8824623689433424,False
2022-05-27 00:10:00,0.9513043393467331,False
2022-05-27 00:20:00,1.02059930275361,False
2022-05-27 00:30:00,1.115708070510603,False
2022-05-27 00:40:00,0.94527831744503,False
2022-05-27 00:50:00,0.931127845013459,False
2022-05-27 01:00:00,,False
2022-05-27 01:10:00,0.9472964865690868,False
2022-05-27 01:20:00,1.0432322535926704,False
2022-05-27 01:30:00,0.9473360669068926,False
2022-05-27 01:40:00,1.1601257356907166,False
2022-05-27 01:50:00,0.903338623060213,False
2022-05-27 02:00:00,0.964031770744413,False
2022-05-27 02:10:00,1.0756950623543196,False
2022-05-27 02:20:00,1.0662031972059665,False
2022-05-27 02:30:00,1.0936202456813116,False
2022-05-27 02:40:00,0.9456314774096897,False
2022-05-27 02:50:00,1.1718586064611478,False
2022-05-27 03:00:00,0.8928507059533832,False
2022-05-27 03:10:00,1.0694304465182045,False
2022-05-27 03:20:00,1.0163453944895335,False
2022-05-27 03:30:00,0.9616326029893757,False
2022-05-27 03:40:00,0.9148025981378737,False
2022-05-27 03:50:00,1.1331549844898046,False
2022-05-27 04:00:00,1.0139891740167015,False
2022-05-27 04:10:00,0.9138976812264525,False
2022-05-27 04:20:00,0.847998728019809,False
2022-05-27 04:30:00,,False
2022-05-27 04:40:00,0.7251198033855595,False
2022-05-27 04:50:00,0.8498988491317865,False
2022-05-27 05:00:00,0.9101988372850021,False
2022-05-27 05:10:00,0.9721937584469502,False
2022-05-27 05:20:00,0.970345610034977,False
2022-05-27 05:30:00,1.0977686963885793,False
2022-05-27 05:40:00,0.8665217253178934,False
2022-05-27 05:50:00,1.04578336445722,False
2022-05-27 06:00:00,0.9155302149733098,False
2022-05-27 06:10:00,1.019307554868034,False
2022-05-27 06:20:00,0.8831337012825728,False
2022-05-27 06:30:00,1.0573201042931075,False
2022-05-27 06:40:00,0.971029847263193,False
2022-05-27 06:50:00,0.9294967962868501,False
2022-05-27 07:00:00,1.1992103850808629,False
2022-05-27 07:10:00,1.1209544795092423,False
2022-05-27 07:20:00,1.0344587805198642,False
2022-05-27 07:30:00,1.081163798240768,False
2022-05-27 07:40:00,0.9941424451406193,False
2022-05-27 07:50:00,0.8436743219836916,False
2022-05-27 08:00:00,1.075635697835783,False
2022-05-27 08:10:00,0.5854488397512021,False
2022-05-27 08:20:00,0.9247694590727584,False
2022-05-27 08:30:00,1.0133438419050542,False
2022-05-27 08:40:00,1.0588363724239724,False
2022-05-27 08:50:00,0.9905829875625374,False
2022-05-27 09:00:00,0.8925952732286824,False
2022-05-27 09:10:00,0.8447547781349645,False
2022-05-27 09:20:00,0.9019060795738554,False
2022-05-27 09:30:00,,False
2022-05-27 09:40:00,0.7750801923287325,False
2022-05-27 09:50:00,,False
2022-05-27 10:00:00,0.8722529234860681,False
2022-05-27 10:10:00,0.9703297532501871,False
2022-05-27 10:20:00,1.1380771362886786,False
2022-05-27 10:30:00,1.0550386953762134,False
2022-05-27 10:40:00,0.9526609477075096,False
2022-05-27 10:50:00,0.9856605915511601,False
2022-05-27 11:00:00,0.9400253117581816,False
2022-05-27 11:10:00,0.8069201373325376,False
2022-05-27 11:20:00,1.166729241712816,False
2022-05-27 11:30:00,0.95756902151765,False
2022-05-27 11:40:00,1.1101512160091922,False
2022-05-27 11:50:00,0.9922884570129227,False
2022-05-27 12:00:00,0.9216146377376025,False
2022-05-27 12:10:00,1.143724106252907,False
2022-05-27 12:20:00,1.0562684792177688,False
2022-05-27 12:30:00,1.211863976316818,False
2022-05-27 12:40:00,0.8733446006454635,False
2022-05-27 12:50:00,1.1139026757375143,False
2022-05-27 13:00:00,0.9187637398880145,False
2022-05-27 13:10:00,1.0711778131559533,False
2022-05-27 13:20:00,1.0291878921813675,False
2022-05-27 13:30:00,1.0165764560625166,False
2022-05-27 13:40:00,1.0724703212675386,False
2022-05-27 13:50:00,1.0430385341778352,False
2022-05-27 14:00:00,1.10556775624444,False
2022-05-27 14:10:00,0.9203676880971604,False
2022-05-27 14:20:00,0.9598417111330775,False
2022-05-27 14:30:00,,False
2022-05-27 14:40:00,0.9285514042480092,False
2022-05-27 14:50:00,1.0529742308742935,False
2022-05-27 15:00:00,1.2479937613686516,False
2022-05-27 15:10:00,0.9040581690642542,False
2022-05-27 15:20:00,1.0237832010485388,False
2022-05-27 15:30:00,,False
2022-05-27 15:40:00,,False
2022-05-27 15:50:00,0.979337373067802,False
2022-05-27 16:00:00,1.0481970719654066,False
2022-05-27 16:10:00,0.9150335378232974,False
2022-05-27 16:20:00,0.9804814707471715,False
2022-05-27 16:30:00,1.0236289389632374,False
2022-05-27 16:40:00,0.936644716484134,False
2022-05-27 16:50:00,0.8126710406957294,False
2022-05-27 17:00:00,1.0149507008645602,False
2022-05-27 17:10:00,1.1345252831626178,False
2022-05-27 17:20:00,1.060707012102279,False
2022-05-27 17:30:00,1.024508335670036,False
2022-05-27 17:40:00,1.0682398744153045,False
2022-05-27 17:50:00,1.0245489549115216,False
2022-05-27 18:00:00,0.9553652372302397,False
2022-05-27 18:10:00,1.010623045247874,False
2022-05-27 18:20:00,1.2415916601462957,False
2022-05-27 18:30:00,1.0066177328140615,False
2022-05-27 18:40:00,1.0339317148088631,False
2022-05-27 18:50:00,,False
2022-05-27 19:00:00,0.9740114420910733,False
2022-05-27 19:10:00,0.7918217599762225,False
2022-05-27 19:20:00,0.997944896181061,False
2022-05-27 19:30:00,0.8126357548019303,False
2022-05-27 19:40:00,0.785230364837514,False
2022-05-27 19:50:00,1.1483293128794827,False
2022-05-27 20:00:00,1.0646613598805004,False
2022-05-27 20:10:00,1.0103505070080931,False
2022-05-27 20:20:00,,False
2022-05-27 20:30:00,,False
2022-05-27 20:40:00,1.0526572447706686,False
2022-05-27 20:50:00,,False
2022-05-27 21:00:00,1.0978187077161357,False
2022-05-27 21:10:00,1.0227882205293168,False
2022-05-27 21:20:00,0.990834026185544,False
2022-05-27 21:30:00,1.0172011503621214,False
2022-05-27 21:40:00,,False
2022-05-27 21:50:00,0.8433679580239074,False
2022-05-27 22:00:00,0.9956784485200105,False
2022-05-27 22:10:00,1.1523371358456564,False
2022-05-27 22:20:00,0.8798884726489523,False
2022-05-27 22:30:00,0.8698491695617719,False
2022-05-27 22:40:00,1.0071626460340428,False
2022-05-27 22:50:00,1.1253353582564836,False
2022-05-27 23:00:00,1.0629700083130347,False
2022-05-27 23:10:00,0.9318251112300188,False
2022-05-27 23:20:00,0.9902818315229784,False
2022-05-27 23:30:00,1.0334147969574992,False
2022-05-27 23:40:00,1.1681884668672715,False
2022-05-27 23:50:00,1.1104804326782158,False
2022-05-28 00:00:00,1.0247555524911662,False
2022-05-28 00:10:00,0.8821301857446714,False
2022-05-28 00:20:00,1.006063925682626,False
2022-05-28 00:30:00,1.1864847954700481,False
2022-05-28 00:40:00,0.8895686158053144,False
2022-05-28 00:50:00,0.9013843636680168,False
2022-05-28 01:00:00,0.9866323441856942,False
2022-05-28 01:10:00,1.0219566793129542,False
2022-05-28 01:20:00,1.0467331253010008,False
2022-05-28 01:30:00,0.9978562977100904,False
2022-05-28 01:40:00,1.1178376231917622,False
2022-05-28 01:50:00,1.0390733245240615,False
2022-05-28 02:00:00,1.0806533661966546,False
2022-05-28 02:10:00,1.0472077883942221,False
2022-05-28 02:20:00,0.9703367733213086,False
2022-05-28 02:30:00,0.9378552423217171,False
2022-05-28 02:40:00,1.0632739381579939,False
2022-05-28 02:50:00,1.100582797420642,False
2022-05-28 03:00:00,1.0313821104334486,False
2022-05-28 03:10:00,,False
2022-05-28 03:20:00,0.9426971206243638,False
2022-05-28 03:30:00,0.9746191498850155,False
2022-05-28 03:40:00,1.0589326962588548,False
2022-05-28 03:50:00,0.9291391305802504,False
2022-05-28 04:00:00,0.9291281035592669,False
2022-05-28 04:10:00,0.8988972834470308,False
2022-05-28 04:20:00,0.9340858233678182,False
2022-05-28 04:30:00,0.8806213187673796,False
2022-05-28 04:40:00,0.8799570124401123,False
2022-05-28 04:50:00,1.1087539125710912,False
2022-05-28 05:00:00,0.9461058517877888,False
2022-05-28 05:10:00,1.0748451457643746,False
2022-05-28 05:20:00,0.8712682784801321,False
2022-05-28 05:30:00,0.9012570732771128,False
2022-05-28 05:40:00,1.0604133824716946,False
2022-05-28 05:50:00,1.1367066508894903,False
2022-05-28 06:00:00,0.8840256651358478,False
2022-05-28 06:10:00,1.0290054287068968,False
2022-05-28 06:20:00,0.9367769762143143,False
2022-05-28 06:30:00,1.1158903592714753,False
2022-05-28 06:40:00,1.1112555840369636,False
2022-05-28 06:50:00,1.0537408363399188,False
2022-05-28 07:00:00,0.9828774717696767,False
2022-05-28 07:10:00,0.9831249159127904,False
2022-05-28 07:20:00,0.9325956083452672,False
2022-05-28 07:30:00,,False
2022-05-28 07:40:00,1.1156001094863728,False
2022-05-28 07:50:00,1.0279911473512788,False
2022-05-28 08:00:00,1.1858339159020728,False
2022-05-28 08:10:00,1.060934915983389,False
2022-05-28 08:20:00,0.7831201601226534,False
2022-05-28 08:30:00,0.9147504842629632,False
2022-05-28 08:40:00,1.132044339168158,False
2022-05-28 08:50:00,1.0021502298245832,False
2022-05-28 09:00:00,1.0532585880535248,False
2022-05-28 09:10:00,1.1265768361166375,False
2022-05-28 09:20:00,0.9346907767574232,False
2022-05-28 09:30:00,1.029692599241299,False
2022-05-28 09:40:00,1.044918982226636,False
2022-05-28 09:50:00,,False
2022-05-28 10:00:00,0.9970310753237644,False
2022-05-28 10:10:00,1.2096163222113863,False
2022-05-28 10:20:00,0.8276517500286236,False
2022-05-28 10:30:00,1.019852647470154,False
2022-05-28 10:40:00,1.044665991632401,False
2022-05-28 10:50:00,1.0356071927709707,False
2022-05-28 11:00:00,0.9078386781753222,False
2022-05-28 11:10:00,1.0259371662584145,False
2022-05-28 11:20:00,0.90932236512483,False
2022-05-28 11:30:00,1.2481083754332742,False
2022-05-28 11:40:00,1.0141401307309288,False
2022-05-28 11:50:00,,False
2022-05-28 12:00:00,1.1439780595194473,False
2022-05-28 12:10:00,1.0702270162247205,False
2022-05-28 12:20:00,0.8466419988436862,False
2022-05-28 12:30:00,0.9145456556102065,False
2022-05-28 12:40:00,0.8099668861548237,False
2022-05-28 12:50:00,,False
2022-05-28 13:00:00,0.9622505326289201,False
2022-05-28 13:10:00,0.9106032914991575,False
2022-05-28 13:20:00,0.9826739384395645,False
2022-05-28 13:30:00,0.7916564437980411,False
2022-05-28 13:40:00,0.8783147441633564,False
2022-05-28 13:50:00,0.9703828031707783,False
2022-05-28 14:00:00,0.9807991704371958,False
2022-05-28 14:10:00,0.9738887932038741,False
2022-05-28 14:20:00,0.9744147457738955,False
2022-05-28 14:30:00,,False
2022-05-28 14:40:00,0.8450446449759536,False
2022-05-28 14:50:00,1.0174660135244018,False
2022-05-28 15:00:00,1.0040052853419494,False
2022-05-28 15:10:00,0.9982195528365267,False
2022-05-28 15:20:00,1.0483359160622028,False
2022-05-28 15:30:00,1.0570751045115507,False
2022-05-28 15:40:00,1.044014577685101,False
2022-05-28 15:50:00,,False
2022-05-28 16:00:00,0.9252820154162099,False
2022-05-28 16:10:00,1.0142060508396356,False
2022-05-28 16:20:00,0.7827845572328953,False
2022-05-28 16:30:00,1.1020554016759117,False
2022-05-28 16:40:00,0.955306559318919,False
2022-05-28 16:50:00,,False
2022-05-28 17:00:00,0.9141418672947182,False
2022-05-28 17:10:00,0.8015222632591913,False
2022-05-28 17:20:00,0.7087889009620436,False
2022-05-28 17:30:00,0.9907706216325554,False
2022-05-28 17:40:00,1.0984391809964311,False
2022-05-28 17:50:00,0.9367030279376499,False
2022-05-28 18:00:00,0.8892354839555183,False
2022-05-28 18:10:00,1.145311833983211,False
2022-05-28 18:20:00,0.9195308652077789,False
2022-05-28 18:30:00,1.0941092229386904,False
2022-05-28 18:40:00,1.0587021243384227,False
2022-05-28 18:50:00,0.7734993297290524,False
2022-05-28 19:00:00,0.7561990615995597,False
2022-05-28 19:10:00,0.8696756887612762,False
2022-05-28 19:20:00,1.0910792074898723,False
2022-05-28 19:30:00,1.1005511709695912,False
2022-05-28 19:40:00,0.995080956014681,False
2022-05-28 19:50:00,0.9560900482747869,False
2022-05-28 20:00:00,0.8808410371184181,False
2022-05-28 20:10:00,1.043839784992764,False
2022-05-28 20:20:00,0.9890842381261424,False
2022-05-28 20:30:00,1.1304229726412178,False
2022-05-28 20:40:00,1.1223297881584753,False
2022-05-28 20:50:00,0.9279938916465018,False
2022-05-28 21:00:00,1.05810879378434,False
2022-05-28 21:10:00,0.9372190347700378,False
2022-05-28 21:20:00,1.0983179531862513,False
2022-05-28 21:30:00,1.0302698170156612,False
2022-05-28 21:40:00,1.117436066429764,False
2022-05-28 21:50:00,1.009179914209841,False
2022-05-28 22:00:00,0.9621940581879002,False
2022-05-28 22:10:00,0.9937087368246822,False
2022-05-28 22:20:00,0.9557858491875661,False
2022-05-28 22:30:00,0.9258568596859309,False
2022-05-28 22:40:00,0.9839861060998215,False
2022-05-28 22:50:00,1.1749295311046213,False
2022-05-28 23:00:00,0.8693637727321791,False
2022-05-28 23:10:00,0.8602640572273734,False
2022-05-28 23:20:00,0.9522089430323261,False
2022-05-28 23:30:00,1.002182805147909,False
2022-05-28 23:40:00,1.0698321929135393,False
2022-05-28 23:50:00,0.8559531630256871,False
2022-05-29 00:00:00,0.8910871749759912,False
2022-05-29 00:10:00,0.8278421143913812,False
2022-05-29 00:20:00,0.9182789851795963,False
2022-05-29 00:30:00,1.0335192007164198,False
2022-05-29 00:40:00,1.0320479227167865,False
2022-05-29 00:50:00,0.9344099873844608,False
2022-05-29 01:00:00,1.127805268550258,False
2022-05-29 01:10:00,0.9814135730620038,False
2022-05-29 01:20:00,1.0909440391898062,False
2022-05-29 01:30:00,0.8305840468671623,False
2022-05-29 01:40:00,,False
2022-05-29 01:50:00,1.0224709954824698,False
2022-05-29 02:00:00,1.0065749489077227,False
2022-05-29 02:10:00,0.9879866082138771,False
2022-05-29 02:20:00,0.983786850701612,False
2022-05-29 02:30:00,0.9800303819254699,False
2022-05-29 02:40:00,0.9380684078546638,False
2022-05-29 02:50:00,1.0407602896935333,False
2022-05-29 03:00:00,1.0778890188360384,False
2022-05-29 03:10:00,0.9100848091260316,False
2022-05-29 03:20:00,1.0087018223401563,False
2022-05-29 03:30:00,0.9993131158604611,False
2022-05-29 03:40:00,0.9373766763090764,False
2022-05-29 03:50:00,1.0656454270101567,False
2022-05-29 04:00:00,0.9492915583480189,False
2022-05-29 04:10:00,0.9434529338712694,False
2022-05-29 04:20:00,0.948028810727587,False
2022-05-29 04:30:00,1.169494843462814,False
2022-05-29 04:40:00,0.9056941971338541,False
2022-05-29 04:50:00,1.0587989862125693,False
2022-05-29 05:00:00,0.9687584542767581,False
2022-05-29 05:10:00,1.1063866032976253,False
2022-05-29 05:20:00,0.8696246750390262,False
2022-05-29 05:30:00,1.055628667604621,False
2022-05-29 05:40:00,1.0714675116156722,False
2022-05-29 05:50:00,1.026481517779351,False
2022-05-29 06:00:00,,False
2022-05-29 06:10:00,0.8050586547486176,False
2022-05-29 06:20:00,1.1240174850650027,False
2022-05-29 06:30:00,0.8376456476265532,False
2022-05-29 06:40:00,1.089163936055282,False
2022-05-29 06:50:00,0.7919524434495775,False
2022-05-29 07:00:00,0.8596350525237214,False
2022-05-29 07:10:00,0.9742890032717125,False
2022-05-29 07:20:00,1.0654152042479537,False
2022-05-29 07:30:00,0.9973460768193805,False
2022-05-29 07:40:00,1.082003945926659,False
2022-05-29 07:50:00,0.9905459204784322,False
2022-05-29 08:00:00,0.8338578306486953,False
2022-05-29 08:10:00,1.0352519721507518,False
2022-05-29 08:20:00,1.0146218047584743,False
2022-05-29 08:30:00,1.1649288368797905,False
2022-05-29 08:40:00,1.2295123696247061,False
2022-05-29 08:50:00,0.878176385179144,False
2022-05-29 09:00:00,1.0466845156812796,False
2022-05-29 09:10:00,1.1387208946787606,False
2022-05-29 09:20:00,1.0538957051138773,False
2022-05-29 09:30:00,0.970141807520821,False
2022-05-29 09:40:00,0.8681222614072648,False
2022-05-29 09:50:00,0.8629479766792305,False
2022-05-29 10:00:00,0.8953429625225601,False
2022-05-29 10:10:00,1.0095494736870996,False
2022-05-29 10:20:00,1.0370734683736063,False
2022-05-29 10:30:00,0.9032653510694485,False
2022-05-29 10:40:00,0.9381515162796493,False
2022-05-29 10:50:00,1.0557249684327032,False
2022-05-29 11:00:00,1.0767545969729921,False
2022-05-29 11:10:00,1.007325603800912,False
2022-05-29 11:20:00,1.03827380508216,False
2022-05-29 11:30:00,0.7706618644737672,False
2022-05-29 11:40:00,1.0366051136195473,False
2022-05-29 11:50:00,0.9536746727547121,False
2022-05-29 12:00:00,1.0565854360249047,False
2022-05-29 12:10:00,1.0049930985725097,False
2022-05-29 12:20:00,0.9101986918988024,False
2022-05-29 12:30:00,0.9245993491016467,False
2022-05-29 12:40:00,0.9284261720059633,False
2022-05-29 12:50:00,1.1955503859968886,False
2022-05-29 13:00:00,0.8655457684131317,False
2022-05-29 13:10:00,0.8329706043939065,False
2022-05-29 13:20:00,1.025114749768885,False
2022-05-29 13:30:00,1.1798408613730855,False
2022-05-29 13:40:00,0.9238150545821302,False
2022-05-29 13:50:00,1.0860439465773402,False
2022-05-29 14:00:00,0.9779028363798052,False
2022-05-29 14:10:00,,False
2022-05-29 14:20:00,1.0703105976270506,False
2022-05-29 14:30:00,1.0634371615784117,False
2022-05-29 14:40:00,0.9779246243165898,False
2022-05-29 14:50:00,0.9689904723575734,False
2022-05-29 15:00:00,1.017933701246443,False
2022-05-29 15:10:00,0.8598814065728676,False
2022-05-29 15:20:00,0.9288148813520277,False
2022-05-29 15:30:00,1.0412160173557052,False
2022-05-29 15:40:00,1.0019796220537853,False
2022-05-29 15:50:00,1.2046870193338448,False
2022-05-29 16:00:00,0.9138606033035028,False
2022-05-29 16:10:00,0.8587426800122628,False
2022-05-29 16:20:00,1.0352561737377826,False
2022-05-29 16:30:00,1.0363716228802053,False
2022-05-29 16:40:00,0.7864557806522343,False
2022-05-29 16:50:00,1.0263681122618364,False
2022-05-29 17:00:00,1.055589404550885,False
2022-05-29 17:10:00,0.9952335418466491,False
2022-05-29 17:20:00,0.9836915785056445,False
2022-05-29 17:30:00,0.7546785704970069,False
2022-05-29 17:40:00,1.1131798203037007,False
2022-05-29 17:50:00,1.0027933541932055,False
2022-05-29 18:00:00,0.811651627223378,False
2022-05-29 18:10:00,0.8422157695036538,False
2022-05-29 18:20:00,1.0430048549783453,False
2022-05-29 18:30:00,0.9723450820495886,False
2022-05-29 18:40:00,0.8250243722276965,False
2022-05-29 18:50:00,0.978622034568675,False
2022-05-29 19:00:00,,False
2022-05-29 19:10:00,1.0826566474342816,False
2022-05-29 19:20:00,0.919265057419267,False
2022-05-29 19:30:00,0.8744018603619069,False
2022-05-29 19:40:00,0.9868557573347305,False
2022-05-29 19:50:00,0.9950405266261994,False
2022-05-29 20:00:00,0.9378331956083641,False
2022-05-29 20:10:00,0.9345080690295555,False
2022-05-29 20:20:00,0.9821338766321926,False
2022-05-29 20:30:00,0.9830130702641106,False
2022-05-29 20:40:00,1.2104870825544434,False
2022-05-29 20:50:00,0.9815593027617148,False
2022-05-29 21:00:00,1.1238481743178237,False
2022-05-29 21:10:00,0.893328942316497,False
2022-05-29 21:20:00,0.8321217986138975,False
2022-05-29 21:30:00,1.0430047780881728,False
2022-05-29 21:40:00,1.004056367772332,False
2022-05-29 21:50:00,0.8978004235791665,False
2022-05-29 22:00:00,0.8809910332003661,False
2022-05-29 22:10:00,1.0119374350263382,False
2022-05-29 22:20:00,1.0412593103800416,False
2022-05-29 22:30:00,1.0115921217807473,False
2022-05-29 22:40:00,0.93140940865298,False
2022-05-29 22:50:00,1.211381771959815,False
2022-05-29 23:00:00,0.9223684488423717,False
2022-05-29 23:10:00,0.9640015678475149,False
2022-05-29 23:20:00,0.9847901504724287,False
2022-05-29 23:30:00,0.9317723790111171,False
2022-05-29 23:40:00,0.8031302444740978,False
2022-05-29 23:50:00,0.9872742013617775,False
2022-05-30 00:00:00,0.9274258727083393,False
2022-05-30 00:10:00,1.002081872042812,False
2022-05-30 00:20:00,0.9830955598941419,False
2022-05-30 00:30:00,0.8802633876078838,False
2022-05-30 00:40:00,0.8662355399133546,False
2022-05-30 00:50:00,0.9061356814864495,False
2022-05-30 01:00:00,1.0111058375814064,False
2022-05-30 01:10:00,0.9473119895967828,False
2022-05-30 01:20:00,0.9651833836000112,False
2022-05-30 01:30:00,0.9194458227418815,False
2022-05-30 01:40:00,1.081498049506967,False
2022-05-30 01:50:00,0.9822916101916284,False
2022-05-30 02:00:00,0.9198201835734289,False
2022-05-30 02:10:00,1.0255174184139846,False
2022-05-30 02:20:00,,False
2022-05-30 02:30:00,1.0629866074682606,False
2022-05-30 02:40:00,1.155878179694336,False
2022-05-30 02:50:00,1.0543195937837213,False
2022-05-30 03:00:00,1.04271685787454,False
2022-05-30 03:10:00,1.0427434747207636,False
2022-05-30 03:20:00,,False
2022-05-30 03:30:00,,False
2022-05-30 03:40:00,0.9992707090062444,False
2022-05-30 03:50:00,1.047469929413367,False
2022-05-30 04:00:00,0.9536180146336958,False
2022-05-30 04:10:00,1.0848363400217664,False
2022-05-30 04:20:00,1.1361608848505738,False
2022-05-30 04:30:00,1.0487192852183287,False
2022-05-30 04:40:00,1.1464288648326588,False
2022-05-30 04:50:00,1.012896422208566,False
2022-05-30 05:00:00,0.9720858567552493,False
2022-05-30 05:10:00,0.9392175137422368,False
2022-05-30 05:20:00,1.1233591244283556,False
2022-05-30 05:30:00,1.145799876988616,False
2022-05-30 05:40:00,1.157532588485569,False
2022-05-30 05:50:00,0.8870265671073203,False
2022-05-30 06:00:00,0.9538848528794936,False
2022-05-30 06:10:00,1.0870389117881447,False
2022-05-30 06:20:00,1.2025011573908433,False
2022-05-30 06:30:00,1.089807222408575,False
2022-05-30 06:40:00,0.9889134173033702,False
2022-05-30 06:50:00,0.9255765437089961,False
2022-05-30 07:00:00,0.941044467622737,False
2022-05-30 07:10:00,0.8641868372837884,False
2022-05-30 07:20:00,1.0209174901804368,False
2022-05-30 07:30:00,1.0111781010104426,False
2022-05-30 07:40:00,0.9768441540946018,False
2022-05-30 07:50:00,1.182379770353481,False
2022-05-30 08:00:00,0.9891118743353755,False
2022-05-30 08:10:00,0.9165882091882747,False
2022-05-30 08:20:00,0.7623278237791592,False
2022-05-30 08:30:00,1.0039567934006517,False
2022-05-30 08:40:00,1.0909160635217297,False
2022-05-30 08:50:00,0.7495137299356616,False
2022-05-30 09:00:00,0.8244022837490117,False
2022-05-30 09:10:00,1.0486561692658574,False
2022-05-30 09:20:00,0.9805653973465438,False
2022-05-30 09:30:00,1.0397195424091563,False
2022-05-30 09:40:00,0.8225300199623999,False
2022-05-30 09:50:00,1.0109050569232925,False
2022-05-30 10:00:00,1.0847881595356321,False
2022-05-30 10:10:00,1.0351219525644515,False
2022-05-30 10:20:00,0.9823850284047827,False
2022-05-30 10:30:00,0.8847171789546101,False
2022-05-30 10:40:00,0.8894215602498958,False
2022-05-30 10:50:00,1.084642530497459,False
2022-05-30 11:00:00,1.0820195123331096,False
2022-05-30 11:10:00,0.9631462583611633,False
2022-05-30 11:20:00,1.1057850968703395,False
2022-05-30 11:30:00,0.9847850897049963,False
2022-05-30 11:40:00,1.0523024057349963,False
2022-05-30 11:50:00,1.1244227339672788,False
2022-05-30 12:00:00,0.7353937686430758,False
2022-05-30 12:10:00,1.0683247617727167,False
2022-05-30 12:20:00,0.8897779260312872,False
2022-05-30 12:30:00,0.9732702563971121,False
2022-05-30 12:40:00,1.054707669215144,False
2022-05-30 12:50:00,0.8057313466608583,False
2022-05-30 13:00:00,1.0255951770809786,False
2022-05-30 13:10:00,0.9961782939068318,False
2022-05-30 13:20:00,0.9963063690665657,False
2022-05-30 13:30:00,0.9312901218989801,False
2022-05-30 13:40:00,0.9550905539391652,False
2022-05-30 13:50:00,1.0393680133512346,False
2022-05-30 14:00:00,1.2753889147353734,False
2022-05-30 14:10:00,0.9047048985673268,False
2022-05-30 14:20:00,1.0530389726638765,False
2022-05-30 14:30:00,1.023067272914507,False
2022-05-30 14:40:00,1.077605465837689,False
2022-05-30 14:50:00,1.1313061363626276,False
2022-05-30 15:00:00,0.851040093490685,False
2022-05-30 15:10:00,1.010367014820912,False
2022-05-30 15:20:00,0.8602777811764971,False
2022-05-30 15:30:00,1.0307416557033366,False
2022-05-30 15:40:00,1.1075581478770682,False
2022-05-30 15:50:00,0.8746827365328647,False
2022-05-30 16:00:00,0.933031355880678,False
2022-05-30 16:10:00,0.8425915106363587,False
2022-05-30 16:20:00,0.9218419692300255,False
2022-05-30 16:30:00,0.9400612554674769,False
2022-05-30 16:40:00,1.078610034907604,False
2022-05-30 16:50:00,1.119601609248099,False
2022-05-30 17:00:00,0.9826833769264358,False
2022-05-30 17:10:00,1.11661230333393,False
2022-05-30 17:20:00,1.0138528271111145,False
2022-05-30 17:30:00,,False
2022-05-30 17:40:00,1.2078717082551813,False
2022-05-30 17:50:00,1.0961774138342588,False
2022-05-30 18:00:00,1.1756815949558699,False
2022-05-30 18:10:00,1.1287904238534268,False
2022-05-30 18:20:00,1.0025108052081457,False
2022-05-30 18:30:00,1.0034250352204217,False
2022-05-30 18:40:00,,False
2022-05-30 18:50:00,0.9596560548322225,False
2022-05-30 19:00:00,0.9631276950031445,False
2022-05-30 19:10:00,0.9786042548355237,False
2022-05-30 19:20:00,0.9896746465049997,False
2022-05-30 19:30:00,0.8033535253254156,False
2022-05-30 19:40:00,0.8568098471064699,False
2022-05-30 19:50:00,0.8769817136587332,False
2022-05-30 20:00:00,0.9518320195932698,False
2022-05-30 20:10:00,1.008827125640896,False
2022-05-30 20:20:00,1.0974029237741738,False
2022-05-30 20:30:00,0.9333839662417813,False
2022-05-30 20:40:00,0.9507258181700013,False
2022-05-30 20:50:00,0.9223287848504513,False
2022-05-30 21:00:00,,False
2022-05-30 21:10:00,1.0476567261494223,False
2022-05-30 21:20:00,0.9695719374341008,False
2022-05-30 21:30:00,0.8843815451662533,False
2022-05-30 21:40:00,0.9030648625830018,False
2022-05-30 21:50:00,1.015829159956839,False
2022-05-30 22:00:00,0.9092242963923403,False
2022-05-30 22:10:00,0.8453018947995353,False
2022-05-30 22:20:00,0.9037105401058536,False
2022-05-30 22:30:00,0.8585171076103837,False
2022-05-30 22:40:00,0.9748390795668794,False
2022-05-30 22:50:00,1.21508395011698,False
2022-05-30 23:00:00,0.9888745527059384,False
2022-05-30 23:10:00,1.0802760661837445,False
2022-05-30 23:20:00,,False
2022-05-30 23:30:00,0.9730755593971203,False
2022-05-30 23:40:00,1.0436290481123638,False
2022-05-30 23:50:00,1.06547359842782,False
2022-05-31 00:00:00,,False
2022-05-31 00:10:00,0.9363052195287178,False
2022-05-31 00:20:00,1.0388290587766305,False
2022-05-31 00:30:00,1.0879844707506658,False
2022-05-31 00:40:00,,False
2022-05-31 00:50:00,1.0461455463396578,False
2022-05-31 01:00:00,1.0518009717187318,False
2022-05-31 01:10:00,0.9242240886060707,False
2022-05-31 01:20:00,0.9680356359386766,False
2022-05-31 01:30:00,0.9535390966300346,False
2022-05-31 01:40:00,0.9978314696734767,False
2022-05-31 01:50:00,0.9986658997817478,False
2022-05-31 02:00:00,1.1358017677474128,False
2022-05-31 02:10:00,1.0544631443695809,False
2022-05-31 02:20:00,1.1268979521387796,False
2022-05-31 02:30:00,1.041727127510957,False
2022-05-31 02:40:00,1.0716130300290647,False
2022-05-31 02:50:00,0.7631409436474035,False
2022-05-31 03:00:00,1.0868448484360826,False
2022-05-31 03:10:00,0.9692704490850889,False
2022-05-31 03:20:00,0.8588253445429981,False
2022-05-31 03:30:00,1.0886810938817542,False
2022-05-31 03:40:00,1.1160261749030713,False
2022-05-31 03:50:00,,False
2022-05-31 04:00:00,1.0212960680370655,False
2022-05-31 04:10:00,0.9022022874295897,False
2022-05-31 04:20:00,1.0541309729762136,False
2022-05-31 04:30:00,1.15091191599165,False
2022-05-31 04:40:00,0.7982886509171289,False
2022-05-31 04:50:00,0.9169142736853596,False
2022-05-31 05:00:00,1.0398919687717239,False
2022-05-31 05:10:00,0.8031863045633677,False
2022-05-31 05:20:00,1.0363622371248773,False
2022-05-31 05:30:00,0.9638951909872316,False
2022-05-31 05:40:00,0.8903079166818406,False
2022-05-31 05:50:00,0.9870840362067347,False
2022-05-31 06:00:00,1.100188584082336,False
2022-05-31 06:10:00,1.117394002548468,False
2022-05-31 06:20:00,0.9015619637023307,False
2022-05-31 06:30:00,1.0601599445003693,False
2022-05-31 06:40:00,0.9037666256218464,False
2022-05-31 06:50:00,1.1264828916805403,False
2022-05-31 07:00:00,0.9463356086365733,False
2022-05-31 07:10:00,0.9234252817247884,False
2022-05-31 07:20:00,0.955808962345893,False
2022-05-31 07:30:00,1.0302873470232727,False
2022-05-31 07:40:00,0.9512363534719622,False
2022-05-31 07:50:00,1.0060139311257392,False
2022-05-31 08:00:00,0.97727811823667,False
2022-05-31 08:10:00,1.069020653230217,False
2022-05-31 08:20:00,0.9970451183316912,False
2022-05-31 08:30:00,,False
2022-05-31 08:40:00,0.9536287104279255,False
2022-05-31 08:50:00,0.9929387958879048,False
2022-05-31 09:00:00,0.989607343098795,False
2022-05-31 09:10:00,0.9009760312671701,False
2022-05-31 09:20:00,1.3002038983735242,False
2022-05-31 09:30:00,1.2356422832819112,False
2022-05-31 09:40:00,0.845081274890064,False
2022-05-31 09:50:00,0.9532512717262985,False
2022-05-31 10:00:00,0.9719659614030406,False
2022-05-31 10:10:00,0.9662159804965982,False
2022-05-31 10:20:00,0.86148757063678,False
2022-05-31 10:30:00,1.0046599720386913,False
2022-05-31 10:40:00,0.9761345481554315,False
2022-05-31 10:50:00,1.2219693254335744,False
2022-05-31 11:00:00,0.9833656364000491,False
2022-05-31 11:10:00,0.9989168282977162,False
2022-05-31 11:20:00,0.9410652771764718,False
2022-05-31 11:30:00,1.1376453318162596,False
2022-05-31 11:40:00,0.9805032720519559,False
2022-05-31 11:50:00,0.9834003352855594,False
2022-05-31 12:00:00,1.0214593076793943,False
2022-05-31 12:10:00,0.8084402909461668,False
2022-05-31 12:20:00,0.8740659848372466,False
2022-05-31 12:30:00,0.8850504980039884,False
2022-05-31 12:40:00,1.2364331919370748,False
2022-05-31 12:50:00,0.9608019637760776,False
2022-05-31 13:00:00,0.9202221927659744,False
2022-05-31 13:10:00,0.9503312421272826,False
2022-05-31 13:20:00,0.9573440323849017,False
2022-05-31 13:30:00,0.8189178114235485,False
2022-05-31 13:40:00,1.1072803182977957,False
2022-05-31 13:50:00,0.7903685106222833,False
2022-05-31 14:00:00,1.1637505137914188,False
2022-05-31 14:10:00,1.0213255831623291,False
2022-05-31 14:20:00,0.8678985663859505,False
2022-05-31 14:30:00,1.1196517439343494,False
2022-05-31 14:40:00,0.958945604453959,False
2022-05-31 14:50:00,1.0839455003722434,False
2022-05-31 15:00:00,1.0768800603897264,False
2022-05-31 15:10:00,1.1531240104180749,False
2022-05-31 15:20:00,1.0035999452810311,False
2022-05-31 15:30:00,0.9197009590328662,False
2022-05-31 15:40:00,,False
2022-05-31 15:50:00,1.076985829010376,False
2022-05-31 16:00:00,0.9157020446391004,False
2022-05-31 16:10:00,1.1009420057335169,False
2022-05-31 16:20:00,1.1713106524629362,False
2022-05-31 16:30:00,1.0414491413702727,False
2022-05-31 16:40:00,1.1184269292403617,False
2022-05-31 16:50:00,1.031650396622021,False
2022-05-31 17:00:00,0.9212702941574366,False
2022-05-31 17:10:00,1.0229500933642923,False
2022-05-31 17:20:00,1.0208741802544479,False
2022-05-31 17:30:00,1.1156930209123204,False
2022-05-31 17:40:00,0.9041428998020141,False
2022-05-31 17:50:00,1.0088969851586158,False
2022-05-31 18:00:00,0.9913099777001959,False
2022-05-31 18:10:00,0.9678996467455399,False
2022-05-31 18:20:00,1.056281485290142,False
2022-05-31 18:30:00,0.9681606516271332,False
2022-05-31 18:40:00,1.0794573717709721,False
2022-05-31 18:50:00,1.0079705244283301,False
2022-05-31 19:00:00,0.9465079102107868,False
2022-05-31 19:10:00,0.8692516536205703,False
2022-05-31 19:20:00,0.9003601236335395,False
2022-05-31 19:30:00,0.8225386981113989,False
2022-05-31 19:40:00,1.1281074134920834,False
2022-05-31 19:50:00,0.9589409716149444,False
2022-05-31 20:00:00,0.9933979856265996,False
2022-05-31 20:10:00,0.9570819137349403,False
2022-05-31 20:20:00,1.0918619835284058,False
2022-05-31 20:30:00,,False
2022-05-31 20:40:00,1.0116511189330328,False
2022-05-31 20:50:00,1.0638161225927523,False
2022-05-31 21:00:00,0.9137538914862874,False
2022-05-31 21:10:00,1.1072118378590814,False
2022-05-31 21:20:00,1.1557812151152498,False
2022-05-31 21:30:00,1.0658419863557484,False
2022-05-31 21:40:00,,False
2022-05-31 21:50:00,1.00416855703231,False
2022-05-31 22:00:00,1.0670023659851404,False
2022-05-31 22:10:00,1.3366606236892893,False
2022-05-31 22:20:00,1.0394793881284485,False
2022-05-31 22:30:00,1.0575581485991539,False
2022-05-31 22:40:00,,False
2022-05-31 22:50:00,1.0720087036384391,False
2022-05-31 23:00:00,,False
2022-05-31 23:10:00,1.0619265474087756,False
2022-05-31 23:20:00,1.079063258726364,False
2022-05-31 23:30:00,1.0878563127540095,False
2022-05-31 23:40:00,1.191720764435717,False
2022-05-31 23:50:00,1.0150193587973626,False
2022-06-01 00:00:00,0.9665052273919952,False
2022-06-01 00:10:00,1.0753148702720585,False
2022-06-01 00:20:00,1.0121338675434715,False
2022-06-01 00:30:00,1.1625377233104435,False
2022-06-01 00:40:00,1.1062417974544636,False
2022-06-01 00:50:00,1.0468577796293745,False
2022-06-01 01:00:00,1.1041183844360627,False
2022-06-01 01:10:00,0.9866518085862716,False
2022-06-01 01:20:00,0.951864412201026,False
2022-06-01 01:30:00,0.8771433652840399,False
2022-06-01 01:40:00,0.996574568587623,False
2022-06-01 01:50:00,1.1237370929178825,False
2022-06-01 02:00:00,0.9763840096419932,False
2022-06-01 02:10:00,0.9450971224341287,False
2022-06-01 02:20:00,0.79454290815423,False
2022-06-01 02:30:00,0.9404557084353226,False
2022-06-01 02:40:00,1.0575374192059595,False
2022-06-01 02:50:00,,False
2022-06-01 03:00:00,,False
2022-06-01 03:10:00,1.1113112457596932,False
2022-06-01 03:20:00,1.0108222953591988,False
2022-06-01 03:30:00,0.9715806993720436,False
2022-06-01 03:40:00,1.0377528257173336,False
2022-06-01 03:50:00,0.907850691990821,False
2022-06-01 04:00:00,1.0236979392571055,False
2022-06-01 04:10:00,1.0370436470731645,False
2022-06-01 04:20:00,1.2473624004047947,False
2022-06-01 04:30:00,1.0356174529699809,False
2022-06-01 04:40:00,0.9906311569396269,False
2022-06-01 04:50:00,1.0352515618089906,False
2022-06-01 05:00:00,0.6955104879704674,False
2022-06-01 05:10:00,0.9306084811528716,False
2022-06-01 05:20:00,1.1193726098690675,False
2022-06-01 05:30:00,0.8813244091049264,False
2022-06-01 05:40:00,1.0995422496151417,False
2022-06-01 05:50:00,0.817136432474163,False
2022-06-01 06:00:00,0.8864066451799328,False
2022-06-01 06:10:00,0.8784560325002762,False
2022-06-01 06:20:00,0.9868220266658421,False
2022-06-01 06:30:00,0.926656563320295,False
2022-06-01 06:40:00,0.8223534340375618,False
2022-06-01 06:50:00,0.9077322395304582,False
2022-06-01 07:00:00,1.0233095756634096,False
2022-06-01 07:10:00,1.069930572049766,False
2022-06-01 07:20:00,0.9298694519946902,False
2022-06-01 07:30:00,0.9735010205604964,False
2022-06-01 07:40:00,0.9175818524719193,False
2022-06-01 07:50:00,1.0653637957403934,False
2022-06-01 08:00:00,0.8612545781548848,False
2022-06-01 08:10:00,1.0519514867679323,False
2022-06-01 08:20:00,1.0180619292831525,False
2022-06-01 08:30:00,0.905234105144206,False
2022-06-01 08:40:00,0.8531528751767006,False
2022-06-01 08:50:00,1.0274518971723858,False
2022-06-01 09:00:00,1.1784016204600563,False
2022-06-01 09:10:00,0.9757510853735925,False
2022-06-01 09:20:00,1.025880807799452,False
2022-06-01 09:30:00,,False
2022-06-01 09:40:00,1.0554884961520898,False
2022-06-01 09:50:00,0.9449198534684342,False
2022-06-01 10:00:00,0.8809792734718833,False
2022-06-01 10:10:00,1.1570937724107382,False
2022-06-01 10:20:00,1.0445345457906,False
2022-06-01 10:30:00,,False
2022-06-01 10:40:00,0.9063084721781884,False
2022-06-01 10:50:00,1.17797748394965,False
2022-06-01 11:00:00,0.9061076048961281,False
2022-06-01 11:10:00,1.181421052224823,False
2022-06-01 11:20:00,0.9059685387958224,False
2022-06-01 11:30:00,0.9169721951215888,False
2022-06-01 11:40:00,0.9247829515357312,False
2022-06-01 11:50:00,0.9535502969197599,False
2022-06-01 12:00:00,0.9276001301158234,False
2022-06-01 12:10:00,1.0080429620622569,False
2022-06-01 12:20:00,0.9534745192696022,False
2022-06-01 12:30:00,0.6943669067195894,False
2022-06-01 12:40:00,1.0636981308791436,False
2022-06-01 12:50:00,0.8919712298979501,False
2022-06-01 13:00:00,0.9133094448199336,False
2022-06-01 13:10:00,0.9691581687138947,False
2022-06-01 13:20:00,0.8184905778222734,False
2022-06-01 13:30:00,0.878997912268215,False
2022-06-01 13:40:00,0.9611131132078694,False
2022-06-01 13:50:00,0.9819326232785525,False
2022-06-01 14:00:00,1.033323343782599,False
2022-06-01 14:10:00,0.8883893039193387,False
2022-06-01 14:20:00,0.7357752998964472,False
2022-06-01 14:30:00,0.9345671765204476,False
2022-06-01 14:40:00,,False
2022-06-01 14:50:00,1.0266002917081853,False
2022-06-01 15:00:00,1.05776155567015,False
2022-06-01 15:10:00,0.9082335345633417,False
2022-06-01 15:20:00,1.078659334566281,False
2022-06-01 15:30:00,0.9984877587895816,False
2022-06-01 15:40:00,0.942026297805878,False
2022-06-01 15:50:00,1.0540235644121017,False
2022-06-01 16:00:00,0.8532750988213262,False
2022-06-01 16:10:00,0.9197858119742565,False
2022-06-01 16:20:00,0.9385494149473856,False
2022-06-01 16:30:00,0.943715698192935,False
2022-06-01 16:40:00,1.1868180779778075,False
2022-06-01 16:50:00,0.9912965151104685,False
2022-06-01 17:00:00,1.087606134031509,False
2022-06-01 17:10:00,1.050005545414154,False
2022-06-01 17:20:00,0.9255815601783716,False
2022-06-01 17:30:00,0.9674295136064475,False
2022-06-01 17:40:00,0.96510848466056,False
2022-06-01 17:50:00,0.9402415771488547,False
2022-06-01 18:00:00,1.0351862330801023,False
2022-06-01 18:10:00,0.8997367544788609,False
2022-06-01 18:20:00,1.0880255319035215,False
2022-06-01 18:30:00,,False
2022-06-01 18:40:00,1.197888998182966,False
2022-06-01 18:50:00,0.9137398167035609,False
2022-06-01 19:00:00,0.883351793091937,False
2022-06-01 19:10:00,0.9085844348458543,False
2022-06-01 19:20:00,1.0082259763626216,False
2022-06-01 19:30:00,1.052496338344659,False
2022-06-01 19:40:00,0.9561519324233403,False
2022-06-01 19:50:00,0.9704225767164838,False
2022-06-01 20:00:00,1.047224615027421,False
2022-06-01 20:10:00,0.8209148619929243,False
2022-06-01 20:20:00,0.8379889202899231,False
2022-06-01 20:30:00,1.1436639114490967,False
2022-06-01 20:40:00,0.9908470568519794,False
2022-06-01 20:50:00,1.1213450963392242,False
2022-06-01 21:00:00,1.1529679790130567,False
2022-06-01 21:10:00,1.1332341259729115,False
2022-06-01 21:20:00,0.9481895905434251,False
2022-06-01 21:30:00,1.1087802617260447,False
2022-06-01 21:40:00,1.059713022775877,False
2022-06-01 21:50:00,1.0970578871600372,False
2022-06-01 22:00:00,1.0173470848688064,False
2022-06-01 22:10:00,1.0123020777093712,False
2022-06-01 22:20:00,1.1356144516702442,False
2022-06-01 22:30:00,1.0300470091891079,False
2022-06-01 22:40:00,0.9994693142026101,False
2022-06-01 22:50:00,0.9887095062333873,False
2022-06-01 23:00:00,1.086126773209319,False
2022-06-01 23:10:00,1.0756951507924895,False
2022-06-01 23:20:00,0.9861660873733882,False
2022-06-01 23:30:00,1.1197892500496038,False
2022-06-01 23:40:00,0.9844592925816883,False
2022-06-01 23:50:00,1.1111570337608545,False
2022-06-02 00:00:00,0.8571042927200732,False
2022-06-02 00:10:00,1.167056039758521,False
2022-06-02 00:20:00,1.0517828106568003,False
2022-06-02 00:30:00,0.9325488045883341,False
2022-06-02 00:40:00,0.9717903056671062,False
2022-06-02 00:50:00,,False
2022-06-02 01:00:00,0.9098174050218008,False
2022-06-02 01:10:00,0.9886218796508053,False
2022-06-02 01:20:00,1.0015671125186336,False
2022-06-02 01:30:00,1.0868500292414551,False
2022-06-02 01:40:00,1.093623434992992,False
2022-06-02 01:50:00,1.2500868990877478,False
2022-06-02 02:00:00,0.9895736708975842,False
2022-06-02 02:10:00,0.9480861394804265,False
2022-06-02 02:20:00,,False
2022-06-02 02:30:00,1.0070332281035284,False
2022-06-02 02:40:00,0.8725828559171015,False
2022-06-02 02:50:00,0.9731203370400704,False
2022-06-02 03:00:00,0.800535068245298,False
2022-06-02 03:10:00,1.0855306881127615,False
2022-06-02 03:20:00,1.010355399915904,False
2022-06-02 03:30:00,0.8107900594398164,False
2022-06-02 03:40:00,1.2896043117895848,False
2022-06-02 03:50:00,1.1149953187190529,False
2022-06-02 04:00:00,1.0985041311113504,False
2022-06-02 04:10:00,1.0432296201812201,False
2022-06-02 04:20:00,0.877390749158473,False
2022-06-02 04:30:00,0.988361725594071,False
2022-06-02 04:40:00,0.883080936018956,False
2022-06-02 04:50:00,1.1262600822898596,False
2022-06-02 05:00:00,0.8721407064836608,False
2022-06-02 05:10:00,0.8045169262723564,False
2022-06-02 05:20:00,0.9654275796319272,False
2022-06-02 05:30:00,0.9236983537016703,False
2022-06-02 05:40:00,0.9772955141159838,False
2022-06-02 05:50:00,0.8365521668280751,False
2022-06-02 06:00:00,0.9909846786968944,False
2022-06-02 06:10:00,0.9999635571401454,False
2022-06-02 06:20:00,0.9751066272699329,False
2022-06-02 06:30:00,1.1232830398314455,False
2022-06-02 06:40:00,0.9360569284957744,False
2022-06-02 06:50:00,0.9484416226975041,False
2022-06-02 07:00:00,0.9332797971380288,False
2022-06-02 07:10:00,1.0543247776826663,False
2022-06-02 07:20:00,1.1725509008431345,False
2022-06-02 07:30:00,0.7688163029842713,False
2022-06-02 07:40:00,1.1094936284646808,False
2022-06-02 07:50:00,1.205163979349092,False
2022-06-02 08:00:00,1.1891177842484295,False
2022-06-02 08:10:00,1.034986146374661,False
2022-06-02 08:20:00,0.9563744448261815,False
2022-06-02 08:30:00,0.9210652514576543,False
2022-06-02 08:40:00,,False
2022-06-02 08:50:00,0.926230512920454,False
2022-06-02 09:00:00,1.014607785141704,False
2022-06-02 09:10:00,1.0292969538367331,False
2022-06-02 09:20:00,1.0938277926266062,False
2022-06-02 09:30:00,1.0830290218772232,False
2022-06-02 09:40:00,1.0475125312224598,False
2022-06-02 09:50:00,0.8916367300743075,False
2022-06-02 10:00:00,1.0990931780390358,False
2022-06-02 10:10:00,0.9394571688435653,False
2022-06-02 10:20:00,1.0251322088830959,False
2022-06-02 10:30:00,0.9154246885878519,False
2022-06-02 10:40:00,1.002971827067101,False
2022-06-02 10:50:00,1.0092676847314885,False
2022-06-02 11:00:00,1.0221526631273452,False
2022-06-02 11:10:00,0.9527002795550138,False
2022-06-02 11:20:00,1.1761021393247928,False
2022-06-02 11:30:00,1.0525980602030736,False
2022-06-02 11:40:00,1.1065299605483156,False
2022-06-02 11:50:00,1.0109133958634084,False
2022-06-02 12:00:00,1.203714426654946,False
2022-06-02 12:10:00,0.9863630581881204,False
2022-06-02 12:20:00,1.1167936451263598,False
2022-06-02 12:30:00,1.014508637866386,False
2022-06-02 12:40:00,1.1296126643236992,False
2022-06-02 12:50:00,1.1708087603811925,False
2022-06-02 13:00:00,1.0083642513592768,False
2022-06-02 13:10:00,0.9758183081941448,False
2022-06-02 13:20:00,0.8787577893028232,False
2022-06-02 13:30:00,0.8324024124007088,False
2022-06-02 13:40:00,0.9879203714391023,False
2022-06-02 13:50:00,0.9318112265889832,False
2022-06-02 14:00:00,0.8590945821717274,False
2022-06-02 14:10:00,1.0275874811083052,False
2022-06-02 14:20:00,1.0033914107320914,False
2022-06-02 14:30:00,0.9101048896031044,False
2022-06-02 14:40:00,0.8476383307638538,False
2022-06-02 14:50:00,0.9445152544268363,False
2022-06-02 15:00:00,0.8170779606068354,False
2022-06-02 15:10:00,0.8920655157720677,False
2022-06-02 15:20:00,0.9367661277063012,False
2022-06-02 15:30:00,1.0062852832313407,False
2022-06-02 15:40:00,1.0711778660811584,False
2022-06-02 15:50:00,1.059901550333411,False
2022-06-02 16:00:00,0.9014995833537548,False
2022-06-02 16:10:00,0.9690669540015355,False
2022-06-02 16:20:00,1.2390768528973086,False
2022-06-02 16:30:00,1.0526145711316206,False
2022-06-02 16:40:00,0.7833483149465972,False
2022-06-02 16:50:00,0.8312699481438846,False
2022-06-02 17:00:00,0.9524066607824297,False
2022-06-02 17:10:00,,False
2022-06-02 17:20:00,0.8820055489372358,False
2022-06-02 17:30:00,0.8051049976782101,False
2022-06-02 17:40:00,1.0132554701303769,False
2022-06-02 17:50:00,1.0399942921042375,False
2022-06-02 18:00:00,0.7554999724476275,False
2022-06-02 18:10:00,1.055285778369881,False
2022-06-02 18:20:00,1.0370040368135598,False
2022-06-02 18:30:00,0.8307683170946302,False
2022-06-02 18:40:00,0.9642928012748578,False
2022-06-02 18:50:00,1.2139934170582185,False
2022-06-02 19:00:00,0.9805285858191559,False
2022-06-02 19:10:00,1.1126465277882964,False
2022-06-02 19:20:00,1.0493445855039345,False
2022-06-02 19:30:00,0.9473344351726121,False
2022-06-02 19:40:00,0.8130576262221093,False
2022-06-02 19:50:00,0.9817184164318672,False
2022-06-02 20:00:00,0.9042074982366466,False
2022-06-02 20:10:00,1.015654066028436,False
2022-06-02 20:20:00,0.9026899927057389,False
2022-06-02 20:30:00,1.309124842798437,False
2022-06-02 20:40:00,0.9180854401419498,False
2022-06-02 20:50:00,,False
2022-06-02 21:00:00,1.0417286819065772,False
2022-06-02 21:10:00,1.177485982072637,False
2022-06-02 21:20:00,0.9729210337197577,False
2022-06-02 21:30:00,1.1076088275163136,False
2022-06-02 21:40:00,1.1216117310081335,False
2022-06-02 21:50:00,,False
2022-06-02 22:00:00,0.9693541682174885,False
2022-06-02 22:10:00,1.1079851543370682,False
2022-06-02 22:20:00,0.9428719947220683,False
2022-06-02 22:30:00,1.0056837640770853,False
2022-06-02 22:40:00,0.857682953934045,False
2022-06-02 22:50:00,1.0141511965573522,False
2022-06-02 23:00:00,1.1328204100483885,False
2022-06-02 23:10:00,0.977237236636003,False
2022-06-02 23:20:00,0.9494417110794418,False
2022-06-02 23:30:00,1.0883514874164064,False
2022-06-02 23:40:00,1.1730501415683754,False
2022-06-02 23:50:00,0.9404148239867354,False
2022-06-03 00:00:00,1.0395214525251157,False
2022-06-03 00:10:00,0.7615982746884734,False
2022-06-03 00:20:00,0.946962271278744,False
2022-06-03 00:30:00,1.1426458200061849,False
2022-06-03 00:40:00,0.9288861542138805,False
2022-06-03 00:50:00,0.9395738308238313,False
2022-06-03 01:00:00,1.0602786567708387,False
2022-06-03 01:10:00,0.925312728100464,False
2022-06-03 01:20:00,1.0136218037658011,False
2022-06-03 01:30:00,0.9190777802659624,False
2022-06-03 01:40:00,0.9307701621494151,False
2022-06-03 01:50:00,0.9045049894276205,False
2022-06-03 02:00:00,1.0134497415369452,False
2022-06-03 02:10:00,1.1925492248758842,False
2022-06-03 02:20:00,0.9578188415446467,False
2022-06-03 02:30:00,0.9476861072088071,False
2022-06-03 02:40:00,0.8235479567766617,False
2022-06-03 02:50:00,0.9792870296657173,False
2022-06-03 03:00:00,1.0868598847099056,False
2022-06-03 03:10:00,1.029016657796353,False
2022-06-03 03:20:00,0.9213734111892549,False
2022-06-03 03:30:00,1.0095864255052247,False
2022-06-03 03:40:00,1.0809397596923742,False
2022-06-03 03:50:00,1.104949274732988,False
2022-06-03 04:00:00,0.897594317237187,False
2022-06-03 04:10:00,1.0395185900485144,False
2022-06-03 04:20:00,0.9772473691857076,False
2022-06-03 04:30:00,1.0435014067589061,False
2022-06-03 04:40:00,0.8698174717073582,False
2022-06-03 04:50:00,1.0480848878021451,False
2022-06-03 05:00:00,0.9035496168677867,False
2022-06-03 05:10:00,1.0671846066109207,False
2022-06-03 05:20:00,1.133072190486422,False
2022-06-03 05:30:00,1.0383535267165709,False
2022-06-03 05:40:00,0.9950932500028704,False
2022-06-03 05:50:00,1.059326083433704,False
2022-06-03 06:00:00,0.9762641337893488,False
2022-06-03 06:10:00,1.234561224327276,False
2022-06-03 06:20:00,,False
2022-06-03 06:30:00,0.9588152177599443,False
2022-06-03 06:40:00,0.795138041206604,False
2022-06-03 06:50:00,0.9142670660070296,False
2022-06-03 07:00:00,,False
2022-06-03 07:10:00,1.0103646532774488,False
2022-06-03 07:20:00,0.9224653918683047,False
2022-06-03 07:30:00,0.9972722639222766,False
2022-06-03 07:40:00,1.0647390669348915,False
2022-06-03 07:50:00,0.9755806469444002,False
2022-06-03 08:00:00,0.9434338487144281,False
2022-06-03 08:10:00,0.9787586175098797,False
2022-06-03 08:20:00,0.8046556626318835,False
2022-06-03 08:30:00,0.9867113593196598,False
2022-06-03 08:40:00,0.8265359987209439,False
2022-06-03 08:50:00,1.0473332458019557,False
2022-06-03 09:00:00,0.9636714897744955,False
2022-06-03 09:10:00,1.045506257322241,False
2022-06-03 09:20:00,0.9582915253136243,False
2022-06-03 09:30:00,0.8888656152574388,False
2022-06-03 09:40:00,0.9420546205422206,False
2022-06-03 09:50:00,1.1375879050163913,False
2022-06-03 10:00:00,1.0626844475007056,False
2022-06-03 10:10:00,0.9931973517748398,False
2022-06-03 10:20:00,0.8999233683137475,False
2022-06-03 10:30:00,0.8641695414607761,False
2022-06-03 10:40:00,0.9597687813684717,False
2022-06-03 10:50:00,0.9562686322514661,False
2022-06-03 11:00:00,1.0741057251624566,False
2022-06-03 11:10:00,1.0576048484327893,False
2022-06-03 11:20:00,1.1711073907717529,False
2022-06-03 11:30:00,1.01826212643368,False
2022-06-03 11:40:00,1.0635930813338492,False
2022-06-03 11:50:00,0.9558962280573265,False
2022-06-03 12:00:00,0.9085251684654809,False
2022-06-03 12:10:00,0.8907814973824825,False
2022-06-03 12:20:00,0.8744873859709709,False
2022-06-03 12:30:00,0.934352857307954,False
2022-06-03 12:40:00,0.7969895084800297,False
2022-06-03 12:50:00,0.8780588512181624,False
2022-06-03 13:00:00,1.1230756871307026,False
2022-06-03 13:10:00,0.9609548794201433,False
2022-06-03 13:20:00,1.075486873779866,False
2022-06-03 13:30:00,0.7682851571784741,False
2022-06-03 13:40:00,0.9056338331336478,False
2022-06-03 13:50:00,0.9802410837786074,False
2022-06-03 14:00:00,0.9987074215027819,False
2022-06-03 14:10:00,0.840123876125807,False
2022-06-03 14:20:00,0.9595255341627507,False
2022-06-03 14:30:00,1.2267465470648444,False
2022-06-03 14:40:00,0.9475172211719904,False
2022-06-03 14:50:00,0.9184533980450347,False
2022-06-03 15:00:00,1.00118231047052,False
2022-06-03 15:10:00,0.8901711769839622,False
2022-06-03 15:20:00,0.9359494813938926,False
2022-06-03 15:30:00,0.9105496181556922,False
2022-06-03 15:40:00,0.9053178850079731,False
2022-06-03 15:50:00,0.853901151916789,False
2022-06-03 16:00:00,0.969472391628931,False
2022-06-03 16:10:00,1.0144512595365367,False
2022-06-03 16:20:00,1.1257409007763859,False
2022-06-03 16:30:00,0.9631086457375873,False
2022-06-03 16:40:00,1.1309686960829735,False
2022-06-03 16:50:00,0.7641114672635525,False
2022-06-03 17:00:00,0.9025229607817852,False
2022-06-03 17:10:00,0.9209382950851946,False
2022-06-03 17:20:00,1.1544189629723403,False
2022-06-03 17:30:00,0.9114549378774618,False
2022-06-03 17:40:00,0.9730432763560148,False
2022-06-03 17:50:00,0.9916747971759845,False
2022-06-03 18:00:00,1.1009700213204907,False
2022-06-03 18:10:00,1.025114293697451,False
2022-06-03 18:20:00,1.0146639829044877,False
2022-06-03 18:30:00,1.0211307275477406,False
2022-06-03 18:40:00,0.9908251170432609,False
2022-06-03 18:50:00,1.017967304956997,False
2022-06-03 19:00:00,1.1401504956126398,False
2022-06-03 19:10:00,1.0275292539471266,False
2022-06-03 19:20:00,0.9955666152393731,False
2022-06-03 19:30:00,1.016370992884559,False
2022-06-03 19:40:00,1.041122871087683,False
2022-06-03 19:50:00,0.9849752619055866,False
2022-06-03 20:00:00,,False
2022-06-03 20:10:00,0.9676178920750956,False
2022-06-03 20:20:00,0.81581397989766,False
2022-06-03 20:30:00,1.048837105178285,False
2022-06-03 20:40:00,1.0225430623600436,False
2022-06-03 20:50:00,1.2274993094234912,False
2022-06-03 21:00:00,1.0606541326069159,False
2022-06-03 21:10:00,0.9727743327701367,False
2022-06-03 21:20:00,0.8832050028764689,False
2022-06-03 21:30:00,,False
2022-06-03 21:40:00,1.0579788449947154,False
2022-06-03 21:50:00,1.0309372421333873,False
2022-06-03 22:00:00,1.0687459697191823,False
2022-06-03 22:10:00,1.0694080614725634,False
2022-06-03 22:20:00,1.0467017679732729,False
2022-06-03 22:30:00,0.9822223904486114,False
2022-06-03 22:40:00,1.0281439040010283,False
2022-06-03 22:50:00,1.0014298457375772,False
2022-06-03 23:00:00,1.0451648033039165,False
2022-06-03 23:10:00,1.1001525625742508,False
2022-06-03 23:20:00,1.095406992975982,False
2022-06-03 23:30:00,1.1024894125564884,False
2022-06-03 23:40:00,0.9318537168920215,False
2022-06-03 23:50:00,0.8577236718138208,False
2022-06-04 00:00:00,1.2232457920481126,False
2022-06-04 00:10:00,1.0741157752199229,False
2022-06-04 00:20:00,0.9781526909380123,False
2022-06-04 00:30:00,1.0068021853967584,False
2022-06-04 00:40:00,0.9674089972662854,False
2022-06-04 00:50:00,0.9296935788645956,False
2022-06-04 01:00:00,0.9836664022139575,False
2022-06-04 01:10:00,1.102923410759236,False
2022-06-04 01:20:00,0.9373234583820059,False
2022-06-04 01:30:00,0.8913343925833057,False
2022-06-04 01:40:00,,False
2022-06-04 01:50:00,0.9038182316451795,False
2022-06-04 02:00:00,1.0199585378087381,False
2022-06-04 02:10:00,1.027324017222913,False
2022-06-04 02:20:00,1.0202646614353663,False
2022-06-04 02:30:00,0.9994465810251064,False
2022-06-04 02:40:00,,False
2022-06-04 02:50:00,0.9732000063749496,False
2022-06-04 03:00:00,1.005194226364164,False
2022-06-04 03:10:00,1.1802816049942144,False
2022-06-04 03:20:00,1.0029001587111774,False
2022-06-04 03:30:00,1.0125674032036536,False
2022-06-04 03:40:00,0.8954924313636581,False
2022-06-04 03:50:00,0.9681665693093325,False
2022-06-04 04:00:00,,False
2022-06-04 04:10:00,0.9432637032701532,False
2022-06-04 04:20:00,1.2146881690739884,False
2022-06-04 04:30:00,1.1141037430489023,False
2022-06-04 04:40:00,1.0622235124696406,False
2022-06-04 04:50:00,0.9008453959688889,False
2022-06-04 05:00:00,,False
2022-06-04 05:10:00,1.0539850857521096,False
2022-06-04 05:20:00,0.8815051217334621,False
2022-06-04 05:30:00,1.0819214275931326,False
2022-06-04 05:40:00,,False
2022-06-04 05:50:00,,False
2022-06-04 06:00:00,1.06135255525614,False
2022-06-04 06:10:00,0.8326261898258492,False
2022-06-04 06:20:00,1.0512379369782499,False
2022-06-04 06:30:00,0.9454087329229106,False
2022-06-04 06:40:00,1.046180241424076,False
2022-06-04 06:50:00,,False
2022-06-04 07:00:00,1.051940611279335,False
2022-06-04 07:10:00,0.7770983048338552,False
2022-06-04 07:20:00,0.9887775906047104,False
2022-06-04 07:30:00,1.0601417254619585,False
2022-06-04 07:40:00,1.0508429159089594,False
2022-06-04 07:50:00,1.210202057405375,False
2022-06-04 08:00:00,0.9933437898637201,False
2022-06-04 08:10:00,1.0017336586208976,False
2022-06-04 08:20:00,1.074322358414262,False
2022-06-04 08:30:00,1.1135710286986573,False
2022-06-04 08:40:00,1.1008672239484918,False
2022-06-04 08:50:00,1.057807901062897,False
2022-06-04 09:00:00,0.9275386880432115,False
2022-06-04 09:10:00,0.9865098033449669,False
2022-06-04 09:20:00,0.9376297847473295,False
2022-06-04 09:30:00,1.0089341727114145,False
2022-06-04 09:40:00,0.9212936834954378,False
2022-06-04 09:50:00,1.0031428480220128,False
2022-06-04 10:00:00,0.7808236093590486,False
2022-06-04 10:10:00,1.1392582616053952,False
2022-06-04 10:20:00,1.0107591785868835,False
2022-06-04 10:30:00,1.1426996618825693,False
2022-06-04 10:40:00,1.2550112272482516,False
2022-06-04 10:50:00,1.0030751432036227,False
2022-06-04 11:00:00,1.06962919112899,False
2022-06-04 11:10:00,0.958867568010785,False
2022-06-04 11:20:00,0.9813438616518056,False
2022-06-04 11:30:00,0.8646046160996813,False
2022-06-04 11:40:00,0.9610716317361552,False
2022-06-04 11:50:00,0.9554724392551923,False
2022-06-04 12:00:00,0.9956733559744287,False
2022-06-04 12:10:00,1.025121350889502,False
2022-06-04 12:20:00,1.0897325821882609,False
2022-06-04 12:30:00,,False
2022-06-04 12:40:00,0.9234978383024852,False
2022-06-04 12:50:00,0.8740425094487045,False
2022-06-04 13:00:00,1.1170297859965865,False
2022-06-04 13:10:00,1.0189875042213248,False
2022-06-04 13:20:00,0.9861098646396167,False
2022-06-04 13:30:00,1.1494292221997122,False
2022-06-04 13:40:00,1.1188797374903268,False
2022-06-04 13:50:00,0.9558219787483458,False
2022-06-04 14:00:00,0.9423818322363001,False
2022-06-04 14:10:00,0.8743798435780108,False
2022-06-04 14:20:00,0.9719046200076422,False
2022-06-04 14:30:00,0.9630581387824579,False
2022-06-04 14:40:00,1.0217630625087957,False
2022-06-04 14:50:00,1.0375452360660806,False
2022-06-04 15:00:00,0.9784008589837339,False
2022-06-04 15:10:00,0.9289339921818076,False
2022-06-04 15:20:00,,False
2022-06-04 15:30:00,1.0521204102594142,False
2022-06-04 15:40:00,1.1728994496781424,False
2022-06-04 15:50:00,0.8577197444664324,False
2022-06-04 16:00:00,0.9797761665131071,False
2022-06-04 16:10:00,0.983451213112066,False
2022-06-04 16:20:00,1.0431718552424576,False
2022-06-04 16:30:00,0.8567882028059569,False
2022-06-04 16:40:00,1.0478411484229357,False
2022-06-04 16:50:00,0.8920574245519788,False
2022-06-04 17:00:00,0.9680027915658321,False
2022-06-04 17:10:00,1.035231970476569,False
2022-06-04 17:20:00,1.0228049105470152,False
2022-06-04 17:30:00,,False
2022-06-04 17:40:00,1.0968368540011084,False
2022-06-04 17:50:00,1.0715622651072096,False
2022-06-04 18:00:00,1.0841150614581,False
2022-06-04 18:10:00,0.9192513787949698,False
2022-06-04 18:20:00,,False
2022-06-04 18:30:00,0.9108267834041942,False
2022-06-04 18:40:00,0.9932961737844103,False
2022-06-04 18:50:00,1.0544266178111232,False
2022-06-04 19:00:00,0.9399384539418043,False
2022-06-04 19:10:00,1.1091732070427824,False
2022-06-04 19:20:00,0.9187493269748545,False
2022-06-04 19:30:00,1.0255180534221573,False
2022-06-04 19:40:00,,False
2022-06-04 19:50:00,1.0038162107976145,False
2022-06-04 20:00:00,0.9588932339376672,False
2022-06-04 20:10:00,,False
2022-06-04 20:20:00,0.9023947444475764,False
2022-06-04 20:30:00,1.152347585652222,False
2022-06-04 20:40:00,1.0650829688050876,False
2022-06-04 20:50:00,1.1423530450186936,False
2022-06-04 21:00:00,1.047734771804371,False
2022-06-04 21:10:00,1.0278566075146536,False
2022-06-04 21:20:00,1.0718481153841901,False
2022-06-04 21:30:00,1.0567151938504153,False
2022-06-04 21:40:00,,False
2022-06-04 21:50:00,0.9771468938961831,False
2022-06-04 22:00:00,1.0351789003050176,False
2022-06-04 22:10:00,1.1488225107068777,False
2022-06-04 22:20:00,1.0296268452476278,False
2022-06-04 22:30:00,0.9658994326117233,False
2022-06-04 22:40:00,1.039218834823133,False
2022-06-04 22:50:00,1.1054453216076725,False
2022-06-04 23:00:00,0.9446971203115923,False
2022-06-04 23:10:00,0.9937104010053087,False
2022-06-04 23:20:00,1.0390250817410667,False
2022-06-04 23:30:00,1.0454335898522888,False
2022-06-04 23:40:00,0.9650286873175138,False
2022-06-04 23:50:00,1.1708927313407387,False
2022-06-05 00:00:00,1.063104502849786,False
2022-06-05 00:10:00,1.0591239040268996,False
2022-06-05 00:20:00,1.0348508027421002,False
2022-06-05 00:30:00,1.0123011474342856,False
2022-06-05 00:40:00,0.9143985706909303,False
2022-06-05 00:50:00,1.0011846465459702,False
2022-06-05 01:00:00,0.9984549609856553,False
2022-06-05 01:10:00,0.9981657177841106,False
2022-06-05 01:20:00,1.0304098555644634,False
2022-06-05 01:30:00,0.9023444561514462,False
2022-06-05 01:40:00,0.9991384733416594,False
2022-06-05 01:50:00,0.9819697026194515,False
2022-06-05 02:00:00,1.0288459714654834,False
2022-06-05 02:10:00,0.8430012189540121,False
2022-06-05 02:20:00,1.0478511519150497,False
2022-06-05 02:30:00,0.8764017058772645,False
2022-06-05 02:40:00,0.9137406826367857,False
2022-06-05 02:50:00,0.9440230699326834,False
2022-06-05 03:00:00,0.9768239378407092,False
2022-06-05 03:10:00,1.0702187532996952,False
2022-06-05 03:20:00,1.1499411276821359,False
2022-06-05 03:30:00,0.9082168682895462,False
2022-06-05 03:40:00,1.1127262034353906,False
2022-06-05 03:50:00,1.0736262243919297,False
2022-06-05 04:00:00,0.9497832551233093,False
2022-06-05 04:10:00,1.0483395006200042,False
2022-06-05 04:20:00,0.9989383090200064,False
2022-06-05 04:30:00,0.9611565612307706,False
2022-06-05 04:40:00,0.9554202415351112,False
2022-06-05 04:50:00,1.154382355053805,False
2022-06-05 05:00:00,0.8274771667797212,False
2022-06-05 05:10:00,1.019558145097491,False
2022-06-05 05:20:00,0.9538014034726638,False
2022-06-05 05:30:00,0.8415762865958697,False
2022-06-05 05:40:00,0.9231219205495267,False
2022-06-05 05:50:00,0.9232551201999405,False
2022-06-05 06:00:00,1.0226961389405342,False
2022-06-05 06:10:00,,False
2022-06-05 06:20:00,0.9259918641686643,False
2022-06-05 06:30:00,1.0181970063886074,False
2022-06-05 06:40:00,1.1016078420654054,False
2022-06-05 06:50:00,1.1078647942223088,False
2022-06-05 07:00:00,1.0674009864281224,False
2022-06-05 07:10:00,1.0778173180073032,False
2022-06-05 07:20:00,1.0189629393179442,False
2022-06-05 07:30:00,1.0431921527548011,False
2022-06-05 07:40:00,0.8168594565117501,False
2022-06-05 07:50:00,0.904461259255374,False
2022-06-05 08:00:00,0.8863067825204688,False
2022-06-05 08:10:00,1.141223993637951,False
2022-06-05 08:20:00,0.8341070655228611,False
2022-06-05 08:30:00,0.9915133719291581,False
2022-06-05 08:40:00,,False
2022-06-05 08:50:00,1.058344259352351,False
2022-06-05 09:00:00,0.9954218010209177,False
2022-06-05 09:10:00,0.9829459583105862,False
2022-06-05 09:20:00,0.8915668601698296,False
2022-06-05 09:30:00,0.917138101946918,False
2022-06-05 09:40:00,1.0268040906501006,False
2022-06-05 09:50:00,0.9931028595035093,False
2022-06-05 10:00:00,1.016451875512762,False
2022-06-05 10:10:00,0.9180500764636131,False
2022-06-05 10:20:00,1.069583072377691,False
2022-06-05 10:30:00,,False
2022-06-05 10:40:00,0.9029407286320565,False
2022-06-05 10:50:00,1.261464957697366,False
2022-06-05 11:00:00,0.9879716267772998,False
2022-06-05 11:10:00,1.1261583747044397,False
2022-06-05 11:20:00,,False
2022-06-05 11:30:00,1.1431293590914777,False
2022-06-05 11:40:00,0.9196481263752357,False
2022-06-05 11:50:00,1.0245902635328585,False
2022-06-05 12:00:00,0.9473221065399692,False
2022-06-05 12:10:00,1.0145219611138148,False
2022-06-05 12:20:00,0.8447348399788335,False
2022-06-05 12:30:00,,False
2022-06-05 12:40:00,1.0408204281296642,False
2022-06-05 12:50:00,0.9330275368196165,False
2022-06-05 13:00:00,1.1037901560265477,False
2022-06-05 13:10:00,0.7928549106826935,False
2022-06-05 13:20:00,1.1253065790318364,False
2022-06-05 13:30:00,0.9018955908111442,False
2022-06-05 13:40:00,1.0358682466241764,False
2022-06-05 13:50:00,0.9589450666142912,False
2022-06-05 14:00:00,0.9985303446817266,False
2022-06-05 14:10:00,1.0310523007913215,False
2022-06-05 14:20:00,1.0110843222309072,False
2022-06-05 14:30:00,1.0569372643274677,False
2022-06-05 14:40:00,0.9974980625859212,False
2022-06-05 14:50:00,1.0031449252656637,False
2022-06-05 15:00:00,1.1589696246153887,False
2022-06-05 15:10:00,1.1461960621471616,False
2022-06-05 15:20:00,0.9225894231944695,False
2022-06-05 15:30:00,1.0695590706965177,False
2022-06-05 15:40:00,1.1991980453575162,False
2022-06-05 15:50:00,0.7860473908374005,False
2022-06-05 16:00:00,1.0755504145988652,False
2022-06-05 16:10:00,0.9514343688700433,False
2022-06-05 16:20:00,0.9696029103527501,False
2022-06-05 16:30:00,1.1959926178362286,False
2022-06-05 16:40:00,0.7752552966138383,False
2022-06-05 16:50:00,1.107543802868556,False
2022-06-05 17:00:00,0.9111956755022252,False
2022-06-05 17:10:00,1.15440993776708,False
2022-06-05 17:20:00,0.9019504827466402,False
2022-06-05 17:30:00,1.0339152816235422,False
2022-06-05 17:40:00,1.1508230443878587,False
2022-06-05 17:50:00,1.0481573450912598,False
2022-06-05 18:00:00,0.8894559660351907,False
2022-06-05 18:10:00,1.1900835759051198,False
2022-06-05 18:20:00,0.9754632227476101,False
2022-06-05 18:30:00,1.0009966481574173,False
2022-06-05 18:40:00,0.8206174584524653,False
2022-06-05 18:50:00,0.8306048543702859,False
2022-06-05 19:00:00,0.836188514628654,False
2022-06-05 19:10:00,1.0501088087951393,False
2022-06-05 19:20:00,0.9611239784770356,False
2022-06-05 19:30:00,0.8824449547369786,False
2022-06-05 19:40:00,1.0981668487845706,False
2022-06-05 19:50:00,1.0056588231863037,False
2022-06-05 20:00:00,0.9981472869436887,False
2022-06-05 20:10:00,1.0651433031121549,False
2022-06-05 20:20:00,1.0301883231326865,False
2022-06-05 20:30:00,1.0168906827109492,False
2022-06-05 20:40:00,1.0330888400797338,False
2022-06-05 20:50:00,1.0298910308982308,False
2022-06-05 21:00:00,0.9790065894168668,False
2022-06-05 21:10:00,1.1790482221036749,False
2022-06-05 21:20:00,1.2804575533482434,False
2022-06-05 21:30:00,0.9835482503462052,False
2022-06-05 21:40:00,0.9041448848574807,False
2022-06-05 21:50:00,0.9293422525476261,False
2022-06-05 22:00:00,1.0755855699311785,False
2022-06-05 22:10:00,0.9733578714082631,False
2022-06-05 22:20:00,0.874144084402195,False
2022-06-05 22:30:00,1.1658169802667404,False
2022-06-05 22:40:00,0.9591939557194565,False
2022-06-05 22:50:00,0.9961415687071841,False
2022-06-05 23:00:00,0.8971203173017736,False
2022-06-05 23:10:00,0.9441029155384899,False
2022-06-05 23:20:00,1.1574392843886903,False
2022-06-05 23:30:00,1.0696078644912128,False
2022-06-05 23:40:00,0.758891156763059,False
2022-06-05 23:50:00,1.0353332233299204,False
2022-06-06 00:00:00,1.1540160199406033,False
2022-06-06 00:10:00,1.0736970510882669,False
2022-06-06 00:20:00,0.9679514275963798,False
2022-06-06 00:30:00,1.0639742745833707,False
2022-06-06 00:40:00,0.8969921946374614,False
2022-06-06 00:50:00,1.1512110756766247,False
2022-06-06 01:00:00,1.069630645069532,False
2022-06-06 01:10:00,0.9431075697444892,False
2022-06-06 01:20:00,0.9911109953246119,False
2022-06-06 01:30:00,1.0495793965000082,False
2022-06-06 01:40:00,1.0778978350426813,False
2022-06-06 01:50:00,,False
2022-06-06 02:00:00,1.072991296645676,False
2022-06-06 02:10:00,0.9579221805934341,False
2022-06-06 02:20:00,1.1265714393220654,False
2022-06-06 02:30:00,1.0156801070828383,False
2022-06-06 02:40:00,0.874603486294538,False
2022-06-06 02:50:00,0.8958807392937707,False
2022-06-06 03:00:00,1.155877303160437,False
2022-06-06 03:10:00,0.8103908518750051,False
2022-06-06 03:20:00,1.0853932258139785,False
2022-06-06 03:30:00,0.9724118341636858,False
2022-06-06 03:40:00,1.083762631357288,False
2022-06-06 03:50:00,1.1216000422048598,False
2022-06-06 04:00:00,0.9186827532627486,False
2022-06-06 04:10:00,1.0993145340258044,False
2022-06-06 04:20:00,1.100161853858973,False
2022-06-06 04:30:00,0.9556292226493722,False
2022-06-06 04:40:00,1.0074641859216833,False
2022-06-06 04:50:00,1.1270113728361442,False
2022-06-06 05:00:00,1.169107599828033,False
2022-06-06 05:10:00,0.9122520255060728,False
2022-06-06 05:20:00,0.9766801661554397,False
2022-06-06 05:30:00,0.8933939866513244,False
2022-06-06 05:40:00,0.9682279128787322,False
2022-06-06 05:50:00,1.1032677294022428,False
2022-06-06 06:00:00,0.9753636123438312,False
2022-06-06 06:10:00,0.8978847500032225,False
2022-06-06 06:20:00,1.0219182395211637,False
2022-06-06 06:30:00,0.9635201493193601,False
2022-06-06 06:40:00,1.1522943976642688,False
2022-06-06 06:50:00,0.8373718836534045,False
2022-06-06 07:00:00,1.0038284996297833,False
2022-06-06 07:10:00,1.0936622847823807,False
2022-06-06 07:20:00,0.9046732587857478,False
2022-06-06 07:30:00,0.9078955373946604,False
2022-06-06 07:40:00,1.1317880199882588,False
2022-06-06 07:50:00,0.907647679239759,False
2022-06-06 08:00:00,1.100141634153678,False
2022-06-06 08:10:00,0.9576068873535668,False
2022-06-06 08:20:00,0.937431423525136,False
2022-06-06 08:30:00,1.0100212290235149,False
2022-06-06 08:40:00,0.9454037567045555,False
2022-06-06 08:50:00,1.1929649979804933,False
2022-06-06 09:00:00,0.8544470574584504,False
2022-06-06 09:10:00,0.9989671494992328,False
2022-06-06 09:20:00,0.8669640862996607,False
2022-06-06 09:30:00,1.195586394282289,False
2022-06-06 09:40:00,0.9577712771485312,False
2022-06-06 09:50:00,1.13878401007092,False
2022-06-06 10:00:00,0.9586700060087389,False
2022-06-06 10:10:00,0.9562911480589289,False
2022-06-06 10:20:00,1.0501021903244154,False
2022-06-06 10:30:00,1.0158470408208693,False
2022-06-06 10:40:00,1.1015236586528538,False
2022-06-06 10:50:00,0.865583610324578,False
2022-06-06 11:00:00,,False
2022-06-06 11:10:00,1.0140681069140036,False
2022-06-06 11:20:00,1.0251659027332733,False
2022-06-06 11:30:00,0.9912301321973273,False
2022-06-06 11:40:00,0.8672230185014632,False
2022-06-06 11:50:00,1.0163557082830375,False
2022-06-06 12:00:00,0.9882860542547242,False
2022-06-06 12:10:00,,False
2022-06-06 12:20:00,1.0734827612382838,False
2022-06-06 12:30:00,1.078742606899271,False
2022-06-06 12:40:00,1.0992267333625518,False
2022-06-06 12:50:00,1.0278545105885508,False
2022-06-06 13:00:00,1.0537638300345353,False
2022-06-06 13:10:00,1.0180512782248972,False
2022-06-06 13:20:00,0.8228159279755576,False
2022-06-06 13:30:00,0.9874306641422758,False
2022-06-06 13:40:00,0.9150912646305949,False
2022-06-06 13:50:00,0.9649055594285616,False
2022-06-06 14:00:00,1.0432001183036732,False
2022-06-06 14:10:00,0.8428577853466069,False
2022-06-06 14:20:00,1.0998563911987123,False
2022-06-06 14:30:00,0.8290824152258083,False
2022-06-06 14:40:00,0.9940545942016263,False
2022-06-06 14:50:00,0.8916981196907081,False
2022-06-06 15:00:00,0.9198112400005689,False
2022-06-06 15:10:00,0.991343378364808,False
2022-06-06 15:20:00,1.0130023509213828,False
2022-06-06 15:30:00,0.9748911492931794,False
2022-06-06 15:40:00,,False
2022-06-06 15:50:00,0.9112436459095918,False
2022-06-06 16:00:00,0.842618937143162,False
2022-06-06 16:10:00,1.0538067030798506,False
2022-06-06 16:20:00,1.0910753335668781,False
2022-06-06 16:30:00,1.0600497932591848,False
2022-06-06 16:40:00,1.1218123871488612,False
2022-06-06 16:50:00,1.0379098173714758,False
2022-06-06 17:00:00,1.0283727812834398,False
2022-06-06 17:10:00,1.0184285780768187,False
2022-06-06 17:20:00,0.8715793993907134,False
2022-06-06 17:30:00,1.025199924347091,False
2022-06-06 17:40:00,0.9410977517750893,False
2022-06-06 17:50:00,1.0935182258272593,False
2022-06-06 18:00:00,1.1028360822434606,False
2022-06-06 18:10:00,0.9712898260342289,False
2022-06-06 18:20:00,1.0906633502524503,False
2022-06-06 18:30:00,1.0736710133581295,False
2022-06-06 18:40:00,1.0073564007394535,False
2022-06-06 18:50:00,1.060450134624811,False
2022-06-06 19:00:00,1.0968478604693699,False
2022-06-06 19:10:00,0.8407016991523841,False
2022-06-06 19:20:00,0.9914490708453106,False
2022-06-06 19:30:00,1.0047155429685173,False
2022-06-06 19:40:00,1.0977858713420368,False
2022-06-06 19:50:00,0.8023449186272741,False
2022-06-06 20:00:00,0.9929805015102537,False
2022-06-06 20:10:00,1.1376074138847652,False
2022-06-06 20:20:00,0.9965492157448568,False
2022-06-06 20:30:00,1.0008255974706977,False
2022-06-06 20:40:00,1.1199775125513856,False
2022-06-06 20:50:00,1.192895246587013,False
2022-06-06 21:00:00,1.2265678224928553,False
2022-06-06 21:10:00,0.8884121020794287,False
2022-06-06 21:20:00,0.7397780358952789,False
2022-06-06 21:30:00,0.8930304501712981,False
2022-06-06 21:40:00,1.064806218803637,False
2022-06-06 21:50:00,1.0252761036702063,False
2022-06-06 22:00:00,1.0075835555785608,False
2022-06-06 22:10:00,0.9923725748359726,False
2022-06-06 22:20:00,0.9242678211174582,False
2022-06-06 22:30:00,,False
2022-06-06 22:40:00,0.9883548791632227,False
2022-06-06 22:50:00,1.0909117528580212,False
2022-06-06 23:00:00,1.1952708937990446,False
2022-06-06 23:10:00,1.0353799631601643,False
2022-06-06 23:20:00,0.8856491275736599,False
2022-06-06 23:30:00,0.995479870093786,False
2022-06-06 23:40:00,1.0425495805875657,False
2022-06-06 23:50:00,0.8888845987691822,False
2022-06-07 00:00:00,1.098439548583204,False
2022-06-07 00:10:00,,False
2022-06-07 00:20:00,0.9044227116800237,False
2022-06-07 00:30:00,1.0574170162782546,False
2022-06-07 00:40:00,0.9683167854310437,False
2022-06-07 00:50:00,0.908345284151927,False
2022-06-07 01:00:00,0.9642404751877688,False
2022-06-07 01:10:00,1.1053054332252326,False
2022-06-07 01:20:00,1.0281051987472525,False
2022-06-07 01:30:00,1.1179276945885332,False
2022-06-07 01:40:00,1.1707194225734874,False
2022-06-07 01:50:00,0.9510027413667717,False
2022-06-07 02:00:00,0.9296928907283315,False
2022-06-07 02:10:00,1.0950931134676456,False
2022-06-07 02:20:00,0.8550852928204178,False
2022-06-07 02:30:00,,False
2022-06-07 02:40:00,0.9894658381101962,False
2022-06-07 02:50:00,1.131567807690196,False
2022-06-07 03:00:00,1.0403479813286576,False
2022-06-07 03:10:00,0.9971125472822847,False
2022-06-07 03:20:00,1.0979075516640024,False
2022-06-07 03:30:00,0.935582792065366,False
2022-06-07 03:40:00,1.063766805166961,False
2022-06-07 03:50:00,1.1504491041210474,False
2022-06-07 04:00:00,1.13011943875788,False
2022-06-07 04:10:00,0.948823890676383,False
2022-06-07 04:20:00,0.9829681170223122,False
2022-06-07 04:30:00,1.0551412988606452,False
2022-06-07 04:40:00,1.0411958266032717,False
2022-06-07 04:50:00,0.8034492485015781,False
2022-06-07 05:00:00,1.0869587166977202,False
2022-06-07 05:10:00,1.0277360917311262,False
2022-06-07 05:20:00,0.9038169993267476,False
2022-06-07 05:30:00,0.947971508067047,False
2022-06-07 05:40:00,1.0398362209649303,False
2022-06-07 05:50:00,,False
2022-06-07 06:00:00,0.9336551092432117,False
2022-06-07 06:10:00,0.9669564297636141,False
2022-06-07 06:20:00,0.9507514301685267,False
2022-06-07 06:30:00,0.9077397763128678,False
2022-06-07 06:40:00,0.9067768764484068,False
2022-06-07 06:50:00,0.8648371994311628,False
2022-06-07 07:00:00,1.0349490006537012,False
2022-06-07 07:10:00,1.063919231730285,False
2022-06-07 07:20:00,1.1413878198657124,False
2022-06-07 07:30:00,1.0197984149661483,False
2022-06-07 07:40:00,0.9763231359311167,False
2022-06-07 07:50:00,1.0828904333739808,False
2022-06-07 08:00:00,0.8740690798725518,False
2022-06-07 08:10:00,0.8904360929035484,False
2022-06-07 08:20:00,0.9165610929941721,False
2022-06-07 08:30:00,0.9881271957852713,False
2022-06-07 08:40:00,1.1109295449019811,False
2022-06-07 08:50:00,0.9457542912368748,False
2022-06-07 09:00:00,0.7784660564388425,False
2022-06-07 09:10:00,1.1165706077976438,False
2022-06-07 09:20:00,0.9190487617404651,False
2022-06-07 09:30:00,1.0377761241219816,False
2022-06-07 09:40:00,,False
2022-06-07 09:50:00,,False
2022-06-07 10:00:00,0.9828795161930073,False
2022-06-07 10:10:00,1.0304643795072097,False
2022-06-07 10:20:00,0.9257842544314611,False
2022-06-07 10:30:00,0.9867506941704614,False
2022-06-07 10:40:00,1.00616242226983,False
2022-06-07 10:50:00,1.0498056673914178,False
2022-06-07 11:00:00,1.14193059129225,False
2022-06-07 11:10:00,1.002803586638099,False
2022-06-07 11:20:00,0.9779607339518822,False
2022-06-07 11:30:00,1.000515783798918,False
2022-06-07 11:40:00,1.0789568177547713,False
2022-06-07 11:50:00,0.999487066756129,False
2022-06-07 12:00:00,,False
2022-06-07 12:10:00,0.9803334153206235,False
2022-06-07 12:20:00,0.9497529807894832,False
2022-06-07 12:30:00,0.9988306249874037,False
2022-06-07 12:40:00,1.0574218796867265,False
2022-06-07 12:50:00,1.114376299470325,False
2022-06-07 13:00:00,0.9466499071967621,False
2022-06-07 13:10:00,1.094669370712834,False
2022-06-07 13:20:00,0.9626496129112656,False
2022-06-07 13:30:00,0.9793686327331261,False
2022-06-07 13:40:00,0.9409474897765552,False
2022-06-07 13:50:00,1.1160102842317996,False
2022-06-07 14:00:00,0.9096774199210416,False
2022-06-07 14:10:00,1.1387817398776738,False
2022-06-07 14:20:00,,False
2022-06-07 14:30:00,0.8040729214413869,False
2022-06-07 14:40:00,1.1071321166183625,False
2022-06-07 14:50:00,,False
2022-06-07 15:00:00,0.8846524789885091,False
2022-06-07 15:10:00,0.9507111158323159,False
2022-06-07 15:20:00,1.0079720345446384,False
2022-06-07 15:30:00,1.0160132862652573,False
2022-06-07 15:40:00,0.8784522016618469,False
2022-06-07 15:50:00,1.1659835555780795,False
2022-06-07 16:00:00,1.006918509055362,False
2022-06-07 16:10:00,0.9071920419286071,False
2022-06-07 16:20:00,0.9335765420057112,False
2022-06-07 16:30:00,0.9807125127464869,False
2022-06-07 16:40:00,0.9350079670166811,False
2022-06-07 16:50:00,0.9922027350665774,False
2022-06-07 17:00:00,0.994756722397366,False
2022-06-07 17:10:00,0.863589338894763,False
2022-06-07 17:20:00,0.958469116795875,False
2022-06-07 17:30:00,0.979250314015016,False
2022-06-07 17:40:00,0.8711994923129888,False
2022-06-07 17:50:00,1.0754325893114027,False
2022-06-07 18:00:00,1.0837073446487473,False
2022-06-07 18:10:00,1.074380436056332,False
2022-06-07 18:20:00,0.9051251127296925,False
2022-06-07 18:30:00,0.9192255386185555,False
2022-06-07 18:40:00,0.8547223687334348,False
2022-06-07 18:50:00,1.1677002656129312,False
2022-06-07 19:00:00,0.8779297805289896,False
2022-06-07 19:10:00,0.9858558213156814,False
2022-06-07 19:20:00,,False
2022-06-07 19:30:00,1.1076847497187452,False
2022-06-07 19:40:00,,False
2022-06-07 19:50:00,0.9624225013258857,False
2022-06-07 20:00:00,1.049227431078486,False
2022-06-07 20:10:00,1.0772986255933923,False
2022-06-07 20:20:00,0.9865134428998943,False
2022-06-07 20:30:00,1.1408889183847066,False
2022-06-07 20:40:00,0.9501788855880651,False
2022-06-07 20:50:00,1.0873449871588803,False
2022-06-07 21:00:00,0.9416692816391595,False
2022-06-07 21:10:00,0.9295253090390245,False
2022-06-07 21:20:00,1.0426604099230043,False
2022-06-07 21:30:00,1.0498720599838487,False
2022-06-07 21:40:00,0.9870435232548255,False
2022-06-07 21:50:00,0.943352444055346,False
2022-06-07 22:00:00,0.8786753490519872,False
2022-06-07 22:10:00,0.8678224253021286,False
2022-06-07 22:20:00,1.0246946108871078,False
2022-06-07 22:30:00,0.982127384222587,False
2022-06-07 22:40:00,0.8620337568687018,False
2022-06-07 22:50:00,0.9486506951755187,False
2022-06-07 23:00:00,1.022979902606655,False
2022-06-07 23:10:00,1.0225106701022133,False
2022-06-07 23:20:00,1.110410488183858,False
2022-06-07 23:30:00,1.0758867628067654,False
2022-06-07 23:40:00,0.9312479615030145,False
2022-06-07 23:50:00,0.8329067079771055,False
2022-06-08 00:00:00,1.1193898866803706,False
2022-06-08 00:10:00,1.0782553954955576,False
2022-06-08 00:20:00,0.903864912445419,False
2022-06-08 00:30:00,0.8725580505988633,False
2022-06-08 00:40:00,1.193046323764067,False
2022-06-08 00:50:00,0.9840312603562744,False
2022-06-08 01:00:00,1.0310905346157517,False
2022-06-08 01:10:00,0.9409503037505969,False
2022-06-08 01:20:00,,False
2022-06-08 01:30:00,0.8790599894110152,False
2022-06-08 01:40:00,0.9691778150100627,False
2022-06-08 01:50:00,1.0919447517109753,False
2022-06-08 02:00:00,0.966496510801597,False
2022-06-08 02:10:00,0.8647759217569828,False
2022-06-08 02:20:00,1.0037421895040588,False
2022-06-08 02:30:00,0.954314667409103,False
2022-06-08 02:40:00,1.0572314951476973,False
2022-06-08 02:50:00,1.0146882462238092,False
2022-06-08 03:00:00,0.9842356041321602,False
2022-06-08 03:10:00,1.0636038441820355,False
2022-06-08 03:20:00,0.8401720918378364,False
2022-06-08 03:30:00,1.1193715872581143,False
2022-06-08 03:40:00,1.0864812535360424,False
2022-06-08 03:50:00,1.0507158014201237,False
2022-06-08 04:00:00,0.9678183667716865,False
2022-06-08 04:10:00,0.9270085032600978,False
2022-06-08 04:20:00,0.9701798307967961,False
2022-06-08 04:30:00,0.9554739703395406,False
2022-06-08 04:40:00,1.0101526455989065,False
2022-06-08 04:50:00,1.0214907468057528,False
2022-06-08 05:00:00,0.8811719446740842,False
2022-06-08 05:10:00,1.045057617819467,False
2022-06-08 05:20:00,1.2305986901257835,False
2022-06-08 05:30:00,1.1730691757747356,False
2022-06-08 05:40:00,1.0445889021529673,False
2022-06-08 05:50:00,1.123474552409152,False
2022-06-08 06:00:00,1.0877439524781545,False
2022-06-08 06:10:00,1.029059481685759,False
2022-06-08 06:20:00,1.064060023687457,False
2022-06-08 06:30:00,1.0913694802712999,False
2022-06-08 06:40:00,0.8441761921386433,False
2022-06-08 06:50:00,0.8432941936059033,False
2022-06-08 07:00:00,0.9991627115195889,False
2022-06-08 07:10:00,0.9481589518711232,False
2022-06-08 07:20:00,0.9809753659123829,False
2022-06-08 07:30:00,1.2003003017635225,False
2022-06-08 07:40:00,1.0237763420938306,False
2022-06-08 07:50:00,0.8263711547913406,False
2022-06-08 08:00:00,0.9647195754966656,False
2022-06-08 08:10:00,1.0694406961141585,False
2022-06-08 08:20:00,0.8092090024461679,False
2022-06-08 08:30:00,0.9521369541081443,False
2022-06-08 08:40:00,1.1058211208231963,False
2022-06-08 08:50:00,1.0038178645969893,False
2022-06-08 09:00:00,0.983424994861319,False
2022-06-08 09:10:00,0.8458976545484983,False
2022-06-08 09:20:00,0.9834481181039371,False
2022-06-08 09:30:00,1.1423453066359337,False
2022-06-08 09:40:00,0.9326812327494193,False
2022-06-08 09:50:00,0.8715491839502301,False
2022-06-08 10:00:00,1.1150568707101223,False
2022-06-08 10:10:00,1.1617061681024394,False
2022-06-08 10:20:00,1.0696521835910389,False
2022-06-08 10:30:00,1.1262701608123582,False
2022-06-08 10:40:00,1.12016787684979,False
2022-06-08 10:50:00,0.9192355335133742,False
2022-06-08 11:00:00,0.9162243459400361,False
2022-06-08 11:10:00,1.0060897143585865,False
2022-06-08 11:20:00,0.962329952006241,False
2022-06-08 11:30:00,1.2132909399698035,False
2022-06-08 11:40:00,1.0199197422730721,False
2022-06-08 11:50:00,0.9515400794256584,False
2022-06-08 12:00:00,0.8799570811247289,False
2022-06-08 12:10:00,1.0975273697250671,False
2022-06-08 12:20:00,1.0447473995008303,False
2022-06-08 12:30:00,1.028953559449144,False
2022-06-08 12:40:00,0.8338978651150332,False
2022-06-08 12:50:00,1.135972878714068,False
2022-06-08 13:00:00,0.9816611013403058,False
2022-06-08 13:10:00,1.0146719522261893,False
2022-06-08 13:20:00,1.0382424257630236,False
2022-06-08 13:30:00,0.8983353870317873,False
2022-06-08 13:40:00,1.0299116708650635,False
2022-06-08 13:50:00,0.7020448579911291,False
2022-06-08 14:00:00,1.1346599060308182,False
2022-06-08 14:10:00,0.8800553351811004,False
2022-06-08 14:20:00,1.0102117731783735,False
2022-06-08 14:30:00,0.8672704981553248,False
2022-06-08 14:40:00,1.09559039807462,False
2022-06-08 14:50:00,0.9787537057682554,False
2022-06-08 15:00:00,0.9565757928913785,False
2022-06-08 15:10:00,1.051073798842141,False
2022-06-08 15:20:00,1.0024702476500322,False
2022-06-08 15:30:00,1.2259680236863666,False
2022-06-08 15:40:00,1.048260933908939,False
2022-06-08 15:50:00,1.0523602608221927,False
2022-06-08 16:00:00,1.0087566065658424,False
2022-06-08 16:10:00,,False
2022-06-08 16:20:00,1.1101456798031935,False
2022-06-08 16:30:00,0.9964140903962867,False
2022-06-08 16:40:00,0.9714920237549005,False
2022-06-08 16:50:00,1.0544841614792546,False
2022-06-08 17:00:00,0.9408547983926941,False
2022-06-08 17:10:00,1.0092721360000925,False
2022-06-08 17:20:00,1.0434767972397574,False
2022-06-08 17:30:00,1.055302844355124,False
2022-06-08 17:40:00,0.9812267551649508,False
2022-06-08 17:50:00,1.126974849192814,False
2022-06-08 18:00:00,0.8254959200352279,False
2022-06-08 18:10:00,1.0710433007157116,False
2022-06-08 18:20:00,1.013858527388404,False
2022-06-08 18:30:00,0.948899417468147,False
2022-06-08 18:40:00,0.8624720113297486,False
2022-06-08 18:50:00,1.1029681975542385,False
2022-06-08 19:00:00,1.0678704288481302,False
2022-06-08 19:10:00,1.026596675006358,False
2022-06-08 19:20:00,0.9449998165242853,False
2022-06-08 19:30:00,0.8714812441292286,False
2022-06-08 19:40:00,1.1306040976792153,False
2022-06-08 19:50:00,1.048400417827598,False
2022-06-08 20:00:00,0.957815921560707,False
2022-06-08 20:10:00,0.9642363835241844,False
2022-06-08 20:20:00,1.103829731897295,False
2022-06-08 20:30:00,0.9747163867956571,False
2022-06-08 20:40:00,0.9453545170481092,False
2022-06-08 20:50:00,0.9435425727980277,False
2022-06-08 21:00:00,0.9235865920063125,False
2022-06-08 21:10:00,0.9534820860653557,False
2022-06-08 21:20:00,1.061545246532001,False
2022-06-08 21:30:00,1.0371398589498888,False
2022-06-08 21:40:00,,False
2022-06-08 21:50:00,0.9954147756429965,False
2022-06-08 22:00:00,0.9381340174155952,False
2022-06-08 22:10:00,0.9947587235239183,False
2022-06-08 22:20:00,0.8811952029993899,False
2022-06-08 22:30:00,0.9676454048946768,False
2022-06-08 22:40:00,0.9474409704662888,False
2022-06-08 22:50:00,0.9866276069392129,False
2022-06-08 23:00:00,1.1679793189983725,False
2022-06-08 23:10:00,1.099126519288762,False
2022-06-08 23:20:00,,False
2022-06-08 23:30:00,1.1361052447959523,False
2022-06-08 23:40:00,1.004655247299989,False
2022-06-08 23:50:00,1.0146747772961624,False
2022-06-09 00:00:00,0.9569469436720437,False
2022-06-09 00:10:00,1.167565905206901,False
2022-06-09 00:20:00,1.0191078468212638,False
2022-06-09 00:30:00,1.0635001392060566,False
2022-06-09 00:40:00,1.0833568003386067,False
2022-06-09 00:50:00,0.86483540557837,False
2022-06-09 01:00:00,0.796336656787537,False
2022-06-09 01:10:00,0.9492554338419031,False
2022-06-09 01:20:00,1.0078106160779456,False
2022-06-09 01:30:00,0.956944871506611,False
2022-06-09 01:40:00,1.030142731345744,False
2022-06-09 01:50:00,0.952017441795803,False
2022-06-09 02:00:00,1.0457224760401707,False
2022-06-09 02:10:00,1.015927375583759,False
2022-06-09 02:20:00,1.02495056671812,False
2022-06-09 02:30:00,1.1553824179646475,False
2022-06-09 02:40:00,0.9688856928119385,False
2022-06-09 02:50:00,1.008887930174158,False
2022-06-09 03:00:00,0.9894577081592477,False
2022-06-09 03:10:00,1.025081060623346,False
2022-06-09 03:20:00,0.9521321391889336,False
2022-06-09 03:30:00,1.236474070159513,False
2022-06-09 03:40:00,0.9264019678789622,False
2022-06-09 03:50:00,,False
2022-06-09 04:00:00,0.8406587970412128,False
2022-06-09 04:10:00,1.076790721737018,False
2022-06-09 04:20:00,1.0214809548190082,False
2022-06-09 04:30:00,0.9643748743228007,False
2022-06-09 04:40:00,,False
2022-06-09 04:50:00,0.953493346326318,False
2022-06-09 05:00:00,1.1919245012158743,False
2022-06-09 05:10:00,0.8086073953760327,False
2022-06-09 05:20:00,0.8461013917193684,False
2022-06-09 05:30:00,1.0785661479113176,False
2022-06-09 05:40:00,0.8342958996078614,False
2022-06-09 05:50:00,0.846667141356637,False
2022-06-09 06:00:00,1.005923707017759,False
2022-06-09 06:10:00,0.9847638919944389,False
2022-06-09 06:20:00,1.0283210646547634,False
2022-06-09 06:30:00,0.8334898091514268,False
2022-06-09 06:40:00,1.0170601911400408,False
2022-06-09 06:50:00,0.9239223619202335,False
2022-06-09 07:00:00,1.0500409573512801,False
2022-06-09 07:10:00,1.028059280298536,False
2022-06-09 07:20:00,0.8546124577758842,False
2022-06-09 07:30:00,0.9729672908594943,False
2022-06-09 07:40:00,1.133718019517615,False
2022-06-09 07:50:00,1.0657102482018423,False
2022-06-09 08:00:00,,False
2022-06-09 08:10:00,1.2070998359609408,False
2022-06-09 08:20:00,1.0092746124538319,False
2022-06-09 08:30:00,,False
2022-06-09 08:40:00,1.1089166112801354,False
2022-06-09 08:50:00,0.9707734234602798,False
2022-06-09 09:00:00,0.9375083953399264,False
2022-06-09 09:10:00,1.1285223487968365,False
2022-06-09 09:20:00,1.0614664995225929,False
2022-06-09 09:30:00,0.9685042677455509,False
2022-06-09 09:40:00,1.1365424377357385,False
2022-06-09 09:50:00,0.9295730555691029,False
2022-06-09 10:00:00,0.9889431737541841,False
2022-06-09 10:10:00,,False
2022-06-09 10:20:00,1.08321777962844,False
2022-06-09 10:30:00,0.975600883248694,False
2022-06-09 10:40:00,1.02356315395902,False
2022-06-09 10:50:00,1.0776831179277024,False
2022-06-09 11:00:00,1.0194467938420186,False
2022-06-09 11:10:00,1.0417267000576493,False
2022-06-09 11:20:00,1.0609834996685616,False
2022-06-09 11:30:00,0.9515515162889581,False
2022-06-09 11:40:00,0.771414437630197,False
2022-06-09 11:50:00,0.828833393714475,False
2022-06-09 12:00:00,0.964150359302617,False
2022-06-09 12:10:00,0.9512903551706096,False
2022-06-09 12:20:00,1.0060402429946125,False
2022-06-09 12:30:00,1.1543272211768918,False
2022-06-09 12:40:00,1.1857745820255567,False
2022-06-09 12:50:00,0.9125266774052279,False
2022-06-09 13:00:00,0.9406929635308119,False
2022-06-09 13:10:00,,False
2022-06-09 13:20:00,1.0859019964465975,False
2022-06-09 13:30:00,0.8508206637188753,False
2022-06-09 13:40:00,0.9664576759337491,False
2022-06-09 13:50:00,1.1509087329871286,False
2022-06-09 14:00:00,0.855060032306368,False
2022-06-09 14:10:00,0.8799495696150023,False
2022-06-09 14:20:00,1.1260519541341922,False
2022-06-09 14:30:00,1.0081115625362451,False
2022-06-09 14:40:00,1.2925600317346335,False
2022-06-09 14:50:00,0.931489515944968,False
2022-06-09 15:00:00,0.7342184582122377,False
2022-06-09 15:10:00,1.0327106354252376,False
2022-06-09 15:20:00,0.9950920546696237,False
2022-06-09 15:30:00,0.966000175433555,False
2022-06-09 15:40:00,0.8994674280667814,False
2022-06-09 15:50:00,1.0075810508770446,False
2022-06-09 16:00:00,,False
2022-06-09 16:10:00,1.0675092697846706,False
2022-06-09 16:20:00,1.0668849560654525,False
2022-06-09 16:30:00,1.1402873885579652,False
2022-06-09 16:40:00,0.9984120926262287,False
2022-06-09 16:50:00,1.2149795112539457,False
2022-06-09 17:00:00,0.9670835626693122,False
2022-06-09 17:10:00,0.9535802857133359,False
2022-06-09 17:20:00,0.9991314362274287,False
2022-06-09 17:30:00,1.0038626513408198,False
2022-06-09 17:40:00,0.8689154638255085,False
2022-06-09 17:50:00,0.957041513614334,False
2022-06-09 18:00:00,1.131883499633486,False
2022-06-09 18:10:00,1.1175391646141808,False
2022-06-09 18:20:00,0.8795889855577605,False
2022-06-09 18:30:00,1.0664015595521787,False
2022-06-09 18:40:00,1.3294756844206204,False
2022-06-09 18:50:00,1.0819650641878233,False
2022-06-09 19:00:00,0.9653935236746461,False
2022-06-09 19:10:00,1.013236218780714,False
2022-06-09 19:20:00,1.0928594321991834,False
2022-06-09 19:30:00,0.9474251352519842,False
2022-06-09 19:40:00,0.9966854777909242,False
2022-06-09 19:50:00,1.0090342510656622,False
2022-06-09 20:00:00,0.8751664169611464,False
2022-06-09 20:10:00,0.9844696420042908,False
2022-06-09 20:20:00,1.104535369733332,False
2022-06-09 20:30:00,0.9191134918037227,False
2022-06-09 20:40:00,1.0801261049605189,False
2022-06-09 20:50:00,1.012635961144739,False
2022-06-09 21:00:00,1.039571507209815,False
2022-06-09 21:10:00,1.0599073687576748,False
2022-06-09 21:20:00,1.0570341463406072,False
2022-06-09 21:30:00,1.2247678349767745,False
2022-06-09 21:40:00,1.1533195661194784,False
2022-06-09 21:50:00,0.9594146105750754,False
2022-06-09 22:00:00,1.1190147089482996,False
2022-06-09 22:10:00,0.9488164966065848,False
2022-06-09 22:20:00,0.823205843790523,False
2022-06-09 22:30:00,0.9809336613285216,False
2022-06-09 22:40:00,1.0291726021797474,False
2022-06-09 22:50:00,0.8446228142756346,False
2022-06-09 23:00:00,0.8533680803318164,False
2022-06-09 23:10:00,0.9893607490338977,False
2022-06-09 23:20:00,0.9462082708483478,False
2022-06-09 23:30:00,0.7509590973618566,False
2022-06-09 23:40:00,1.07573615304731,False
2022-06-09 23:50:00,0.8407652902933421,False
2022-06-10 00:00:00,1.0043011554092003,False
2022-06-10 00:10:00,1.1205962411307386,False
2022-06-10 00:20:00,0.9137648137884503,False
2022-06-10 00:30:00,1.0051935046285307,False
2022-06-10 00:40:00,0.8895352179847531,False
2022-06-10 00:50:00,0.8544391356957409,False
2022-06-10 01:00:00,0.9852566008825987,False
2022-06-10 01:10:00,1.0616753950925542,False
2022-06-10 01:20:00,0.9879665466602895,False
2022-06-10 01:30:00,1.013493070848193,False
2022-06-10 01:40:00,1.0505670776170672,False
2022-06-10 01:50:00,0.9463434315305344,False
2022-06-10 02:00:00,0.9170903070181337,False
2022-06-10 02:10:00,0.9969337606256209,False
2022-06-10 02:20:00,1.1039454990872721,False
2022-06-10 02:30:00,0.9573942104364421,False
2022-06-10 02:40:00,1.0812950111889128,False
2022-06-10 02:50:00,0.9168392554265488,False
2022-06-10 03:00:00,1.0280562328536247,False
2022-06-10 03:10:00,0.9901556182845237,False
2022-06-10 03:20:00,1.0332645250374786,False
2022-06-10 03:30:00,0.9975953225283837,False
2022-06-10 03:40:00,0.8726308308889974,False
2022-06-10 03:50:00,1.0089027011992553,False
2022-06-10 04:00:00,1.050604566728086,False
2022-06-10 04:10:00,1.0725846229451639,False
2022-06-10 04:20:00,1.0844746830373204,False
2022-06-10 04:30:00,0.8402570211214462,False
2022-06-10 04:40:00,1.0864521991446907,False
2022-06-10 04:50:00,1.04516413988054,False
2022-06-10 05:00:00,0.8271565074894606,False
2022-06-10 05:10:00,0.8565485795800852,False
2022-06-10 05:20:00,1.0942269330412029,False
2022-06-10 05:30:00,0.8876841121297119,False
2022-06-10 05:40:00,1.0663630200404792,False
2022-06-10 05:50:00,1.0152923150427693,False
2022-06-10 06:00:00,1.0385284739942933,False
2022-06-10 06:10:00,1.0259353440094319,False
2022-06-10 06:20:00,1.0882206782768113,False
2022-06-10 06:30:00,0.9401820005569125,False
2022-06-10 06:40:00,1.0288909852798964,False
2022-06-10 06:50:00,1.0246358653909577,False
2022-06-10 07:00:00,1.1332855643634772,False
2022-06-10 07:10:00,0.8358468204195403,False
2022-06-10 07:20:00,1.0330304598885025,False
2022-06-10 07:30:00,1.0779540228544084,False
2022-06-10 07:40:00,0.8740775988707445,False
2022-06-10 07:50:00,1.138888499503535,False
2022-06-10 08:00:00,1.1326620902094449,False
2022-06-10 08:10:00,1.0787016155378928,False
2022-06-10 08:20:00,,False
2022-06-10 08:30:00,0.9124954172995653,False
2022-06-10 08:40:00,0.9142691691917744,False
2022-06-10 08:50:00,1.0207804962856308,False
2022-06-10 09:00:00,1.072179767252505,False
2022-06-10 09:10:00,1.158817123970647,False
2022-06-10 09:20:00,1.0139915550336516,False
2022-06-10 09:30:00,0.8055688277764022,False
2022-06-10 09:40:00,1.0277986524867757,False
2022-06-10 09:50:00,0.820203828676844,False
2022-06-10 10:00:00,1.0443137486685112,False
2022-06-10 10:10:00,1.1081280133483713,False
2022-06-10 10:20:00,1.0837997356080495,False
2022-06-10 10:30:00,0.8736519078136998,False
2022-06-10 10:40:00,0.9679492522910108,False
2022-06-10 10:50:00,1.1051625136532865,False
2022-06-10 11:00:00,0.9713612240857306,False
2022-06-10 11:10:00,0.8381428299877923,False
2022-06-10 11:20:00,0.9808983277880402,False
2022-06-10 11:30:00,0.9642550930885996,False
2022-06-10 11:40:00,0.8999199331382141,False
2022-06-10 11:50:00,1.045476720837479,False
2022-06-10 12:00:00,0.8933828194356759,False
2022-06-10 12:10:00,0.9392136762362063,False
2022-06-10 12:20:00,0.8970268408573422,False
2022-06-10 12:30:00,,False
2022-06-10 12:40:00,1.0502415173215793,False
2022-06-10 12:50:00,1.1572954957774881,False
2022-06-10 13:00:00,1.0132899943431106,False
2022-06-10 13:10:00,0.9521508008000978,False
2022-06-10 13:20:00,1.1508653918699763,False
2022-06-10 13:30:00,0.9923498738437745,False
2022-06-10 13:40:00,1.0528481789030852,False
2022-06-10 13:50:00,1.0229896393671758,False
2022-06-10 14:00:00,0.9514738862846558,False
2022-06-10 14:10:00,0.9646517333640614,False
2022-06-10 14:20:00,0.8733147469292023,False
2022-06-10 14:30:00,1.0339822316009566,False
2022-06-10 14:40:00,1.1592447346405326,False
2022-06-10 14:50:00,0.8663680105493761,False
2022-06-10 15:00:00,0.7999603738095611,False
2022-06-10 15:10:00,1.091204064012655,False
2022-06-10 15:20:00,1.10294909895744,False
2022-06-10 15:30:00,0.9544899174779444,False
2022-06-10 15:40:00,0.9780861255705015,False
2022-06-10 15:50:00,0.9164566118804127,False
2022-06-10 16:00:00,0.8674814791486352,False
2022-06-10 16:10:00,1.1137022420529177,False
2022-06-10 16:20:00,,False
2022-06-10 16:30:00,0.9287354041984078,False
2022-06-10 16:40:00,1.060109821734662,False
2022-06-10 16:50:00,0.8973213012227157,False
2022-06-10 17:00:00,1.0820583161809338,False
2022-06-10 17:10:00,1.0724066760020299,False
2022-06-10 17:20:00,0.9768712535467329,False
2022-06-10 17:30:00,0.99562047015892,False
2022-06-10 17:40:00,0.9778523348771377,False
2022-06-10 17:50:00,1.0420517416561756,False
2022-06-10 18:00:00,1.0672138404277896,False
2022-06-10 18:10:00,0.9317798484111841,False
2022-06-10 18:20:00,1.1116123135578664,False
2022-06-10 18:30:00,1.0145019723196926,False
2022-06-10 18:40:00,1.1982216380353325,False
2022-06-10 18:50:00,0.9514855550401844,False
2022-06-10 19:00:00,,False
2022-06-10 19:10:00,0.8593491153956376,False
2022-06-10 19:20:00,1.1491866666946968,False
2022-06-10 19:30:00,0.9864690081509224,False
2022-06-10 19:40:00,1.0848123690173908,False
2022-06-10 19:50:00,0.9962534848510884,False
2022-06-10 20:00:00,0.9509416686883564,False
2022-06-10 20:10:00,,False
2022-06-10 20:20:00,1.0101378728393933,False
2022-06-10 20:30:00,0.942311861014532,False
2022-06-10 20:40:00,1.0506791216485447,False
2022-06-10 20:50:00,,False
2022-06-10 21:00:00,0.9960461570409697,False
2022-06-10 21:10:00,0.8821397347500635,False
2022-06-10 21:20:00,0.9242758854095598,False
2022-06-10 21:30:00,0.9275179280585466,False
2022-06-10 21:40:00,1.2003719875965384,False
2022-06-10 21:50:00,1.105924650534643,False
2022-06-10 22:00:00,0.9219948225179605,False
2022-06-10 22:10:00,0.9888901905363978,False
2022-06-10 22:20:00,1.0831473217200323,False
2022-06-10 22:30:00,0.9857129414679394,False
2022-06-10 22:40:00,0.913296170038669,False
2022-06-10 22:50:00,1.1841453139493363,False
2022-06-10 23:00:00,0.9447315058989959,False
2022-06-10 23:10:00,0.7751110368007094,False
2022-06-10 23:20:00,1.060148946874603,False
2022-06-10 23:30:00,0.8982907063776904,False
2022-06-10 23:40:00,1.1966212933168021,False
2022-06-10 23:50:00,0.9877945333635452,False
2022-06-11 00:00:00,0.8144439472867102,False
2022-06-11 00:10:00,1.0188121769031762,False
2022-06-11 00:20:00,0.8464344803145634,False
2022-06-11 00:30:00,0.9831466124233598,False
2022-06-11 00:40:00,0.7464209780433181,False
2022-06-11 00:50:00,0.946761626029372,False
2022-06-11 01:00:00,0.9792322921452354,False
2022-06-11 01:10:00,0.9347091956422977,False
2022-06-11 01:20:00,,False
2022-06-11 01:30:00,1.0728369199890386,False
2022-06-11 01:40:00,0.9217070252612384,False
2022-06-11 01:50:00,0.9942888419535749,False
2022-06-11 02:00:00,0.9521982967918284,False
2022-06-11 02:10:00,1.0544229555739986,False
2022-06-11 02:20:00,1.0441673321492415,False
2022-06-11 02:30:00,0.9951855037609848,False
2022-06-11 02:40:00,1.0814820846096533,False
2022-06-11 02:50:00,0.8993684026945014,False
2022-06-11 03:00:00,0.8818190442225267,False
2022-06-11 03:10:00,1.0072870611564153,False
2022-06-11 03:20:00,0.9669281186744904,False
2022-06-11 03:30:00,0.9025340648603392,False
2022-06-11 03:40:00,0.983485579753567,False
2022-06-11 03:50:00,1.0355479682804158,False
2022-06-11 04:00:00,1.0210486125223326,False
2022-06-11 04:10:00,0.9282552274557528,False
2022-06-11 04:20:00,1.0281706627691922,False
2022-06-11 04:30:00,1.2050533507212493,False
2022-06-11 04:40:00,1.1148032346008523,False
2022-06-11 04:50:00,0.9434791696855078,False
2022-06-11 05:00:00,0.857886985077052,False
2022-06-11 05:10:00,0.9675002851128198,False
2022-06-11 05:20:00,1.190130935773182,False
2022-06-11 05:30:00,1.0237894776639473,False
2022-06-11 05:40:00,0.7610352192020118,False
2022-06-11 05:50:00,1.0037625068811962,False
2022-06-11 06:00:00,0.9791060036695067,False
2022-06-11 06:10:00,1.069883549574759,False
2022-06-11 06:20:00,0.8477783392825311,False
2022-06-11 06:30:00,0.9398584996133281,False
2022-06-11 06:40:00,0.9446435787823834,False
2022-06-11 06:50:00,1.1006188927253386,False
2022-06-11 07:00:00,0.7476407534759756,False
2022-06-11 07:10:00,0.9928477921321804,False
2022-06-11 07:20:00,0.9487925985148362,False
2022-06-11 07:30:00,0.8646059782987187,False
2022-06-11 07:40:00,0.819996293432201,False
2022-06-11 07:50:00,1.0761796414448797,False
2022-06-11 08:00:00,1.080415403167557,False
2022-06-11 08:10:00,1.14866403101909,False
2022-06-11 08:20:00,1.2143753039060985,False
2022-06-11 08:30:00,,False
2022-06-11 08:40:00,0.8881805813564857,False
2022-06-11 08:50:00,1.0267305486379106,False
2022-06-11 09:00:00,1.0439211026156456,False
2022-06-11 09:10:00,0.9294029980567908,False
2022-06-11 09:20:00,0.9455609521918755,False
2022-06-11 09:30:00,0.8739641653696355,False
2022-06-11 09:40:00,1.065678347276414,False
2022-06-11 09:50:00,1.0704845500915794,False
2022-06-11 10:00:00,0.9913302120148447,False
2022-06-11 10:10:00,0.8695690727792312,False
2022-06-11 10:20:00,1.0513982184172248,False
2022-06-11 10:30:00,0.8472673121221317,False
2022-06-11 10:40:00,0.903447160830488,False
2022-06-11 10:50:00,0.8442355249089162,False
2022-06-11 11:00:00,1.0474688492657707,False
2022-06-11 11:10:00,0.9618116973041193,False
2022-06-11 11:20:00,0.9612442247048152,False
2022-06-11 11:30:00,1.0326279098725981,False
2022-06-11 11:40:00,0.9940686884558888,False
2022-06-11 11:50:00,0.9506890615450058,False
2022-06-11 12:00:00,1.0957622368761673,False
2022-06-11 12:10:00,0.9341160386919455,False
2022-06-11 12:20:00,1.0716957073594084,False
2022-06-11 12:30:00,1.0609858485738248,False
2022-06-11 12:40:00,1.0161664865744398,False
2022-06-11 12:50:00,1.1574362806018774,False
2022-06-11 13:00:00,0.9233201491229044,False
2022-06-11 13:10:00,1.0719398926296608,False
2022-06-11 13:20:00,0.9929558596788929,False
2022-06-11 13:30:00,1.0583067299185527,False
2022-06-11 13:40:00,1.0843690900567289,False
2022-06-11 13:50:00,1.0022136140439846,False
2022-06-11 14:00:00,,False
2022-06-11 14:10:00,1.174973746583388,False
2022-06-11 14:20:00,0.7894446648827009,False
2022-06-11 14:30:00,0.8693324192759748,False
2022-06-11 14:40:00,1.1107466201546816,False
2022-06-11 14:50:00,0.9325281444690884,False
2022-06-11 15:00:00,0.9572936384994117,False
2022-06-11 15:10:00,1.0451929556720017,False
2022-06-11 15:20:00,0.9524364021121488,False
2022-06-11 15:30:00,0.9403034003057658,False
2022-06-11 15:40:00,0.8867949419261998,False
2022-06-11 15:50:00,1.0084184447158004,False
2022-06-11 16:00:00,1.0738588506444549,False
2022-06-11 16:10:00,0.8298528719772847,False
2022-06-11 16:20:00,1.0569723966804134,False
2022-06-11 16:30:00,,False
2022-06-11 16:40:00,0.9975091904218515,False
2022-06-11 16:50:00,1.0660578619306287,False
2022-06-11 17:00:00,0.9425610725255121,False
2022-06-11 17:10:00,,False
2022-06-11 17:20:00,0.8394163330376038,False
2022-06-11 17:30:00,1.2397579962888299,False
2022-06-11 17:40:00,0.8771627469514645,False
2022-06-11 17:50:00,1.1830555863495973,False
2022-06-11 18:00:00,0.8443641924385489,False
2022-06-11 18:10:00,1.0922855670603406,False
2022-06-11 18:20:00,1.2069059989739586,False
2022-06-11 18:30:00,0.9896917396021627,False
2022-06-11 18:40:00,0.8961972859055793,False
2022-06-11 18:50:00,0.9152517105491663,False
2022-06-11 19:00:00,1.0217576530261236,False
2022-06-11 19:10:00,0.8737002598628827,False
2022-06-11 19:20:00,1.0311681891063305,False
2022-06-11 19:30:00,0.9497752744496355,False
2022-06-11 19:40:00,0.8518274360950568,False
2022-06-11 19:50:00,1.0221076475306765,False
2022-06-11 20:00:00,0.8895209164953609,False
2022-06-11 20:10:00,0.9202259153606605,False
2022-06-11 20:20:00,0.9086164440628064,False
2022-06-11 20:30:00,1.0544985538813063,False
2022-06-11 20:40:00,1.0251810381972206,False
2022-06-11 20:50:00,0.9682912141623367,False
2022-06-11 21:00:00,1.0917739235434416,False
2022-06-11 21:10:00,0.9536467941278304,False
2022-06-11 21:20:00,0.9437738733429457,False
2022-06-11 21:30:00,1.016694491945294,False
2022-06-11 21:40:00,1.1601357573332463,False
2022-06-11 21:50:00,0.9865640818915247,False
2022-06-11 22:00:00,0.7708061079877053,False
2022-06-11 22:10:00,1.046101466692345,False
2022-06-11 22:20:00,0.8932140386582833,False
2022-06-11 22:30:00,1.0040674872496649,False
2022-06-11 22:40:00,1.027413111972529,False
2022-06-11 22:50:00,0.8867314387700903,False
2022-06-11 23:00:00,1.166000399605344,False
2022-06-11 23:10:00,1.0842455532068789,False
2022-06-11 23:20:00,1.0525646218031612,False
2022-06-11 23:30:00,1.067913166322853,False
2022-06-11 23:40:00,1.0020713110674866,False
2022-06-11 23:50:00,1.1908109310639616,False
2022-06-12 00:00:00,1.0484617825927207,False
2022-06-12 00:10:00,0.7800440962300387,False
2022-06-12 00:20:00,1.0823091279395536,False
2022-06-12 00:30:00,1.047344747331656,False
2022-06-12 00:40:00,0.9974837628458669,False
2022-06-12 00:50:00,0.9619693022354178,False
2022-06-12 01:00:00,1.0950072538145212,False
2022-06-12 01:10:00,0.863678485082162,False
2022-06-12 01:20:00,1.0753104782024585,False
2022-06-12 01:30:00,1.1520893788883126,False
2022-06-12 01:40:00,0.9442725362723632,False
2022-06-12 01:50:00,0.9740456195530831,False
2022-06-12 02:00:00,0.9327669645349118,False
2022-06-12 02:10:00,0.7599696500765816,False
2022-06-12 02:20:00,1.1423155006772865,False
2022-06-12 02:30:00,0.9010273224650709,False
2022-06-12 02:40:00,0.9867488340313363,False
2022-06-12 02:50:00,0.9195473252791456,False
2022-06-12 03:00:00,1.120427402639486,False
2022-06-12 03:10:00,0.8088406905326968,False
2022-06-12 03:20:00,0.8493878416120144,False
2022-06-12 03:30:00,1.001290397745143,False
2022-06-12 03:40:00,1.027873916555377,False
2022-06-12 03:50:00,1.0759327992872745,False
2022-06-12 04:00:00,1.0523219807521016,False
2022-06-12 04:10:00,1.003733042533756,False
2022-06-12 04:20:00,1.1017423940881557,False
2022-06-12 04:30:00,0.976500089149401,False
2022-06-12 04:40:00,0.8467731152900798,False
2022-06-12 04:50:00,1.0688936686843045,False
2022-06-12 05:00:00,1.0481737842551715,False
2022-06-12 05:10:00,1.0289191120056305,False
2022-06-12 05:20:00,0.9516089698094945,False
2022-06-12 05:30:00,1.1004567073798146,False
2022-06-12 05:40:00,1.0584101220798243,False
2022-06-12 05:50:00,1.0173753041647713,False
2022-06-12 06:00:00,1.1867709077519133,False
2022-06-12 06:10:00,0.9292458148465168,False
2022-06-12 06:20:00,1.1413994759266983,False
2022-06-12 06:30:00,0.9140073370459824,False
2022-06-12 06:40:00,0.901760720878499,False
2022-06-12 06:50:00,1.0197004721880945,False
2022-06-12 07:00:00,,False
2022-06-12 07:10:00,0.9334477817445809,False
2022-06-12 07:20:00,0.8643181390217366,False
2022-06-12 07:30:00,0.9467181411530405,False
2022-06-12 07:40:00,0.9069448804880844,False
2022-06-12 07:50:00,1.004477742562461,False
2022-06-12 08:00:00,1.1240576195636816,False
2022-06-12 08:10:00,1.0095510134594239,False
2022-06-12 08:20:00,1.0376686808990307,False
2022-06-12 08:30:00,1.106918859022445,False
2022-06-12 08:40:00,1.1467981341922286,False
2022-06-12 08:50:00,1.0196865162650457,False
2022-06-12 09:00:00,0.9098919793678192,False
2022-06-12 09:10:00,0.9353112241096997,False
2022-06-12 09:20:00,,False
2022-06-12 09:30:00,0.9864809909368308,False
2022-06-12 09:40:00,1.0241573528019798,False
2022-06-12 09:50:00,1.1252017756032275,False
2022-06-12 10:00:00,0.8669853042293094,False
2022-06-12 10:10:00,,False
2022-06-12 10:20:00,1.008166941979357,False
2022-06-12 10:30:00,0.8349427521709338,False
2022-06-12 10:40:00,0.865057608848074,False
2022-06-12 10:50:00,1.0120957820170788,False
2022-06-12 11:00:00,0.8889872883849252,False
2022-06-12 11:10:00,1.0709858560405283,False
2022-06-12 11:20:00,1.077493195506199,False
2022-06-12 11:30:00,1.0627571344028484,False
2022-06-12 11:40:00,1.0013270609113911,False
2022-06-12 11:50:00,0.9832735532463981,False
2022-06-12 12:00:00,1.001506538801885,False
2022-06-12 12:10:00,1.0546560494408215,False
2022-06-12 12:20:00,1.0431706058480053,False
2022-06-12 12:30:00,1.0853353331065207,False
2022-06-12 12:40:00,1.0856347501749801,False
2022-06-12 12:50:00,,False
2022-06-12 13:00:00,0.9413830603501033,False
2022-06-12 13:10:00,1.051202792152576,False
2022-06-12 13:20:00,1.002542486901453,False
2022-06-12 13:30:00,1.0355748134216085,False
2022-06-12 13:40:00,1.0923721842652445,False
2022-06-12 13:50:00,0.977771774496877,False
2022-06-12 14:00:00,0.9874128252426267,False
2022-06-12 14:10:00,1.0277141559569394,False
2022-06-12 14:20:00,0.9537497484419332,False
2022-06-12 14:30:00,0.6990202495534512,False
2022-06-12 14:40:00,0.9774867290772866,False
2022-06-12 14:50:00,0.9040439902950169,False
2022-06-12 15:00:00,0.9990388577982348,False
2022-06-12 15:10:00,0.7445962536158741,False
2022-06-12 15:20:00,1.0758267406724316,False
2022-06-12 15:30:00,1.020946789650483,False
2022-06-12 15:40:00,0.9643969743268466,False
2022-06-12 15:50:00,0.8817883503886348,False
2022-06-12 16:00:00,1.0828935814629514,False
2022-06-12 16:10:00,0.9002953889648257,False
2022-06-12 16:20:00,1.1715046477800357,False
2022-06-12 16:30:00,1.0476400142946212,False
2022-06-12 16:40:00,1.0003371716783773,False
2022-06-12 16:50:00,0.9372341292407698,False
2022-06-12 17:00:00,0.9439796212344849,False
2022-06-12 17:10:00,1.0454226976926257,False
2022-06-12 17:20:00,1.026922561744076,False
2022-06-12 17:30:00,1.2321243513813773,False
2022-06-12 17:40:00,1.2116945857220778,False
2022-06-12 17:50:00,0.8977201998413038,False
2022-06-12 18:00:00,1.0790722263744394,False
2022-06-12 18:10:00,1.0766368474783365,False
2022-06-12 18:20:00,1.2009463136411727,False
2022-06-12 18:30:00,0.8616838850993448,False
2022-06-12 18:40:00,1.089540463267025,False
2022-06-12 18:50:00,0.9415792943063589,False
2022-06-12 19:00:00,0.9719320099966534,False
2022-06-12 19:10:00,,False
2022-06-12 19:20:00,0.9906493876090657,False
2022-06-12 19:30:00,0.9133462358010457,False
2022-06-12 19:40:00,1.0387471184563717,False
2022-06-12 19:50:00,0.910579535576022,False
2022-06-12 20:00:00,1.0211921281945902,False
2022-06-12 20:10:00,1.013469628885902,False
2022-06-12 20:20:00,0.8686978609063187,False
2022-06-12 20:30:00,0.9751273860057588,False
2022-06-12 20:40:00,1.0209663592120104,False
2022-06-12 20:50:00,0.8526038266613178,False
2022-06-12 21:00:00,1.0337093663660453,False
2022-06-12 21:10:00,0.9829496328439791,False
2022-06-12 21:20:00,0.8219239008844865,False
2022-06-12 21:30:00,0.9467135356441092,False
2022-06-12 21:40:00,1.0584040426279282,False
2022-06-12 21:50:00,0.8426650029382481,False
2022-06-12 22:00:00,0.981260260123809,False
2022-06-12 22:10:00,0.9677866707697249,False
2022-06-12 22:20:00,1.1500183912763917,False
2022-06-12 22:30:00,0.9362542969452093,False
2022-06-12 22:40:00,0.9754435670842261,False
2022-06-12 22:50:00,0.9002729642408709,False
2022-06-12 23:00:00,0.8340212613143198,False
2022-06-12 23:10:00,0.8062752755822151,False
2022-06-12 23:20:00,0.7879787255982236,False
2022-06-12 23:30:00,0.862706957833772,False
2022-06-12 23:40:00,1.1059384264370342,False
2022-06-12 23:50:00,0.9643041561925618,False
2022-06-13 00:00:00,1.1388680586854245,False
2022-06-13 00:10:00,0.9352067584475519,False
2022-06-13 00:20:00,1.0110680629641098,False
2022-06-13 00:30:00,,False
2022-06-13 00:40:00,1.0163187496789439,False
2022-06-13 00:50:00,1.098376895428072,False
2022-06-13 01:00:00,1.0617091120107438,False
2022-06-13 01:10:00,1.0266804078061584,False
2022-06-13 01:20:00,0.8328152884910898,False
2022-06-13 01:30:00,1.0095653072626194,False
2022-06-13 01:40:00,1.0898231072219078,False
2022-06-13 01:50:00,0.8859924018177749,False
2022-06-13 02:00:00,0.9819858053507422,False
2022-06-13 02:10:00,0.9273117895238903,False
2022-06-13 02:20:00,1.1171210226664088,False
2022-06-13 02:30:00,1.1002142587073473,False
2022-06-13 02:40:00,0.9730764351700385,False
2022-06-13 02:50:00,1.1922729691524474,False
2022-06-13 03:00:00,0.9047379495633325,False
2022-06-13 03:10:00,1.0717800693388455,False
2022-06-13 03:20:00,0.9688566792002942,False
2022-06-13 03:30:00,0.9609912750440415,False
2022-06-13 03:40:00,1.1375025390245228,False
2022-06-13 03:50:00,1.0877931081865893,False
2022-06-13 04:00:00,0.9118819997297257,False
2022-06-13 04:10:00,0.740044952768591,False
2022-06-13 04:20:00,1.0278162828594193,False
2022-06-13 04:30:00,0.9516742097204602,False
2022-06-13 04:40:00,1.1185351665764733,False
2022-06-13 04:50:00,0.9706295757368947,False
2022-06-13 05:00:00,1.0042339534334408,False
2022-06-13 05:10:00,1.0245134096654953,False
2022-06-13 05:20:00,1.1389962677106897,False
2022-06-13 05:30:00,0.9161503228003478,False
2022-06-13 05:40:00,0.9531151983257001,False
2022-06-13 05:50:00,,False
2022-06-13 06:00:00,1.298981640882323,False
2022-06-13 06:10:00,1.073667303987785,False
2022-06-13 06:20:00,,False
2022-06-13 06:30:00,1.0948913680419132,False
2022-06-13 06:40:00,0.980947753600519,False
2022-06-13 06:50:00,1.1203404436247082,False
2022-06-13 07:00:00,0.9375086111735176,False
2022-06-13 07:10:00,1.0110982048773436,False
2022-06-13 07:20:00,0.9692270262623696,False
2022-06-13 07:30:00,1.1086877876018113,False
2022-06-13 07:40:00,1.025936137366579,False
2022-06-13 07:50:00,1.0634890303165632,False
2022-06-13 08:00:00,0.8806160215362773,False
2022-06-13 08:10:00,0.9145192051684083,False
2022-06-13 08:20:00,0.9884089961653433,False
2022-06-13 08:30:00,1.0167090201469706,False
2022-06-13 08:40:00,1.0741601742990534,False
2022-06-13 08:50:00,0.9229880916658524,False
2022-06-13 09:00:00,1.0902275178230798,False
2022-06-13 09:10:00,1.0294804259594734,False
2022-06-13 09:20:00,0.9915428910589151,False
2022-06-13 09:30:00,0.9588991854765303,False
2022-06-13 09:40:00,,False
2022-06-13 09:50:00,,False
2022-06-13 10:00:00,0.9197317489598456,False
2022-06-13 10:10:00,1.0761183761869355,False
2022-06-13 10:20:00,1.0576792957483785,False
2022-06-13 10:30:00,0.9180212484993776,False
2022-06-13 10:40:00,0.8883709590945364,False
2022-06-13 10:50:00,0.9295176870574369,False
2022-06-13 11:00:00,1.0607663347334542,False
2022-06-13 11:10:00,0.9259211890871367,False
2022-06-13 11:20:00,1.0477294542298234,False
2022-06-13 11:30:00,0.9876472620902071,False
2022-06-13 11:40:00,1.1399752350027628,False
2022-06-13 11:50:00,1.1348002527130336,False
2022-06-13 12:00:00,1.0457359133313446,False
2022-06-13 12:10:00,0.8905785470870217,False
2022-06-13 12:20:00,0.9350079617216204,False
2022-06-13 12:30:00,1.1000832171022457,False
2022-06-13 12:40:00,1.0815502324451693,False
2022-06-13 12:50:00,1.0700354051289482,False
2022-06-13 13:00:00,0.9197614709886912,False
2022-06-13 13:10:00,1.143013536029982,False
2022-06-13 13:20:00,0.8671173716382428,False
2022-06-13 13:30:00,0.9251861120135182,False
2022-06-13 13:40:00,1.0487889736606293,False
2022-06-13 13:50:00,0.8575337356834782,False
2022-06-13 14:00:00,0.9062733776529228,False
2022-06-13 14:10:00,1.0014337399249267,False
2022-06-13 14:20:00,1.0961619399364348,False
2022-06-13 14:30:00,1.1443377078015045,False
2022-06-13 14:40:00,1.0376074590765452,False
2022-06-13 14:50:00,0.9546606411410542,False
2022-06-13 15:00:00,1.0373146325953577,False
2022-06-13 15:10:00,,False
2022-06-13 15:20:00,1.1225545515255777,False
2022-06-13 15:30:00,1.0702380662967503,False
2022-06-13 15:40:00,1.0104424694233476,False
2022-06-13 15:50:00,0.9971020488456089,False
2022-06-13 16:00:00,0.9084524963706211,False
2022-06-13 16:10:00,1.1107324200866489,False
2022-06-13 16:20:00,1.0182377454551326,False
2022-06-13 16:30:00,1.0119995235083423,False
2022-06-13 16:40:00,0.9906147539110594,False
2022-06-13 16:50:00,1.222835292341615,False
2022-06-13 17:00:00,0.9848762442507548,False
2022-06-13 17:10:00,1.113521920454519,False
2022-06-13 17:20:00,1.0412732588815237,False
2022-06-13 17:30:00,0.8969502114522909,False
2022-06-13 17:40:00,1.0207816032877113,False
2022-06-13 17:50:00,1.0041826100312672,False
2022-06-13 18:00:00,0.9238081771122493,False
2022-06-13 18:10:00,0.9550654679966369,False
2022-06-13 18:20:00,,False
2022-06-13 18:30:00,1.0337473450135122,False
2022-06-13 18:40:00,1.0953916356338826,False
2022-06-13 18:50:00,1.023141815650692,False
2022-06-13 19:00:00,1.0141117941445779,False
2022-06-13 19:10:00,1.0932960110735426,False
2022-06-13 19:20:00,0.7582483668922856,False
2022-06-13 19:30:00,0.9351567459782907,False
2022-06-13 19:40:00,1.0462702460227065,False
2022-06-13 19:50:00,0.9537745629259262,False
2022-06-13 20:00:00,1.1384778025957751,False
2022-06-13 20:10:00,1.1743288035746633,False
2022-06-13 20:20:00,0.876411851129877,False
2022-06-13 20:30:00,1.13054544315532,False
2022-06-13 20:40:00,1.2327931309124787,False
2022-06-13 20:50:00,,False
2022-06-13 21:00:00,0.9770325059280285,False
2022-06-13 21:10:00,1.1022014202309227,False
2022-06-13 21:20:00,0.9887949938115476,False
2022-06-13 21:30:00,0.9938617491181398,False
2022-06-13 21:40:00,0.8179101174066232,False
2022-06-13 21:50:00,0.975170827765173,False
2022-06-13 22:00:00,1.0895454534571074,False
2022-06-13 22:10:00,0.9297886796379341,False
2022-06-13 22:20:00,0.9474683689603169,False
2022-06-13 22:30:00,1.1707027637280742,False
2022-06-13 22:40:00,0.9620118984293174,False
2022-06-13 22:50:00,0.9325633119240774,False
2022-06-13 23:00:00,1.2112688876512563,False
2022-06-13 23:10:00,0.9836267487700343,False
2022-06-13 23:20:00,,False
2022-06-13 23:30:00,1.041457664630012,False
2022-06-13 23:40:00,0.9005398011726722,False
2022-06-13 23:50:00,0.9771788605480987,False
2022-06-14 00:00:00,0.8574327027368971,False
2022-06-14 00:10:00,,False
2022-06-14 00:20:00,1.0867489261167158,False
2022-06-14 00:30:00,0.9131410162694065,False
2022-06-14 00:40:00,1.1468323457706902,False
2022-06-14 00:50:00,0.8563774331474721,False
2022-06-14 01:00:00,1.0453602036607021,False
2022-06-14 01:10:00,1.2093854782862414,False
2022-06-14 01:20:00,1.0881106167446593,False
2022-06-14 01:30:00,0.8540011837223911,False
2022-06-14 01:40:00,,False
2022-06-14 01:50:00,1.0427453671563298,False
2022-06-14 02:00:00,0.9667102903573455,False
2022-06-14 02:10:00,0.9286347035840177,False
2022-06-14 02:20:00,1.061507014462881,False
2022-06-14 02:30:00,1.1472679204418623,False
2022-06-14 02:40:00,1.0316571975110522,False
2022-06-14 02:50:00,0.9438644428526856,False
2022-06-14 03:00:00,0.9382750662096984,False
2022-06-14 03:10:00,0.9106050914655103,False
2022-06-14 03:20:00,1.0012605101518393,False
2022-06-14 03:30:00,0.915513853642089,False
2022-06-14 03:40:00,1.0973647902204444,False
2022-06-14 03:50:00,0.984320836086435,False
2022-06-14 04:00:00,0.9306929076448799,False
2022-06-14 04:10:00,1.0831877573019917,False
2022-06-14 04:20:00,0.880692594283843,False
2022-06-14 04:30:00,1.1056416223705332,False
2022-06-14 04:40:00,0.9889838282399198,False
2022-06-14 04:50:00,1.0684627001642428,False
2022-06-14 05:00:00,0.9470969215097444,False
2022-06-14 05:10:00,1.10163986604468,False
2022-06-14 05:20:00,0.9756205751428508,False
2022-06-14 05:30:00,1.022795018716247,False
2022-06-14 05:40:00,,False
2022-06-14 05:50:00,1.2036358081676397,False
2022-06-14 06:00:00,1.0566669678031442,False
2022-06-14 06:10:00,0.9667850708609562,False
2022-06-14 06:20:00,0.9612439247031354,False
2022-06-14 06:30:00,0.8866109956546585,False
2022-06-14 06:40:00,1.075176599694131,False
2022-06-14 06:50:00,1.0724230836267654,False
2022-06-14 07:00:00,1.0664118033513956,False
2022-06-14 07:10:00,1.1302519007274014,False
2022-06-14 07:20:00,0.8696114135881889,False
2022-06-14 07:30:00,1.1620934612167853,False
2022-06-14 07:40:00,0.8771511712110756,False
2022-06-14 07:50:00,1.0790763493129445,False
2022-06-14 08:00:00,1.0097717340928036,False
2022-06-14 08:10:00,1.1391369254404267,False
2022-06-14 08:20:00,0.9623731111033916,False
2022-06-14 08:30:00,0.9053737383435609,False
2022-06-14 08:40:00,1.1030880958581348,False
2022-06-14 08:50:00,1.0959004366144969,False
2022-06-14 09:00:00,0.9319943504310919,False
2022-06-14 09:10:00,0.8685470716268179,False
2022-06-14 09:20:00,0.9290887587035501,False
2022-06-14 09:30:00,0.8694446330507708,False
2022-06-14 09:40:00,0.9848200579304067,False
2022-06-14 09:50:00,1.0370339947590084,False
2022-06-14 10:00:00,0.8758433508188219,False
2022-06-14 10:10:00,1.065526884646897,False
2022-06-14 10:20:00,0.747374164497339,False
2022-06-14 10:30:00,1.0296692786916941,False
2022-06-14 10:40:00,0.8040201025352124,False
2022-06-14 10:50:00,1.0554612075007976,False
2022-06-14 11:00:00,1.1821308922519327,False
2022-06-14 11:10:00,1.018039671120662,False
2022-06-14 11:20:00,1.1097294238759132,False
2022-06-14 11:30:00,1.0743555527891004,False
2022-06-14 11:40:00,0.8461244448910852,False
2022-06-14 11:50:00,1.0919526240306636,False
2022-06-14 12:00:00,1.162315695289038,False
2022-06-14 12:10:00,1.0004021469605084,False
2022-06-14 12:20:00,0.9890511968453032,False
2022-06-14 12:30:00,0.947588109026531,False
2022-06-14 12:40:00,0.9293798308729293,False
2022-06-14 12:50:00,0.9429775400908967,False
2022-06-14 13:00:00,0.940806073330186,False
2022-06-14 13:10:00,1.091588948155684,False
2022-06-14 13:20:00,0.9370694250429124,False
2022-06-14 13:30:00,0.9886842710178962,False
2022-06-14 13:40:00,1.1258469500246968,False
2022-06-14 13:50:00,1.0060646908455435,False
2022-06-14 14:00:00,1.0963522962908252,False
2022-06-14 14:10:00,1.1724002529907653,False
2022-06-14 14:20:00,,False
2022-06-14 14:30:00,,False
2022-06-14 14:40:00,0.9174312669598619,False
2022-06-14 14:50:00,0.9942802076557876,False
2022-06-14 15:00:00,1.0206356120231468,False
2022-06-14 15:10:00,0.9632826633582239,False
2022-06-14 15:20:00,0.9859369082758556,False
2022-06-14 15:30:00,0.9396353858232649,False
2022-06-14 15:40:00,,False
2022-06-14 15:50:00,0.9614947515363124,False
2022-06-14 16:00:00,0.9665185883736676,False
2022-06-14 16:10:00,0.9081180501862567,False
2022-06-14 16:20:00,1.1723485491569587,False
2022-06-14 16:30:00,1.0315028249523657,False
2022-06-14 16:40:00,0.839171296876645,False
2022-06-14 16:50:00,0.8819190600328729,False
2022-06-14 17:00:00,1.069117216656132,False
2022-06-14 17:10:00,1.127241337370295,False
2022-06-14 17:20:00,1.0475741840562924,False
2022-06-14 17:30:00,1.0062714633351424,False
2022-06-14 17:40:00,1.005745428243882,False
2022-06-14 17:50:00,1.0118723510152414,False
2022-06-14 18:00:00,1.0846215001933908,False
2022-06-14 18:10:00,0.9065202782251178,False
2022-06-14 18:20:00,1.0897435717292239,False
2022-06-14 18:30:00,1.2029852967096362,False
2022-06-14 18:40:00,0.9114517438255268,False
2022-06-14 18:50:00,0.94475287381709,False
2022-06-14 19:00:00,,False
2022-06-14 19:10:00,1.1020635737378277,False
2022-06-14 19:20:00,,False
2022-06-14 19:30:00,,False
2022-06-14 19:40:00,0.947486311355225,False
2022-06-14 19:50:00,1.3545089655267677,False
2022-06-14 20:00:00,1.0738620978500628,False
2022-06-14 20:10:00,1.144353504680832,False
2022-06-14 20:20:00,1.0486686711310023,False
2022-06-14 20:30:00,,False
2022-06-14 20:40:00,1.0666528152541697,False
2022-06-14 20:50:00,0.8799911529518776,False
2022-06-14 21:00:00,0.9737709199190534,False
2022-06-14 21:10:00,0.8759265178111943,False
2022-06-14 21:20:00,0.9741164863924796,False
2022-06-14 21:30:00,0.9453618303334275,False
2022-06-14 21:40:00,0.932319309034195,False
2022-06-14 21:50:00,0.9200265806328114,False
2022-06-14 22:00:00,0.959234368754593,False
2022-06-14 22:10:00,1.2047739704106188,False
2022-06-14 22:20:00,1.1061660819909758,False
2022-06-14 22:30:00,0.8737819671664505,False
2022-06-14 22:40:00,0.9975872765284973,False
2022-06-14 22:50:00,0.9775111307201266,False
2022-06-14 23:00:00,1.1119450929586612,False
2022-06-14 23:10:00,0.8895735639507475,False
2022-06-14 23:20:00,1.1991878462129149,False
2022-06-14 23:30:00,0.9310141251308705,False
2022-06-14 23:40:00,0.8657649016847238,False
2022-06-14 23:50:00,1.0113715193549648,False
2022-06-15 00:00:00,0.9050046437574504,False
2022-06-15 00:10:00,1.09479775070368,False
2022-06-15 00:20:00,0.9545579864486223,False
2022-06-15 00:30:00,0.9577265882812457,False
2022-06-15 00:40:00,1.0147714737896538,False
2022-06-15 00:50:00,1.0367039656827655,False
2022-06-15 01:00:00,0.9212544525798184,False
2022-06-15 01:10:00,1.0763112453822243,False
2022-06-15 01:20:00,1.1296951270968247,False
2022-06-15 01:30:00,0.8821564776832895,False
2022-06-15 01:40:00,1.0836706325231225,False
2022-06-15 01:50:00,0.8493632590289348,False
2022-06-15 02:00:00,1.0025295425310523,False
2022-06-15 02:10:00,0.9175432908349318,False
2022-06-15 02:20:00,0.8871128682638866,False
2022-06-15 02:30:00,0.7830162420995057,False
2022-06-15 02:40:00,0.939425719974474,False
2022-06-15 02:50:00,1.2536572129121277,False
2022-06-15 03:00:00,1.115425083442939,False
2022-06-15 03:10:00,0.8936131532890906,False
2022-06-15 03:20:00,0.9160924153508397,False
2022-06-15 03:30:00,0.8360297218418415,False
2022-06-15 03:40:00,,False
2022-06-15 03:50:00,0.9881506006567555,False
2022-06-15 04:00:00,1.1123703625507142,False
2022-06-15 04:10:00,0.9569577894737709,False
2022-06-15 04:20:00,1.035071234493204,False
2022-06-15 04:30:00,1.140330777444194,False
2022-06-15 04:40:00,1.1242057027595125,False
2022-06-15 04:50:00,1.1002886109346306,False
2022-06-15 05:00:00,1.1883237038726657,False
2022-06-15 05:10:00,1.057953554309553,False
2022-06-15 05:20:00,0.8541604327472962,False
2022-06-15 05:30:00,0.8671164642886738,False
2022-06-15 05:40:00,0.8865374038463479,False
2022-06-15 05:50:00,1.040534099848419,False
2022-06-15 06:00:00,1.1382355713184538,False
2022-06-15 06:10:00,1.0951111977456929,False
2022-06-15 06:20:00,0.9071196461386225,False
2022-06-15 06:30:00,0.8919364437716073,False
2022-06-15 06:40:00,0.8527140199351932,False
2022-06-15 06:50:00,0.9487486157894898,False
2022-06-15 07:00:00,0.9969800975541959,False
2022-06-15 07:10:00,0.9082424769465991,False
2022-06-15 07:20:00,0.7747158764593322,False
2022-06-15 07:30:00,1.1727851331306418,False
2022-06-15 07:40:00,0.8442373795888527,False
2022-06-15 07:50:00,0.9728028838049187,False
2022-06-15 08:00:00,0.9515749139286924,False
2022-06-15 08:10:00,0.8195296112308108,False
2022-06-15 08:20:00,0.8423897127785319,False
2022-06-15 08:30:00,0.8935399273213275,False
2022-06-15 08:40:00,0.8994004194243177,False
2022-06-15 08:50:00,1.0683457813585802,False
2022-06-15 09:00:00,,False
2022-06-15 09:10:00,0.9855407219968332,False
2022-06-15 09:20:00,1.0136423620230617,False
2022-06-15 09:30:00,0.9669552795089912,False
2022-06-15 09:40:00,0.8577952234116794,False
2022-06-15 09:50:00,1.013485798555302,False
2022-06-15 10:00:00,0.9963893185632491,False
2022-06-15 10:10:00,0.9706878612358325,False
2022-06-15 10:20:00,0.8925325462071964,False
2022-06-15 10:30:00,0.9236125413856733,False
2022-06-15 10:40:00,0.8937412979628144,False
2022-06-15 10:50:00,1.0780167737666018,False
2022-06-15 11:00:00,1.1512767009686853,False
2022-06-15 11:10:00,1.0364181994720556,False
2022-06-15 11:20:00,0.9204897654347468,False
2022-06-15 11:30:00,0.9970941092463705,False
2022-06-15 11:40:00,0.9777021163016197,False
2022-06-15 11:50:00,1.1428437622092216,False
2022-06-15 12:00:00,1.2783073071090678,False
2022-06-15 12:10:00,1.0333568739754428,False
2022-06-15 12:20:00,1.0545309891473917,False
2022-06-15 12:30:00,1.0321983027774473,False
2022-06-15 12:40:00,0.8748636647968864,False
2022-06-15 12:50:00,0.9918039345516685,False
2022-06-15 13:00:00,0.9307258673912108,False
2022-06-15 13:10:00,1.0272773720530937,False
2022-06-15 13:20:00,,False
2022-06-15 13:30:00,1.0216680775998372,False
2022-06-15 13:40:00,0.8446021538173837,False
2022-06-15 13:50:00,1.0160858091025715,False
2022-06-15 14:00:00,1.0576120228110981,False
2022-06-15 14:10:00,1.0132885003715584,False
2022-06-15 14:20:00,1.0271869531841362,False
2022-06-15 14:30:00,0.8195674817225659,False
2022-06-15 14:40:00,0.9104000614414733,False
2022-06-15 14:50:00,1.1520626687783766,False
2022-06-15 15:00:00,0.9297187020760127,False
2022-06-15 15:10:00,0.9947860260885392,False
2022-06-15 15:20:00,1.2175394853556325,False
2022-06-15 15:30:00,0.9066525909275924,False
2022-06-15 15:40:00,0.9110825829493995,False
2022-06-15 15:50:00,1.0092012406528186,False
2022-06-15 16:00:00,,False
2022-06-15 16:10:00,1.0286249294118281,False
2022-06-15 16:20:00,,False
2022-06-15 16:30:00,1.0463923173826675,False
2022-06-15 16:40:00,1.0704254611449229,False
2022-06-15 16:50:00,0.9210334947313341,False
2022-06-15 17:00:00,1.0987015499374808,False
2022-06-15 17:10:00,1.12896600004497,False
2022-06-15 17:20:00,0.954262397064818,False
2022-06-15 17:30:00,,False
2022-06-15 17:40:00,1.0901952764045963,False
2022-06-15 17:50:00,0.9052939501335576,False
2022-06-15 18:00:00,1.0830855803439232,False
2022-06-15 18:10:00,1.050643485362414,False
2022-06-15 18:20:00,1.0515794152464102,False
2022-06-15 18:30:00,1.1608754050749839,False
2022-06-15 18:40:00,0.8922126494905513,False
2022-06-15 18:50:00,0.971668948994576,False
2022-06-15 19:00:00,0.9086105694078586,False
2022-06-15 19:10:00,1.0435196434705472,False
2022-06-15 19:20:00,0.9359883549354243,False
2022-06-15 19:30:00,,False
2022-06-15 19:40:00,1.00394251364225,False
2022-06-15 19:50:00,0.9244688874193723,False
2022-06-15 20:00:00,0.9548517499971423,False
2022-06-15 20:10:00,0.8797272215818723,False
2022-06-15 20:20:00,1.0821653861712401,False
2022-06-15 20:30:00,0.8664133710595074,False
2022-06-15 20:40:00,0.9335858671618547,False
2022-06-15 20:50:00,1.059384481508055,False
2022-06-15 21:00:00,0.7964257205166175,False
2022-06-15 21:10:00,1.0550579597981269,False
2022-06-15 21:20:00,,False
2022-06-15 21:30:00,,False
2022-06-15 21:40:00,0.945225854798399,False
2022-06-15 21:50:00,0.9471774397798467,False
2022-06-15 22:00:00,0.8936424641490565,False
2022-06-15 22:10:00,1.1170688346452124,False
2022-06-15 22:20:00,0.8403296132816248,False
2022-06-15 22:30:00,0.9290047653669595,False
2022-06-15 22:40:00,1.1040054818833782,False
2022-06-15 22:50:00,1.0591792588644424,False
2022-06-15 23:00:00,1.088420815551846,False
2022-06-15 23:10:00,1.183329619500773,False
2022-06-15 23:20:00,1.0060709959144627,False
2022-06-15 23:30:00,1.0447153925691797,False
2022-06-15 23:40:00,0.8642024603069662,False
2022-06-15 23:50:00,1.0317919075433142,False
2022-06-16 00:00:00,0.9874889886327065,False
2022-06-16 00:10:00,0.8328123019940255,False
2022-06-16 00:20:00,,False
2022-06-16 00:30:00,1.0730677940021518,False
2022-06-16 00:40:00,0.8995590453052658,False
2022-06-16 00:50:00,0.9765372924420883,False
2022-06-16 01:00:00,0.8536351490723648,False
2022-06-16 01:10:00,1.2279146949937718,False
2022-06-16 01:20:00,0.9968849069216665,False
2022-06-16 01:30:00,0.9944972619240782,False
2022-06-16 01:40:00,1.0329859483413215,False
2022-06-16 01:50:00,0.9123092735733059,False
2022-06-16 02:00:00,1.022269477411182,False
2022-06-16 02:10:00,1.0420501749261928,False
2022-06-16 02:20:00,0.9369269962818467,False
2022-06-16 02:30:00,0.8337936860474513,False
2022-06-16 02:40:00,0.9044128372629032,False
2022-06-16 02:50:00,0.8616239760714623,False
2022-06-16 03:00:00,0.9654137131381214,False
2022-06-16 03:10:00,1.0140656645619308,False
2022-06-16 03:20:00,1.0155703430161078,False
2022-06-16 03:30:00,0.9188094573086713,False
2022-06-16 03:40:00,1.016470327156153,False
2022-06-16 03:50:00,1.2303702042835085,False
2022-06-16 04:00:00,0.9387461909907209,False
2022-06-16 04:10:00,0.8481309770216053,False
2022-06-16 04:20:00,0.900073844697596,False
2022-06-16 04:30:00,0.9253035081867471,False
2022-06-16 04:40:00,1.0882561082303894,False
2022-06-16 04:50:00,1.109777492073753,False
2022-06-16 05:00:00,0.8953747072618069,False
2022-06-16 05:10:00,1.0401205249589716,False
2022-06-16 05:20:00,0.9565669260850406,False
2022-06-16 05:30:00,1.0259818069582207,False
2022-06-16 05:40:00,1.1651659003107357,False
2022-06-16 05:50:00,1.0785793457858244,False
2022-06-16 06:00:00,0.9391128808837295,False
2022-06-16 06:10:00,0.8701788977825706,False
2022-06-16 06:20:00,1.1645477903560053,False
2022-06-16 06:30:00,0.9366017240503566,False
2022-06-16 06:40:00,0.9944526126861745,False
2022-06-16 06:50:00,,False
2022-06-16 07:00:00,0.9998270337498972,False
2022-06-16 07:10:00,1.083119710664473,False
2022-06-16 07:20:00,0.9349944540976115,False
2022-06-16 07:30:00,0.9912485730458078,False
2022-06-16 07:40:00,1.0095968528038826,False
2022-06-16 07:50:00,1.06398585828712,False
2022-06-16 08:00:00,1.168492175212864,False
2022-06-16 08:10:00,0.8519518551054647,False
2022-06-16 08:20:00,0.9165698359342607,False
2022-06-16 08:30:00,1.0452720151691919,False
2022-06-16 08:40:00,0.8855051006236463,False
2022-06-16 08:50:00,0.9767968007097175,False
2022-06-16 09:00:00,0.9812210235050502,False
2022-06-16 09:10:00,0.9626287277496429,False
2022-06-16 09:20:00,0.9963447244959557,False
2022-06-16 09:30:00,1.0428990314606927,False
2022-06-16 09:40:00,1.059676905146536,False
2022-06-16 09:50:00,1.0725602161414582,False
2022-06-16 10:00:00,1.0383273908002493,False
2022-06-16 10:10:00,0.9660689582492773,False
2022-06-16 10:20:00,1.1308178529593018,False
2022-06-16 10:30:00,1.1009668426374328,False
2022-06-16 10:40:00,1.1807163156846958,False
2022-06-16 10:50:00,0.8184895793964257,False
2022-06-16 11:00:00,1.0173810296879726,False
2022-06-16 11:10:00,0.998785797224969,False
2022-06-16 11:20:00,1.224269159094334,False
2022-06-16 11:30:00,0.8953692029193411,False
2022-06-16 11:40:00,1.1890099357495054,False
2022-06-16 11:50:00,0.90495498907642,False
2022-06-16 12:00:00,0.9487138454739287,False
2022-06-16 12:10:00,0.9452129982901815,False
2022-06-16 12:20:00,1.0969215555965475,False
2022-06-16 12:30:00,0.9348495359492824,False
2022-06-16 12:40:00,0.9992402406180669,False
2022-06-16 12:50:00,1.1089469099265084,False
2022-06-16 13:00:00,1.0032775714417528,False
2022-06-16 13:10:00,0.875054399971295,False
2022-06-16 13:20:00,0.9898249520898142,False
2022-06-16 13:30:00,1.0716826044840515,False
2022-06-16 13:40:00,1.075081363824803,False
2022-06-16 13:50:00,1.0298680378240412,False
2022-06-16 14:00:00,1.0169575690171437,False
2022-06-16 14:10:00,1.2320168334437087,False
2022-06-16 14:20:00,0.9482533602155789,False
2022-06-16 14:30:00,0.905263080446499,False
2022-06-16 14:40:00,,False
2022-06-16 14:50:00,1.093132967143884,False
2022-06-16 15:00:00,0.9677807025006515,False
2022-06-16 15:10:00,0.9093885300289422,False
2022-06-16 15:20:00,,False
2022-06-16 15:30:00,0.9422716913436329,False
2022-06-16 15:40:00,1.1767899044973138,False
2022-06-16 15:50:00,0.9677008349565599,False
2022-06-16 16:00:00,1.0379228891527292,False
2022-06-16 16:10:00,1.0987787724152498,False
2022-06-16 16:20:00,1.0379531616704252,False
2022-06-16 16:30:00,1.016828286335203,False
2022-06-16 16:40:00,0.9375587739214697,False
2022-06-16 16:50:00,0.939360591777125,False
2022-06-16 17:00:00,0.7491836148354076,False
2022-06-16 17:10:00,0.8954069868198437,False
2022-06-16 17:20:00,0.9147132191648839,False
2022-06-16 17:30:00,0.9950114104359975,False
2022-06-16 17:40:00,0.8679234531338049,False
2022-06-16 17:50:00,1.2660112088613926,False
2022-06-16 18:00:00,1.0498501160878029,False
2022-06-16 18:10:00,1.0367731522448322,False
2022-06-16 18:20:00,,False
2022-06-16 18:30:00,0.9412343017090856,False
2022-06-16 18:40:00,0.8455193638008609,False
2022-06-16 18:50:00,1.0026713486956607,False
2022-06-16 19:00:00,,False
2022-06-16 19:10:00,0.9971004608477588,False
2022-06-16 19:20:00,1.0550082220157089,False
2022-06-16 19:30:00,1.0782645279340581,False
2022-06-16 19:40:00,1.1384827732518576,False
2022-06-16 19:50:00,0.8996719798847331,False
2022-06-16 20:00:00,0.9834784190508166,False
2022-06-16 20:10:00,1.0498332607890357,False
2022-06-16 20:20:00,0.8446687179749127,False
2022-06-16 20:30:00,0.9832751178421578,False
2022-06-16 20:40:00,1.0342637992360408,False
2022-06-16 20:50:00,1.1061866818386759,False
2022-06-16 21:00:00,1.0404906434914851,False
2022-06-16 21:10:00,1.1656975466251966,False
2022-06-16 21:20:00,1.0326557841198145,False
2022-06-16 21:30:00,0.94320079935669,False
2022-06-16 21:40:00,1.2500632888665542,False
2022-06-16 21:50:00,1.0801776167904324,False
2022-06-16 22:00:00,0.9363849395441359,False
2022-06-16 22:10:00,0.9583566665256963,False
2022-06-16 22:20:00,0.7924376029719753,False
2022-06-16 22:30:00,1.0528837431030666,False
2022-06-16 22:40:00,0.9285055074048578,False
2022-06-16 22:50:00,1.2539810300968253,False
2022-06-16 23:00:00,1.0364256062420063,False
2022-06-16 23:10:00,0.8929893142436107,False
2022-06-16 23:20:00,1.0689052204669565,False
2022-06-16 23:30:00,,False
2022-06-16 23:40:00,1.1234283711435618,False
2022-06-16 23:50:00,1.0159538078347832,False
2022-06-17 00:00:00,1.0251344052571378,False
2022-06-17 00:10:00,0.919196612532992,False
2022-06-17 00:20:00,1.1337704590328208,False
2022-06-17 00:30:00,0.9478038367146827,False
2022-06-17 00:40:00,1.0947658906595266,False
2022-06-17 00:50:00,,False
2022-06-17 01:00:00,1.1180656014384316,False
2022-06-17 01:10:00,1.1203857559891213,False
2022-06-17 01:20:00,0.8580649339899287,False
2022-06-17 01:30:00,0.9176593303651863,False
2022-06-17 01:40:00,1.2388402599152544,False
2022-06-17 01:50:00,1.0366291323431873,False
2022-06-17 02:00:00,0.8170865881423924,False
2022-06-17 02:10:00,0.9044698839090417,False
2022-06-17 02:20:00,0.9813053887370569,False
2022-06-17 02:30:00,0.9111883723592241,False
2022-06-17 02:40:00,1.2013280678791662,False
2022-06-17 02:50:00,1.1760251372292474,False
2022-06-17 03:00:00,0.9797561317054493,False
2022-06-17 03:10:00,1.0530640607186232,False
2022-06-17 03:20:00,0.9898603783546817,False
2022-06-17 03:30:00,0.9394119239766339,False
2022-06-17 03:40:00,1.0302496948011532,False
2022-06-17 03:50:00,0.9379056161590605,False
2022-06-17 04:00:00,1.0065878070247145,False
2022-06-17 04:10:00,0.9892223001859842,False
2022-06-17 04:20:00,0.9528852011355552,False
2022-06-17 04:30:00,0.9459322534637628,False
2022-06-17 04:40:00,1.1121714313727045,False
2022-06-17 04:50:00,0.956039388570741,False
2022-06-17 05:00:00,0.9664605834671272,False
2022-06-17 05:10:00,1.029863932866061,False
2022-06-17 05:20:00,0.9735171266979598,False
2022-06-17 05:30:00,0.8803859275013138,False
2022-06-17 05:40:00,1.0973732970835397,False
2022-06-17 05:50:00,1.033001951104449,False
2022-06-17 06:00:00,0.8766037745169184,False
2022-06-17 06:10:00,,False
2022-06-17 06:20:00,1.0447997160300453,False
2022-06-17 06:30:00,,False
2022-06-17 06:40:00,0.7902123620983637,False
2022-06-17 06:50:00,0.8713877272482384,False
2022-06-17 07:00:00,1.2431700636454397,False
2022-06-17 07:10:00,0.9751391467173217,False
2022-06-17 07:20:00,0.841749300900265,False
2022-06-17 07:30:00,,False
2022-06-17 07:40:00,1.0717324964046888,False
2022-06-17 07:50:00,0.9550090388888253,False
2022-06-17 08:00:00,1.0284060788081753,False
2022-06-17 08:10:00,1.0101800696828855,False
2022-06-17 08:20:00,0.9379260654748618,False
2022-06-17 08:30:00,1.0068657348902676,False
2022-06-17 08:40:00,1.0067973640174934,False
2022-06-17 08:50:00,0.9709018284677494,False
2022-06-17 09:00:00,,False
2022-06-17 09:10:00,0.9954802743748907,False
2022-06-17 09:20:00,1.0897906775580943,False
2022-06-17 09:30:00,0.9922563171044686,False
2022-06-17 09:40:00,0.7894917646460398,False
2022-06-17 09:50:00,0.8303837550540466,False
2022-06-17 10:00:00,0.9969855206179827,False
2022-06-17 10:10:00,0.8889442112305015,False
2022-06-17 10:20:00,1.259038744812976,False
2022-06-17 10:30:00,1.0329274615983417,False
2022-06-17 10:40:00,0.8438792777237302,False
2022-06-17 10:50:00,0.8623654218503243,False
2022-06-17 11:00:00,1.1179536150069733,False
2022-06-17 11:10:00,0.9528970539591799,False
2022-06-17 11:20:00,0.9852675174790763,False
2022-06-17 11:30:00,0.9159258666153711,False
2022-06-17 11:40:00,1.0841154300257778,False
2022-06-17 11:50:00,1.1038165008247847,False
2022-06-17 12:00:00,1.1100736480551463,False
2022-06-17 12:10:00,,False
2022-06-17 12:20:00,0.9793659929709377,False
2022-06-17 12:30:00,1.0850081092472614,False
2022-06-17 12:40:00,1.1470629965421473,False
2022-06-17 12:50:00,,False
2022-06-17 13:00:00,0.9290898481756245,False
2022-06-17 13:10:00,,False
2022-06-17 13:20:00,0.9980148751461999,False
2022-06-17 13:30:00,,False
2022-06-17 13:40:00,0.8958882520882825,False
2022-06-17 13:50:00,0.8769595174091032,False
2022-06-17 14:00:00,0.9428617676720592,False
2022-06-17 14:10:00,0.9709516830231779,False
2022-06-17 14:20:00,0.9665767163698761,False
2022-06-17 14:30:00,1.0786107705457328,False
2022-06-17 14:40:00,1.098070903944448,False
2022-06-17 14:50:00,1.0733028737571484,False
2022-06-17 15:00:00,0.8718032543223893,False
2022-06-17 15:10:00,1.1188307354271323,False
2022-06-17 15:20:00,0.9279170996888945,False
2022-06-17 15:30:00,0.9439319889957469,False
2022-06-17 15:40:00,1.151613257124354,False
2022-06-17 15:50:00,1.2571128870257253,False
2022-06-17 16:00:00,0.8551295010063644,False
2022-06-17 16:10:00,0.9072592678208878,False
2022-06-17 16:20:00,0.8849686313363787,False
2022-06-17 16:30:00,,False
2022-06-17 16:40:00,1.102378897365924,False
2022-06-17 16:50:00,1.0571197041484277,False
2022-06-17 17:00:00,1.115452158015775,False
2022-06-17 17:10:00,1.0060559039832384,False
2022-06-17 17:20:00,1.1163357696534,False
2022-06-17 17:30:00,1.241572040360829,False
2022-06-17 17:40:00,1.0008004652658018,False
2022-06-17 17:50:00,0.9150670584912669,False
2022-06-17 18:00:00,1.033789239065335,False
2022-06-17 18:10:00,0.9176526491635252,False
2022-06-17 18:20:00,,False
2022-06-17 18:30:00,,False
2022-06-17 18:40:00,1.0225112557848235,False
2022-06-17 18:50:00,1.034657158424764,False
2022-06-17 19:00:00,1.1438368339207026,False
2022-06-17 19:10:00,0.9586625169674152,False
2022-06-17 19:20:00,0.9438010125626466,False
2022-06-17 19:30:00,1.103617573795482,False
2022-06-17 19:40:00,1.047513927092595,False
2022-06-17 19:50:00,1.0786327000360247,False
2022-06-17 20:00:00,1.103190312906901,False
2022-06-17 20:10:00,1.0791475018394672,False
2022-06-17 20:20:00,0.9682426168136243,False
2022-06-17 20:30:00,1.05280275426812,False
2022-06-17 20:40:00,0.9318399517962568,False
2022-06-17 20:50:00,0.9432207647059181,False
2022-06-17 21:00:00,1.0540108064115574,False
2022-06-17 21:10:00,0.8548369244855882,False
2022-06-17 21:20:00,1.149213081819397,False
2022-06-17 21:30:00,0.8728543394655498,False
2022-06-17 21:40:00,1.1078667409309455,False
2022-06-17 21:50:00,,False
2022-06-17 22:00:00,0.9169937733902132,False
2022-06-17 22:10:00,1.0573607196625494,False
2022-06-17 22:20:00,1.1274547527531036,False
2022-06-17 22:30:00,1.0446583902454485,False
2022-06-17 22:40:00,1.096378335059935,False
2022-06-17 22:50:00,0.7993429963346899,False
2022-06-17 23:00:00,0.9815299290423516,False
2022-06-17 23:10:00,,False
2022-06-17 23:20:00,0.7980198070730689,False
2022-06-17 23:30:00,1.0108574300116056,False
2022-06-17 23:40:00,0.875334338865691,False
2022-06-17 23:50:00,0.9156638103547932,False
2022-06-18 00:00:00,1.1076537904113377,False
2022-06-18 00:10:00,1.093048335341804,False
2022-06-18 00:20:00,1.0725548178075734,False
2022-06-18 00:30:00,,False
2022-06-18 00:40:00,0.904046591054197,False
2022-06-18 00:50:00,0.9608739435622912,False
2022-06-18 01:00:00,0.9870494965176002,False
2022-06-18 01:10:00,1.1290901630519583,False
2022-06-18 01:20:00,,False
2022-06-18 01:30:00,0.9624095785777766,False
2022-06-18 01:40:00,1.0504920674168097,False
2022-06-18 01:50:00,1.0201895293414516,False
2022-06-18 02:00:00,1.0259056822005463,False
2022-06-18 02:10:00,1.1681795905379397,False
2022-06-18 02:20:00,1.1076114557118986,False
2022-06-18 02:30:00,1.1036484087701581,False
2022-06-18 02:40:00,0.8936588105990896,False
2022-06-18 02:50:00,1.045114833173714,False
2022-06-18 03:00:00,0.9992507533243693,False
2022-06-18 03:10:00,0.9288609058286856,False
2022-06-18 03:20:00,1.0767193496991079,False
2022-06-18 03:30:00,0.9588162853285788,False
2022-06-18 03:40:00,1.0325415346148614,False
2022-06-18 03:50:00,1.0724292960149144,False
2022-06-18 04:00:00,1.008074564887746,False
2022-06-18 04:10:00,0.8749153734947672,False
2022-06-18 04:20:00,1.1805075951296438,False
2022-06-18 04:30:00,1.048641198814626,False
2022-06-18 04:40:00,0.8714053146234386,False
2022-06-18 04:50:00,0.9392542389401943,False
2022-06-18 05:00:00,1.1018273601914517,False
2022-06-18 05:10:00,1.03661031937588,False
2022-06-18 05:20:00,1.0010697264650568,False
2022-06-18 05:30:00,1.0931420098427331,False
2022-06-18 05:40:00,1.0645014369828725,False
2022-06-18 05:50:00,1.0061477618120138,False
2022-06-18 06:00:00,,False
2022-06-18 06:10:00,,False
2022-06-18 06:20:00,1.0902969721602898,False
2022-06-18 06:30:00,0.8721144943388075,False
2022-06-18 06:40:00,0.7971880994040628,False
2022-06-18 06:50:00,1.048041782443153,False
2022-06-18 07:00:00,1.0335365574293298,False
2022-06-18 07:10:00,0.8122814669212735,False
2022-06-18 07:20:00,0.9400372921042391,False
2022-06-18 07:30:00,1.0341741131909212,False
2022-06-18 07:40:00,1.0652437113706803,False
2022-06-18 07:50:00,0.980397322540195,False
2022-06-18 08:00:00,0.935697221636377,False
2022-06-18 08:10:00,1.1356431362135297,False
2022-06-18 08:20:00,1.0953055150954703,False
2022-06-18 08:30:00,0.9866871945766562,False
2022-06-18 08:40:00,0.9133462336061078,False
2022-06-18 08:50:00,1.0090601287189438,False
2022-06-18 09:00:00,0.957939765061052,False
2022-06-18 09:10:00,0.9728374003254185,False
2022-06-18 09:20:00,1.0955936921977363,False
2022-06-18 09:30:00,1.0247212033388204,False
2022-06-18 09:40:00,0.9151889643735136,False
2022-06-18 09:50:00,1.0740953425182522,False
2022-06-18 10:00:00,1.109785964179833,False
2022-06-18 10:10:00,1.105590139603314,False
2022-06-18 10:20:00,1.0072628853274335,False
2022-06-18 10:30:00,1.1193101951593292,False
2022-06-18 10:40:00,0.9990097462299462,False
2022-06-18 10:50:00,0.9742197723387898,False
2022-06-18 11:00:00,,False
2022-06-18 11:10:00,0.8705164803049388,False
2022-06-18 11:20:00,0.9373189362951484,False
2022-06-18 11:30:00,1.0107674142357785,False
2022-06-18 11:40:00,,False
2022-06-18 11:50:00,0.8913146048753815,False
2022-06-18 12:00:00,1.0136771211229867,False
2022-06-18 12:10:00,1.1481719198563476,False
2022-06-18 12:20:00,0.9705072094225291,False
2022-06-18 12:30:00,1.2415526337651726,False
2022-06-18 12:40:00,1.213586726424826,False
2022-06-18 12:50:00,0.9937753056864534,False
2022-06-18 13:00:00,1.0210848817697342,False
2022-06-18 13:10:00,1.0319339684584692,False
2022-06-18 13:20:00,0.8263305409648892,False
2022-06-18 13:30:00,0.9706111547394461,False
2022-06-18 13:40:00,1.0054679937297721,False
2022-06-18 13:50:00,1.024106493406495,False
2022-06-18 14:00:00,1.0286757357163292,False
2022-06-18 14:10:00,0.9491483573148899,False
2022-06-18 14:20:00,1.0581585521765646,False
2022-06-18 14:30:00,1.1453987041221447,False
2022-06-18 14:40:00,0.9906217520354968,False
2022-06-18 14:50:00,0.9118668528775552,False
2022-06-18 15:00:00,1.1269219085562092,False
2022-06-18 15:10:00,0.985690607874894,False
2022-06-18 15:20:00,0.9293801426030779,False
2022-06-18 15:30:00,0.8822356576192396,False
2022-06-18 15:40:00,0.9508953415223325,False
2022-06-18 15:50:00,0.9372030020522278,False
2022-06-18 16:00:00,0.9741789464403668,False
2022-06-18 16:10:00,1.128873951309072,False
2022-06-18 16:20:00,0.8905601711733141,False
2022-06-18 16:30:00,0.9851950825309933,False
2022-06-18 16:40:00,1.0221528493436107,False
2022-06-18 16:50:00,0.8945748968794622,False
2022-06-18 17:00:00,0.9064497501969923,False
2022-06-18 17:10:00,0.8397594361577042,False
2022-06-18 17:20:00,1.1043274961353988,False
2022-06-18 17:30:00,0.9925556379741144,False
2022-06-18 17:40:00,0.9777330896025028,False
2022-06-18 17:50:00,1.0824353628241636,False
2022-06-18 18:00:00,1.0425073213871574,False
2022-06-18 18:10:00,0.9569829832362292,False
2022-06-18 18:20:00,1.0367081694699134,False
2022-06-18 18:30:00,0.7954282409313957,False
2022-06-18 18:40:00,0.9890725523537673,False
2022-06-18 18:50:00,1.0596331153482814,False
2022-06-18 19:00:00,1.1056188283166792,False
2022-06-18 19:10:00,0.8793250156138166,False
2022-06-18 19:20:00,1.0703204847213672,False
2022-06-18 19:30:00,0.9928964151312982,False
2022-06-18 19:40:00,0.8809759231580435,False
2022-06-18 19:50:00,0.9900863602065827,False
2022-06-18 20:00:00,1.180473167293025,False
2022-06-18 20:10:00,0.9668060110620158,False
2022-06-18 20:20:00,0.8731029575537687,False
2022-06-18 20:30:00,1.1902020454620668,False
2022-06-18 20:40:00,1.0595370043734924,False
2022-06-18 20:50:00,0.9683960572402551,False
2022-06-18 21:00:00,1.072399720359364,False
2022-06-18 21:10:00,0.9966056811682259,False
2022-06-18 21:20:00,0.9676829141733879,False
2022-06-18 21:30:00,0.9410659757665384,False
2022-06-18 21:40:00,0.9942836002731901,False
2022-06-18 21:50:00,0.9290820926514468,False
2022-06-18 22:00:00,0.9047400595617345,False
2022-06-18 22:10:00,0.8325697006430631,False
2022-06-18 22:20:00,0.806146518527931,False
2022-06-18 22:30:00,1.0976838396260389,False
2022-06-18 22:40:00,1.1316226504455014,False
2022-06-18 22:50:00,1.0744492916437922,False
2022-06-18 23:00:00,,False
2022-06-18 23:10:00,0.9102608299327513,False
2022-06-18 23:20:00,1.1892678791874114,False
2022-06-18 23:30:00,1.1398413635935176,False
2022-06-18 23:40:00,1.2344576016336524,False
2022-06-18 23:50:00,1.174016634353722,False
2022-06-19 00:00:00,1.0531674082970628,False
2022-06-19 00:10:00,1.1076888244270218,False
2022-06-19 00:20:00,0.7808967510867948,False
2022-06-19 00:30:00,1.1353192799948038,False
2022-06-19 00:40:00,1.0087725391317761,False
2022-06-19 00:50:00,0.9794544909243096,False
2022-06-19 01:00:00,0.8752684324476854,False
2022-06-19 01:10:00,,False
2022-06-19 01:20:00,0.7809132682749256,False
2022-06-19 01:30:00,0.912496210863426,False
2022-06-19 01:40:00,1.0202023047410003,False
2022-06-19 01:50:00,0.8786425489114698,False
2022-06-19 02:00:00,0.8505709372904353,False
2022-06-19 02:10:00,0.9460288282524041,False
2022-06-19 02:20:00,0.9598889821815311,False
2022-06-19 02:30:00,0.9188844412062704,False
2022-06-19 02:40:00,0.9718956054425637,False
2022-06-19 02:50:00,1.0243286180871922,False
2022-06-19 03:00:00,0.8773334977169387,False
2022-06-19 03:10:00,1.0252111438466722,False
2022-06-19 03:20:00,1.010244496311721,False
2022-06-19 03:30:00,0.9204000301532013,False
2022-06-19 03:40:00,0.9375860154666312,False
2022-06-19 03:50:00,0.9457530491488619,False
2022-06-19 04:00:00,0.9495489866966286,False
2022-06-19 04:10:00,1.2453255623153279,False
2022-06-19 04:20:00,,False
2022-06-19 04:30:00,0.9416090705137222,False
2022-06-19 04:40:00,1.0359888317662211,False
2022-06-19 04:50:00,0.8739929784002293,False
2022-06-19 05:00:00,0.8751024055811323,False
2022-06-19 05:10:00,0.9245306921175157,False
2022-06-19 05:20:00,0.8941695741269714,False
2022-06-19 05:30:00,0.8707929908012108,False
2022-06-19 05:40:00,0.9091418374756138,False
2022-06-19 05:50:00,0.9695066894748378,False
2022-06-19 06:00:00,1.0620743178478127,False
2022-06-19 06:10:00,1.0784551021572448,False
2022-06-19 06:20:00,1.067341092237315,False
2022-06-19 06:30:00,0.8358766258373103,False
2022-06-19 06:40:00,1.0161451853644916,False
2022-06-19 06:50:00,1.0360766361104252,False
2022-06-19 07:00:00,0.8544958143537761,False
2022-06-19 07:10:00,0.9334607138588622,False
2022-06-19 07:20:00,0.9038726594510823,False
2022-06-19 07:30:00,1.0224635675963376,False
2022-06-19 07:40:00,1.0020312048626563,False
2022-06-19 07:50:00,1.047478757213403,False
2022-06-19 08:00:00,1.0222033604703216,False
2022-06-19 08:10:00,1.1091820157215992,False
2022-06-19 08:20:00,0.9267794749643463,False
2022-06-19 08:30:00,0.9470338263120023,False
2022-06-19 08:40:00,1.0130524139914152,False
2022-06-19 08:50:00,0.9494434849191165,False
2022-06-19 09:00:00,1.1379785791242094,False
2022-06-19 09:10:00,0.8924739665277521,False
2022-06-19 09:20:00,0.9149499093731669,False
2022-06-19 09:30:00,,False
2022-06-19 09:40:00,1.0993654744487027,False
2022-06-19 09:50:00,0.9287306409793368,False
2022-06-19 10:00:00,1.1484454433218048,False
2022-06-19 10:10:00,1.0848189986575971,False
2022-06-19 10:20:00,0.9746502667905139,False
2022-06-19 10:30:00,0.9368166829306647,False
2022-06-19 10:40:00,1.0709079273253672,False
2022-06-19 10:50:00,1.0174167305934074,False
2022-06-19 11:00:00,0.886568160199134,False
2022-06-19 11:10:00,1.0016887430428139,False
2022-06-19 11:20:00,0.9411225033561255,False
2022-06-19 11:30:00,0.8587362924241668,False
2022-06-19 11:40:00,0.9653716998343709,False
2022-06-19 11:50:00,0.9814897586720348,False
2022-06-19 12:00:00,0.8143403979968713,False
2022-06-19 12:10:00,0.9726995678785336,False
2022-06-19 12:20:00,,False
2022-06-19 12:30:00,1.0230533845756744,False
2022-06-19 12:40:00,0.9063475608893984,False
2022-06-19 12:50:00,0.953104005818453,False
2022-06-19 13:00:00,0.9857504986085298,False
2022-06-19 13:10:00,1.0843309678832649,False
2022-06-19 13:20:00,0.9264302805248771,False
2022-06-19 13:30:00,1.04506799733007,False
2022-06-19 13:40:00,1.1510996648147458,False
2022-06-19 13:50:00,1.1094274037779484,False
2022-06-19 14:00:00,1.0091240858217512,False
2022-06-19 14:10:00,1.021384831357134,False
2022-06-19 14:20:00,1.0798409107823943,False
2022-06-19 14:30:00,,False
2022-06-19 14:40:00,0.817611418543533,False
2022-06-19 14:50:00,1.007650001205721,False
2022-06-19 15:00:00,1.031023222172025,False
2022-06-19 15:10:00,1.0063319830528887,False
2022-06-19 15:20:00,1.1091144500294232,False
2022-06-19 15:30:00,1.1193277682528082,False
2022-06-19 15:40:00,1.0551599790462456,False
2022-06-19 15:50:00,1.0764157807222632,False
2022-06-19 16:00:00,1.1076946703513606,False
2022-06-19 16:10:00,0.9835285443642988,False
2022-06-19 16:20:00,0.9823585300494756,False
2022-06-19 16:30:00,1.0424726064138758,False
2022-06-19 16:40:00,0.9891993885717275,False
2022-06-19 16:50:00,0.9621414280186813,False
2022-06-19 17:00:00,0.955682781648175,False
2022-06-19 17:10:00,0.8255117942461412,False
2022-06-19 17:20:00,1.1950387178891038,False
2022-06-19 17:30:00,0.9831857421593386,False
2022-06-19 17:40:00,0.900882060180586,False
2022-06-19 17:50:00,1.1481868291657764,False
2022-06-19 18:00:00,0.8532904903122092,False
2022-06-19 18:10:00,0.9371736697538903,False
2022-06-19 18:20:00,0.8983521544591897,False
2022-06-19 18:30:00,0.8921490144422972,False
2022-06-19 18:40:00,,False
2022-06-19 18:50:00,0.8688425577694256,False
2022-06-19 19:00:00,0.8540246488470685,False
2022-06-19 19:10:00,1.0201517217819647,False
2022-06-19 19:20:00,1.0764333869625806,False
2022-06-19 19:30:00,0.9745929258373078,False
2022-06-19 19:40:00,0.8875893787193625,False
2022-06-19 19:50:00,0.9579281706692523,False
2022-06-19 20:00:00,1.058631262858426,False
2022-06-19 20:10:00,,False
2022-06-19 20:20:00,0.8843155527461692,False
2022-06-19 20:30:00,0.9397938441828719,False
2022-06-19 20:40:00,0.965301212739444,False
2022-06-19 20:50:00,0.9538258117541274,False
2022-06-19 21:00:00,1.0373209072098075,False
2022-06-19 21:10:00,1.0927083017476997,False
2022-06-19 21:20:00,1.0685055759620283,False
2022-06-19 21:30:00,1.229076403357471,False
2022-06-19 21:40:00,0.9847531226215938,False
2022-06-19 21:50:00,1.0514612209362195,False
2022-06-19 22:00:00,0.8865424561831811,False
2022-06-19 22:10:00,0.9891286830809671,False
2022-06-19 22:20:00,0.9038664706051655,False
2022-06-19 22:30:00,0.96893676916789,False
2022-06-19 22:40:00,1.0104855554609742,False
2022-06-19 22:50:00,1.1027893394923451,False
2022-06-19 23:00:00,0.8763290759344023,False
2022-06-19 23:10:00,0.9515372108241333,False
2022-06-19 23:20:00,0.9275723385923937,False
2022-06-19 23:30:00,0.9489247788482764,False
2022-06-19 23:40:00,1.1592027604907122,False
2022-06-19 23:50:00,1.2287950532529406,False
2022-06-20 00:00:00,0.9338306628061465,False
2022-06-20 00:10:00,0.9825114839600826,False
2022-06-20 00:20:00,1.0019040511544348,False
2022-06-20 00:30:00,1.0204413489471864,False
2022-06-20 00:40:00,1.1338890278707687,False
2022-06-20 00:50:00,1.0772799457393847,False
2022-06-20 01:00:00,0.7604577704292632,False
2022-06-20 01:10:00,0.9332401936094364,False
2022-06-20 01:20:00,0.9339288189414797,False
2022-06-20 01:30:00,0.8776703007095671,False
2022-06-20 01:40:00,0.9839510668601497,False
2022-06-20 01:50:00,0.9291426666250411,False
2022-06-20 02:00:00,1.030463991559545,False
2022-06-20 02:10:00,1.145971650214038,False
2022-06-20 02:20:00,0.9770330919143707,False
2022-06-20 02:30:00,0.8364098978678305,False
2022-06-20 02:40:00,0.804633179267872,False
2022-06-20 02:50:00,0.9459136761578523,False
2022-06-20 03:00:00,,False
2022-06-20 03:10:00,1.09373093323674,False
2022-06-20 03:20:00,0.7755744431510037,False
2022-06-20 03:30:00,1.1000388323527626,False
2022-06-20 03:40:00,0.9253018384693726,False
2022-06-20 03:50:00,0.9691993719348436,False
2022-06-20 04:00:00,0.8594313137456734,False
2022-06-20 04:10:00,1.1432819511712715,False
2022-06-20 04:20:00,0.9535919011151813,False
2022-06-20 04:30:00,1.0725635071551043,False
2022-06-20 04:40:00,0.9771614184629397,False
2022-06-20 04:50:00,1.0132557881170254,False
2022-06-20 05:00:00,,False
2022-06-20 05:10:00,1.0654283122608352,False
2022-06-20 05:20:00,0.8821444992102976,False
2022-06-20 05:30:00,1.0644291606956484,False
2022-06-20 05:40:00,0.9730387940715871,False
2022-06-20 05:50:00,0.9348118162319661,False
2022-06-20 06:00:00,1.0235042645927686,False
2022-06-20 06:10:00,0.9434816068847139,False
2022-06-20 06:20:00,,False
2022-06-20 06:30:00,0.9585669176231741,False
2022-06-20 06:40:00,0.8801796851319784,False
2022-06-20 06:50:00,1.1153552037057008,False
2022-06-20 07:00:00,0.8698355031476571,False
2022-06-20 07:10:00,,False
2022-06-20 07:20:00,1.1078558124516549,False
2022-06-20 07:30:00,,False
2022-06-20 07:40:00,1.0440940633376294,False
2022-06-20 07:50:00,0.9429506201761755,False
2022-06-20 08:00:00,0.8048750059435593,False
2022-06-20 08:10:00,0.9540549691577294,False
2022-06-20 08:20:00,1.0140347266189955,False
2022-06-20 08:30:00,,False
2022-06-20 08:40:00,0.8172455108807014,False
2022-06-20 08:50:00,1.0421593492914139,False
2022-06-20 09:00:00,0.9434483014694931,False
2022-06-20 09:10:00,0.8146019529398733,False
2022-06-20 09:20:00,0.9147729702381577,False
2022-06-20 09:30:00,0.943339132427214,False
2022-06-20 09:40:00,1.0827522943180068,False
2022-06-20 09:50:00,0.9744058737482048,False
2022-06-20 10:00:00,0.9609704512410291,False
2022-06-20 10:10:00,1.1167376726608214,False
2022-06-20 10:20:00,,False
2022-06-20 10:30:00,0.9114018528819581,False
2022-06-20 10:40:00,0.77536502258721,False
2022-06-20 10:50:00,0.953841833473797,False
2022-06-20 11:00:00,0.9072674774257992,False
2022-06-20 11:10:00,0.8809108777661021,False
2022-06-20 11:20:00,1.0193232759354738,False
2022-06-20 11:30:00,1.0636104491268448,False
2022-06-20 11:40:00,1.0202539432661384,False
2022-06-20 11:50:00,1.1053535077518855,False
2022-06-20 12:00:00,0.9341461413630284,False
2022-06-20 12:10:00,0.9314251242547651,False
2022-06-20 12:20:00,0.9680032823667174,False
2022-06-20 12:30:00,1.027543193428702,False
2022-06-20 12:40:00,0.8163466539070973,False
2022-06-20 12:50:00,1.1538743595483458,False
2022-06-20 13:00:00,1.026906172571785,False
2022-06-20 13:10:00,1.057314360471009,False
2022-06-20 13:20:00,1.14903585591013,False
2022-06-20 13:30:00,1.003837214752091,False
2022-06-20 13:40:00,1.0236518888495179,False
2022-06-20 13:50:00,0.8827977607665507,False
2022-06-20 14:00:00,0.9118807612514029,False
2022-06-20 14:10:00,0.819121575716597,False
2022-06-20 14:20:00,0.8502800230856316,False
2022-06-20 14:30:00,0.9167787468651855,False
2022-06-20 14:40:00,0.9129560851142222,False
2022-06-20 14:50:00,0.907452740560666,False
2022-06-20 15:00:00,0.8743323184536955,False
2022-06-20 15:10:00,0.9882570464853496,False
2022-06-20 15:20:00,0.859258556922823,False
2022-06-20 15:30:00,,False
2022-06-20 15:40:00,0.9953399359612114,False
2022-06-20 15:50:00,1.0887781554929694,False
2022-06-20 16:00:00,1.1664990703290137,False
2022-06-20 16:10:00,0.9339475042374915,False
2022-06-20 16:20:00,0.9976119635522842,False
2022-06-20 16:30:00,1.2182345542283697,False
2022-06-20 16:40:00,1.0366619949195242,False
2022-06-20 16:50:00,0.8509935653957866,False
2022-06-20 17:00:00,0.9844233107957087,False
2022-06-20 17:10:00,0.9827414580312571,False
2022-06-20 17:20:00,1.0736223622690804,False
2022-06-20 17:30:00,1.1795082541400421,False
2022-06-20 17:40:00,1.0745243059840794,False
2022-06-20 17:50:00,1.1629673453318825,False
2022-06-20 18:00:00,0.9003568100468929,False
2022-06-20 18:10:00,0.8561505019030009,False
2022-06-20 18:20:00,0.9353761177951283,False
2022-06-20 18:30:00,0.9292198357732756,False
2022-06-20 18:40:00,1.0960460671746766,False
2022-06-20 18:50:00,0.9612356120155625,False
2022-06-20 19:00:00,0.8370761894673864,False
2022-06-20 19:10:00,0.8910261343581952,False
2022-06-20 19:20:00,1.0919633716988848,False
2022-06-20 19:30:00,0.8989371386816122,False
2022-06-20 19:40:00,1.1048079105760629,False
2022-06-20 19:50:00,1.062805320905147,False
2022-06-20 20:00:00,0.9273720496736788,False
2022-06-20 20:10:00,0.8047877690145588,False
2022-06-20 20:20:00,1.1397728902622555,False
2022-06-20 20:30:00,0.9470256493732359,False
2022-06-20 20:40:00,1.0608381316834683,False
2022-06-20 20:50:00,1.0635628706317999,False
2022-06-20 21:00:00,1.2617239746782187,False
2022-06-20 21:10:00,0.7983303557166531,False
2022-06-20 21:20:00,0.9407936053044823,False
2022-06-20 21:30:00,0.9153495714753297,False
2022-06-20 21:40:00,0.98090619420303,False
2022-06-20 21:50:00,0.8041590728162582,False
2022-06-20 22:00:00,1.032581757340221,False
2022-06-20 22:10:00,0.8151939967506701,False
2022-06-20 22:20:00,0.9796725575602048,False
2022-06-20 22:30:00,1.1680984689753113,False
2022-06-20 22:40:00,1.0892551270097441,False
2022-06-20 22:50:00,0.9745585133509805,False
2022-06-20 23:00:00,1.0644102647677665,False
2022-06-20 23:10:00,,False
2022-06-20 23:20:00,0.9652799305839663,False
2022-06-20 23:30:00,0.8938589886229287,False
2022-06-20 23:40:00,0.953311390060066,False
2022-06-20 23:50:00,0.8922910900036317,False
2022-06-21 00:00:00,0.9799536662185845,False
2022-06-21 00:10:00,1.0720891565270125,False
2022-06-21 00:20:00,,False
2022-06-21 00:30:00,1.082101365529703,False
2022-06-21 00:40:00,1.0186816739208735,False
2022-06-21 00:50:00,0.9088357792297695,False
2022-06-21 01:00:00,1.1250295530414818,False
2022-06-21 01:10:00,1.0314604061982116,False
2022-06-21 01:20:00,1.0496788340564591,False
2022-06-21 01:30:00,1.0979648164350697,False
2022-06-21 01:40:00,1.0125577216347865,False
2022-06-21 01:50:00,1.093096027559967,False
2022-06-21 02:00:00,1.006389747627627,False
2022-06-21 02:10:00,0.9318456999570344,False
2022-06-21 02:20:00,0.9823318747023879,False
2022-06-21 02:30:00,0.9194126783777224,False
2022-06-21 02:40:00,1.0736043122126633,False
2022-06-21 02:50:00,1.0114678409713513,False
2022-06-21 03:00:00,0.8082859624471075,False
2022-06-21 03:10:00,1.003288163442106,False
2022-06-21 03:20:00,0.9925770501422224,False
2022-06-21 03:30:00,1.1052185060309694,False
2022-06-21 03:40:00,1.0561735379032484,False
2022-06-21 03:50:00,1.0880588633579382,False
2022-06-21 04:00:00,0.9173934013477608,False
2022-06-21 04:10:00,1.108118365794239,False
2022-06-21 04:20:00,0.9058112967912086,False
2022-06-21 04:30:00,0.9073836001925206,False
2022-06-21 04:40:00,0.9982551335748523,False
2022-06-21 04:50:00,0.8901335602704495,False
2022-06-21 05:00:00,1.0602106374968439,False
2022-06-21 05:10:00,0.7637160256220321,False
2022-06-21 05:20:00,0.8075766155101971,False
2022-06-21 05:30:00,0.8867442028678449,False
2022-06-21 05:40:00,0.935716640916602,False
2022-06-21 05:50:00,1.0576174694915395,False
2022-06-21 06:00:00,0.9770373806612783,False
2022-06-21 06:10:00,1.0001284423874763,False
2022-06-21 06:20:00,,False
2022-06-21 06:30:00,1.0159125387075099,False
2022-06-21 06:40:00,0.9439639421738593,False
2022-06-21 06:50:00,0.9586478546726374,False
2022-06-21 07:00:00,1.1271926978123852,False
2022-06-21 07:10:00,0.9917773670842518,False
2022-06-21 07:20:00,1.1301649497276547,False
2022-06-21 07:30:00,0.9982458995720005,False
2022-06-21 07:40:00,0.9911632017601922,False
2022-06-21 07:50:00,1.0499211036250677,False
2022-06-21 08:00:00,0.9676287043013422,False
2022-06-21 08:10:00,1.0018965482638464,False
2022-06-21 08:20:00,1.116387886870505,False
2022-06-21 08:30:00,0.9622059344955104,False
2022-06-21 08:40:00,0.8075456465486138,False
2022-06-21 08:50:00,1.0635726920825028,False
2022-06-21 09:00:00,0.8072509483027981,False
2022-06-21 09:10:00,0.8578983182536218,False
2022-06-21 09:20:00,1.157437167007577,False
2022-06-21 09:30:00,1.1347717133805333,False
2022-06-21 09:40:00,0.786079934739079,False
2022-06-21 09:50:00,1.0219952329276885,False
2022-06-21 10:00:00,0.8655853235168744,False
2022-06-21 10:10:00,0.9799879170207613,False
2022-06-21 10:20:00,0.9164545740244645,False
2022-06-21 10:30:00,0.8977116619359258,False
2022-06-21 10:40:00,1.1443602714349481,False
2022-06-21 10:50:00,1.0330372403055224,False
2022-06-21 11:00:00,1.0713429001216999,False
2022-06-21 11:10:00,1.0853432828020382,False
2022-06-21 11:20:00,0.9841503236496024,False
2022-06-21 11:30:00,1.1489556406798012,False
2022-06-21 11:40:00,0.9183519925731367,False
2022-06-21 11:50:00,0.774001232283344,False
2022-06-21 12:00:00,1.0265928208918744,False
2022-06-21 12:10:00,1.0843750270844859,False
2022-06-21 12:20:00,0.9768025348297223,False
2022-06-21 12:30:00,0.8451248374986114,False
2022-06-21 12:40:00,0.9416896109921876,False
2022-06-21 12:50:00,1.1076649762317408,False
2022-06-21 13:00:00,1.1608443290163244,False
2022-06-21 13:10:00,1.1494325391061384,False
2022-06-21 13:20:00,0.9675637504717804,False
2022-06-21 13:30:00,1.1550636244896804,False
2022-06-21 13:40:00,1.1918524831577162,False
2022-06-21 13:50:00,1.2042211624400083,False
2022-06-21 14:00:00,1.0102884694742893,False
2022-06-21 14:10:00,0.8411953619176086,False
2022-06-21 14:20:00,1.0308627927145313,False
2022-06-21 14:30:00,1.0079418913008273,False
2022-06-21 14:40:00,1.0722550562811761,False
2022-06-21 14:50:00,0.9437877425943109,False
2022-06-21 15:00:00,1.1438953353625279,False
2022-06-21 15:10:00,1.0429283747154716,False
2022-06-21 15:20:00,0.9760160250781383,False
2022-06-21 15:30:00,0.9903057070955689,False
2022-06-21 15:40:00,1.0899634323294396,False
2022-06-21 15:50:00,1.0529096658219403,False
2022-06-21 16:00:00,0.8931928838284776,False
2022-06-21 16:10:00,1.0582628657239714,False
2022-06-21 16:20:00,,False
2022-06-21 16:30:00,0.8907236092719771,False
2022-06-21 16:40:00,1.0904958518109156,False
2022-06-21 16:50:00,1.0136146187055834,False
2022-06-21 17:00:00,1.0177359619978323,False
2022-06-21 17:10:00,0.9848562959416958,False
2022-06-21 17:20:00,0.9196781423142407,False
2022-06-21 17:30:00,1.0757982202672474,False
2022-06-21 17:40:00,0.9514016738636815,False
2022-06-21 17:50:00,0.9511619904079375,False
2022-06-21 18:00:00,0.851620830630328,False
2022-06-21 18:10:00,0.884058870897436,False
2022-06-21 18:20:00,1.1851771924018468,False
2022-06-21 18:30:00,0.9413003485160953,False
2022-06-21 18:40:00,1.0609330421841996,False
2022-06-21 18:50:00,1.1019013363423562,False
2022-06-21 19:00:00,0.9548250572984656,False
2022-06-21 19:10:00,0.9979106785225511,False
2022-06-21 19:20:00,0.8943245334987355,False
2022-06-21 19:30:00,,False
2022-06-21 19:40:00,1.079303832445306,False
2022-06-21 19:50:00,0.8800622690801372,False
2022-06-21 20:00:00,1.030277387209635,False
2022-06-21 20:10:00,1.061846753041803,False
2022-06-21 20:20:00,0.9773000562411904,False
2022-06-21 20:30:00,1.096723353891619,False
2022-06-21 20:40:00,1.0364887779119365,False
2022-06-21 20:50:00,0.9875316492971319,False
2022-06-21 21:00:00,1.0297439820435035,False
2022-06-21 21:10:00,0.9159366878228685,False
2022-06-21 21:20:00,0.9466296544423838,False
2022-06-21 21:30:00,0.9591541888901935,False
2022-06-21 21:40:00,1.0598254158007456,False
2022-06-21 21:50:00,1.1298510872422745,False
2022-06-21 22:00:00,1.1271645738481304,False
2022-06-21 22:10:00,0.9854698227640227,False
2022-06-21 22:20:00,1.1129844877239397,False
2022-06-21 22:30:00,0.9294003822050079,False
2022-06-21 22:40:00,1.0447831989478185,False
2022-06-21 22:50:00,0.9147978190226271,False
2022-06-21 23:00:00,0.9985876860140344,False
2022-06-21 23:10:00,1.0650304108080713,False
2022-06-21 23:20:00,1.2857599730629659,False
2022-06-21 23:30:00,1.0041091755508535,False
2022-06-21 23:40:00,1.0518763953981924,False
2022-06-21 23:50:00,0.8984593790095057,False
2022-06-22 00:00:00,1.1565227659997226,False
2022-06-22 00:10:00,0.8417734286201853,False
2022-06-22 00:20:00,1.0622412417478633,False
2022-06-22 00:30:00,,False
2022-06-22 00:40:00,0.9676317580862127,False
2022-06-22 00:50:00,,False
2022-06-22 01:00:00,0.9096178159982247,False
2022-06-22 01:10:00,0.9262484601330251,False
2022-06-22 01:20:00,1.0736949018036852,False
2022-06-22 01:30:00,0.9546898098304979,False
2022-06-22 01:40:00,0.956296894790252,False
2022-06-22 01:50:00,0.9447050515609858,False
2022-06-22 02:00:00,0.9223124673915364,False
2022-06-22 02:10:00,1.0878876437732328,False
2022-06-22 02:20:00,1.0381818671455119,False
2022-06-22 02:30:00,0.8753371418189438,False
2022-06-22 02:40:00,1.2577867996619636,False
2022-06-22 02:50:00,,False
2022-06-22 03:00:00,0.7326100756011212,False
2022-06-22 03:10:00,0.9908704113772336,False
2022-06-22 03:20:00,0.9614834815445802,False
2022-06-22 03:30:00,1.1922550775495984,False
2022-06-22 03:40:00,1.1034530546603618,False
2022-06-22 03:50:00,0.9088129276144543,False
2022-06-22 04:00:00,0.9744192250460513,False
2022-06-22 04:10:00,1.1435453922989014,False
2022-06-22 04:20:00,0.9381077380847297,False
2022-06-22 04:30:00,0.9401900989054132,False
2022-06-22 04:40:00,1.1218362759326732,False
2022-06-22 04:50:00,0.9787007369320248,False
2022-06-22 05:00:00,1.0352971712686603,False
2022-06-22 05:10:00,0.9361572842874766,False
2022-06-22 05:20:00,0.8574539493192836,False
2022-06-22 05:30:00,0.9590941995111818,False
2022-06-22 05:40:00,0.7568578452402694,False
2022-06-22 05:50:00,0.8762359084294493,False
2022-06-22 06:00:00,1.0824202212587164,False
2022-06-22 06:10:00,0.977049201840551,False
2022-06-22 06:20:00,0.9424382885485219,False
2022-06-22 06:30:00,1.1246904535750055,False
2022-06-22 06:40:00,,False
2022-06-22 06:50:00,1.120144955410888,False
2022-06-22 07:00:00,0.8445673628515904,False
2022-06-22 07:10:00,,False
2022-06-22 07:20:00,0.9161793854926454,False
2022-06-22 07:30:00,1.044091862533025,False
2022-06-22 07:40:00,0.9614929002548775,False
2022-06-22 07:50:00,1.0300017137325965,False
2022-06-22 08:00:00,0.9867885121253009,False
2022-06-22 08:10:00,1.0277082917390967,False
2022-06-22 08:20:00,1.0611055046363798,False
2022-06-22 08:30:00,1.0199038126306006,False
2022-06-22 08:40:00,0.9747603530484807,False
2022-06-22 08:50:00,0.850193711466908,False
2022-06-22 09:00:00,1.0312239367547573,False
2022-06-22 09:10:00,0.9394571935191176,False
2022-06-22 09:20:00,1.1592279742854767,False
2022-06-22 09:30:00,0.8796367677156844,False
2022-06-22 09:40:00,0.9678148801111696,False
2022-06-22 09:50:00,0.9940682087618834,False
2022-06-22 10:00:00,1.001253619561152,False
2022-06-22 10:10:00,0.9265134641012621,False
2022-06-22 10:20:00,1.0446575328327121,False
2022-06-22 10:30:00,0.8872453211561766,False
2022-06-22 10:40:00,0.9152708451343543,False
2022-06-22 10:50:00,1.046075260586115,False
2022-06-22 11:00:00,1.053687343499722,False
2022-06-22 11:10:00,1.1173031314399944,False
2022-06-22 11:20:00,1.0129536982281035,False
2022-06-22 11:30:00,1.0446647149400026,False
2022-06-22 11:40:00,1.1648978386363658,False
2022-06-22 11:50:00,0.9794538982605886,False
2022-06-22 12:00:00,0.9535966858518453,False
2022-06-22 12:10:00,0.9450638195181034,False
2022-06-22 12:20:00,1.0028159852500742,False
2022-06-22 12:30:00,0.8990230107853123,False
2022-06-22 12:40:00,0.8769861577664191,False
2022-06-22 12:50:00,0.9805639016998605,False
2022-06-22 13:00:00,0.9913667307556855,False
2022-06-22 13:10:00,1.015948677360438,False
2022-06-22 13:20:00,0.9464208971581215,False
2022-06-22 13:30:00,0.8618949178186532,False
2022-06-22 13:40:00,1.1352521154126318,False
2022-06-22 13:50:00,0.8191514335989472,False
2022-06-22 14:00:00,1.2353187274885056,False
2022-06-22 14:10:00,0.8256805078606392,False
2022-06-22 14:20:00,0.9850969264901989,False
2022-06-22 14:30:00,0.8194052546829085,False
2022-06-22 14:40:00,0.8726566500374733,False
2022-06-22 14:50:00,0.9942882712774698,False
2022-06-22 15:00:00,1.0863338539071576,False
2022-06-22 15:10:00,1.0778907742246713,False
2022-06-22 15:20:00,1.075821428796306,False
2022-06-22 15:30:00,1.0916439993011924,False
2022-06-22 15:40:00,1.016450020487452,False
2022-06-22 15:50:00,1.0203784631467245,False
2022-06-22 16:00:00,1.02068879025309,False
2022-06-22 16:10:00,1.0799657456201772,False
2022-06-22 16:20:00,1.1428785204614815,False
2022-06-22 16:30:00,1.1173593821029335,False
2022-06-22 16:40:00,0.9964261651632436,False
2022-06-22 16:50:00,,False
2022-06-22 17:00:00,1.07852164458974,False
2022-06-22 17:10:00,0.9880167087280081,False
2022-06-22 17:20:00,1.0973860473739894,False
2022-06-22 17:30:00,1.0513987272161593,False
2022-06-22 17:40:00,0.9405432305189989,False
2022-06-22 17:50:00,1.210414843889375,False
2022-06-22 18:00:00,1.0617387331664043,False
2022-06-22 18:10:00,,False
2022-06-22 18:20:00,1.0914246167555335,False
2022-06-22 18:30:00,0.9258296000687576,False
2022-06-22 18:40:00,1.054721094402578,False
2022-06-22 18:50:00,0.9455377621532403,False
2022-06-22 19:00:00,1.0263355737576392,False
2022-06-22 19:10:00,0.918258350169254,False
2022-06-22 19:20:00,0.8517987095087679,False
2022-06-22 19:30:00,0.9382619658359143,False
2022-06-22 19:40:00,0.8735866414121563,False
2022-06-22 19:50:00,0.9856860360380854,False
2022-06-22 20:00:00,1.085851281440245,False
2022-06-22 20:10:00,0.9522674029149473,False
2022-06-22 20:20:00,1.0137212604187045,False
2022-06-22 20:30:00,1.1285643605499125,False
2022-06-22 20:40:00,1.0234680193563845,False
2022-06-22 20:50:00,1.1001225911076176,False
2022-06-22 21:00:00,1.076846873105416,False
2022-06-22 21:10:00,1.1668884100513779,False
2022-06-22 21:20:00,0.9295037153391467,False
2022-06-22 21:30:00,0.8956013228900573,False
2022-06-22 21:40:00,1.1420511455389373,False
2022-06-22 21:50:00,0.822382047613508,False
2022-06-22 22:00:00,0.91611234282851,False
2022-06-22 22:10:00,1.0148847380079185,False
2022-06-22 22:20:00,1.027905395056326,False
2022-06-22 22:30:00,0.9358659056575078,False
2022-06-22 22:40:00,0.9591711374986753,False
2022-06-22 22:50:00,0.9710007661037074,False
2022-06-22 23:00:00,1.1320927656628788,False
2022-06-22 23:10:00,0.8903128976632411,False
2022-06-22 23:20:00,1.1581158791935682,False
2022-06-22 23:30:00,1.0129589582759413,False
2022-06-22 23:40:00,0.9346228255685811,False
2022-06-22 23:50:00,1.04378864564199,False
2022-06-23 00:00:00,1.1126658963664973,False
2022-06-23 00:10:00,0.8441630662249724,False
2022-06-23 00:20:00,1.0274464380081216,False
2022-06-23 00:30:00,0.9526935176259955,False
2022-06-23 00:40:00,0.9266223618738008,False
2022-06-23 00:50:00,0.9075289196216351,False
2022-06-23 01:00:00,1.0284544798208792,False
2022-06-23 01:10:00,1.1199814495440386,False
2022-06-23 01:20:00,0.8926758007637611,False
2022-06-23 01:30:00,1.081800969935918,False
2022-06-23 01:40:00,,False
2022-06-23 01:50:00,1.1010554581629346,False
2022-06-23 02:00:00,1.105340254841407,False
2022-06-23 02:10:00,0.7601723436135982,False
2022-06-23 02:20:00,1.0413924523926839,False
2022-06-23 02:30:00,0.9312871795464153,False
2022-06-23 02:40:00,0.960158517722412,False
2022-06-23 02:50:00,0.9985974114938265,False
2022-06-23 03:00:00,1.2016466650688056,False
2022-06-23 03:10:00,1.1226566517823386,False
2022-06-23 03:20:00,1.06350985763858,False
2022-06-23 03:30:00,0.8857342463608658,False
2022-06-23 03:40:00,0.8108177038031701,False
2022-06-23 03:50:00,0.8575293815203007,False
2022-06-23 04:00:00,1.1469850899978637,False
2022-06-23 04:10:00,1.073229322663021,False
2022-06-23 04:20:00,1.068886199049241,False
2022-06-23 04:30:00,1.1150047039533348,False
2022-06-23 04:40:00,0.9598313002806534,False
2022-06-23 04:50:00,1.0418342752641094,False
2022-06-23 05:00:00,0.9336159300989398,False
2022-06-23 05:10:00,0.9726340657050754,False
2022-06-23 05:20:00,0.9235854381417168,False
2022-06-23 05:30:00,,False
2022-06-23 05:40:00,1.0174417365235906,False
2022-06-23 05:50:00,1.011544618867705,False
2022-06-23 06:00:00,0.8649082425834481,False
2022-06-23 06:10:00,1.1406169439226446,False
2022-06-23 06:20:00,0.9308304881731092,False
2022-06-23 06:30:00,1.0168920767635725,False
2022-06-23 06:40:00,0.949244558852136,False
2022-06-23 06:50:00,1.3422455634510089,False
2022-06-23 07:00:00,1.0544354044823152,False
2022-06-23 07:10:00,0.9235051142695198,False
2022-06-23 07:20:00,1.1165828450768196,False
2022-06-23 07:30:00,1.1074798988064978,False
2022-06-23 07:40:00,0.9193557204698807,False
2022-06-23 07:50:00,0.9477885166585391,False
2022-06-23 08:00:00,0.995309309219456,False
2022-06-23 08:10:00,0.8795016457327404,False
2022-06-23 08:20:00,1.1028412857958643,False
2022-06-23 08:30:00,1.1478835363751354,False
2022-06-23 08:40:00,0.8945987833409146,False
2022-06-23 08:50:00,1.060117875680139,False
2022-06-23 09:00:00,0.9184275513040745,False
2022-06-23 09:10:00,0.9847837016113294,False
2022-06-23 09:20:00,1.0417577615916698,False
2022-06-23 09:30:00,1.0323341665056374,False
2022-06-23 09:40:00,1.0259104641494659,False
2022-06-23 09:50:00,0.9355229414403089,False
2022-06-23 10:00:00,1.059983334285281,False
2022-06-23 10:10:00,1.1430818733680683,False
2022-06-23 10:20:00,0.9141337899982,False
2022-06-23 10:30:00,1.0126409085669317,False
2022-06-23 10:40:00,1.0389659232794444,False
2022-06-23 10:50:00,1.134926188525195,False
2022-06-23 11:00:00,0.8983702708772933,False
2022-06-23 11:10:00,0.9369183856125929,False
2022-06-23 11:20:00,1.0335076538752046,False
2022-06-23 11:30:00,1.0041607826723011,False
2022-06-23 11:40:00,1.1566721780048737,False
2022-06-23 11:50:00,1.001776464872307,False
2022-06-23 12:00:00,0.8813806919265382,False
2022-06-23 12:10:00,1.0227288302274236,False
2022-06-23 12:20:00,1.1624989606004341,False
2022-06-23 12:30:00,0.9842281607435555,False
2022-06-23 12:40:00,1.143593273374356,False
2022-06-23 12:50:00,0.864491390375921,False
2022-06-23 13:00:00,1.0246167967834332,False
2022-06-23 13:10:00,1.2074247107506273,False
2022-06-23 13:20:00,0.8482515756162622,False
2022-06-23 13:30:00,0.9064360587479904,False
2022-06-23 13:40:00,1.031275379548715,False
2022-06-23 13:50:00,1.0115223968090323,False
2022-06-23 14:00:00,1.0207289393757635,False
2022-06-23 14:10:00,1.1568879056890449,False
2022-06-23 14:20:00,1.047363868285124,False
2022-06-23 14:30:00,0.8762241636273308,False
2022-06-23 14:40:00,1.014279473633909,False
2022-06-23 14:50:00,0.9026266524941575,False
2022-06-23 15:00:00,0.9225680217729836,False
2022-06-23 15:10:00,1.059918154699007,False
2022-06-23 15:20:00,1.1063917282742812,False
2022-06-23 15:30:00,0.9447450933307662,False
2022-06-23 15:40:00,0.974283834257147,False
2022-06-23 15:50:00,0.9773800239999706,False
2022-06-23 16:00:00,1.0133612677597803,False
2022-06-23 16:10:00,1.0960739309404584,False
2022-06-23 16:20:00,1.1575915546014826,False
2022-06-23 16:30:00,1.1218582393075403,False
2022-06-23 16:40:00,0.8529723092729807,False
2022-06-23 16:50:00,1.160747277494331,False
2022-06-23 17:00:00,1.2211724735582061,False
2022-06-23 17:10:00,,False
2022-06-23 17:20:00,1.0785964775655712,False
2022-06-23 17:30:00,1.1640619760238895,False
2022-06-23 17:40:00,0.9865633942938404,False
2022-06-23 17:50:00,1.0809470512812496,False
2022-06-23 18:00:00,0.946015549925389,False
2022-06-23 18:10:00,0.8217751198857253,False
2022-06-23 18:20:00,0.9196216113741682,False
2022-06-23 18:30:00,0.9581595849801106,False
2022-06-23 18:40:00,0.923993493430715,False
2022-06-23 18:50:00,,False
2022-06-23 19:00:00,1.1298381217232134,False
2022-06-23 19:10:00,0.8724002655104807,False
2022-06-23 19:20:00,1.0991578343303732,False
2022-06-23 19:30:00,0.9504078325411646,False
2022-06-23 19:40:00,0.7982163832656481,False
2022-06-23 19:50:00,1.083896192069979,False
2022-06-23 20:00:00,1.0753289108995399,False
2022-06-23 20:10:00,1.0542225976403774,False
2022-06-23 20:20:00,1.0705738781642589,False
2022-06-23 20:30:00,1.1314610072229017,False
2022-06-23 20:40:00,0.9410432050348566,False
2022-06-23 20:50:00,1.1500510715609527,False
2022-06-23 21:00:00,0.8906187570981452,False
2022-06-23 21:10:00,0.9929930862110721,False
2022-06-23 21:20:00,,False
2022-06-23 21:30:00,1.0468577691495529,False
2022-06-23 21:40:00,1.0081518155886964,False
2022-06-23 21:50:00,0.8638152798078929,False
2022-06-23 22:00:00,1.0837280827245994,False
2022-06-23 22:10:00,1.098880614167232,False
2022-06-23 22:20:00,0.8727109815738683,False
2022-06-23 22:30:00,1.0019090102469903,False
2022-06-23 22:40:00,0.9201986558888109,False
2022-06-23 22:50:00,0.9733614768720753,False
2022-06-23 23:00:00,0.9726665599795792,False
2022-06-23 23:10:00,1.0941486841059913,False
2022-06-23 23:20:00,0.9492212186082611,False
2022-06-23 23:30:00,1.0647116028818782,False
2022-06-23 23:40:00,0.9282264852777206,False
2022-06-23 23:50:00,0.9347121316024908,False
2022-06-24 00:00:00,1.055824266630988,False
2022-06-24 00:10:00,1.079399637155061,False
2022-06-24 00:20:00,,False
2022-06-24 00:30:00,1.0256123757974864,False
2022-06-24 00:40:00,1.042393357520057,False
2022-06-24 00:50:00,,False
2022-06-24 01:00:00,1.0089361538906791,False
2022-06-24 01:10:00,0.9325534244557291,False
2022-06-24 01:20:00,1.001881930314972,False
2022-06-24 01:30:00,1.0959467126594316,False
2022-06-24 01:40:00,0.752273239393165,False
2022-06-24 01:50:00,0.886628228122693,False
2022-06-24 02:00:00,1.0523849208012945,False
2022-06-24 02:10:00,1.0605182675628635,False
2022-06-24 02:20:00,1.0699935547500878,False
2022-06-24 02:30:00,,False
2022-06-24 02:40:00,0.9876297233093599,False
2022-06-24 02:50:00,1.1446654634922353,False
2022-06-24 03:00:00,1.038765205134563,False
2022-06-24 03:10:00,1.114034100920735,False
2022-06-24 03:20:00,1.100294613707169,False
2022-06-24 03:30:00,1.0318664777976188,False
2022-06-24 03:40:00,0.9372177905779883,False
2022-06-24 03:50:00,0.8941929520784024,False
2022-06-24 04:00:00,0.9303086378346863,False
2022-06-24 04:10:00,1.0827242380399893,False
2022-06-24 04:20:00,1.1375242845819398,False
2022-06-24 04:30:00,,False
2022-06-24 04:40:00,0.9544938223990865,False
2022-06-24 04:50:00,1.086848041997964,False
2022-06-24 05:00:00,0.90128869085834,False
2022-06-24 05:10:00,1.0378479721551366,False
2022-06-24 05:20:00,1.0830682697538188,False
2022-06-24 05:30:00,1.0902816267644946,False
2022-06-24 05:40:00,0.9012083600385999,False
2022-06-24 05:50:00,1.0406016203138237,False
2022-06-24 06:00:00,1.161234397172282,False
2022-06-24 06:10:00,1.0070862521439612,False
2022-06-24 06:20:00,1.151343101417609,False
2022-06-24 06:30:00,,False
2022-06-24 06:40:00,1.0066239675254236,False
2022-06-24 06:50:00,1.0296425873058954,False
2022-06-24 07:00:00,1.0762765874813394,False
2022-06-24 07:10:00,1.0109508269171203,False
2022-06-24 07:20:00,1.0302099615611393,False
2022-06-24 07:30:00,0.9495650447992859,False
2022-06-24 07:40:00,1.0726404015670006,False
2022-06-24 07:50:00,0.9902220189231389,False
2022-06-24 08:00:00,0.9596383623609345,False
2022-06-24 08:10:00,1.1585079844214785,False
2022-06-24 08:20:00,,False
2022-06-24 08:30:00,1.0573149281985001,False
2022-06-24 08:40:00,0.986208558308481,False
2022-06-24 08:50:00,0.9301557001422166,False
2022-06-24 09:00:00,0.8838534722273095,False
2022-06-24 09:10:00,1.0394832246098036,False
2022-06-24 09:20:00,0.9273920516731899,False
2022-06-24 09:30:00,,False
2022-06-24 09:40:00,0.9887447324894746,False
2022-06-24 09:50:00,1.2379873881365424,False
2022-06-24 10:00:00,0.978748801218702,False
2022-06-24 10:10:00,,False
2022-06-24 10:20:00,1.052970970815938,False
2022-06-24 10:30:00,0.9969211822332363,False
2022-06-24 10:40:00,0.9837455633730826,False
2022-06-24 10:50:00,1.1819449381323746,False
2022-06-24 11:00:00,0.9635982515052885,False
2022-06-24 11:10:00,0.9695071827576428,False
2022-06-24 11:20:00,1.0807727461833014,False
2022-06-24 11:30:00,0.9316767285004195,False
2022-06-24 11:40:00,0.9564303781671349,False
2022-06-24 11:50:00,1.0836765341269687,False
2022-06-24 12:00:00,1.0016943886283622,False
2022-06-24 12:10:00,0.9710033435416573,False
2022-06-24 12:20:00,1.0287690521475084,False
2022-06-24 12:30:00,1.1422236477977354,False
2022-06-24 12:40:00,1.1259568257656085,False
2022-06-24 12:50:00,1.0571393283381705,False
2022-06-24 13:00:00,1.0579365387365836,False
2022-06-24 13:10:00,,False
2022-06-24 13:20:00,0.9081041660774413,False
2022-06-24 13:30:00,1.0523219062614362,False
2022-06-24 13:40:00,0.8369727829238,False
2022-06-24 13:50:00,0.9606759642982617,False
2022-06-24 14:00:00,0.9553858425940147,False
2022-06-24 14:10:00,0.9284840561008598,False
2022-06-24 14:20:00,1.0066116622691537,False
2022-06-24 14:30:00,0.9570233331012539,False
2022-06-24 14:40:00,1.0627027426019278,False
2022-06-24 14:50:00,1.3295503434347753,False
2022-06-24 15:00:00,0.8225201399095557,False
2022-06-24 15:10:00,0.9733076655205283,False
2022-06-24 15:20:00,0.973350582079868,False
2022-06-24 15:30:00,1.1826076883781578,False
2022-06-24 15:40:00,0.9626761228161762,False
2022-06-24 15:50:00,1.0340310438517948,False
2022-06-24 16:00:00,0.974411902300893,False
2022-06-24 16:10:00,0.9743893186235953,False
2022-06-24 16:20:00,1.0214182318212963,False
2022-06-24 16:30:00,0.8785102606713405,False
2022-06-24 16:40:00,0.9375801323416478,False
2022-06-24 16:50:00,0.9573106563352137,False
2022-06-24 17:00:00,1.1017843042598099,False
2022-06-24 17:10:00,1.0171148390693403,False
2022-06-24 17:20:00,0.997710407468026,False
2022-06-24 17:30:00,0.9741130385912984,False
2022-06-24 17:40:00,1.0149147941671903,False
2022-06-24 17:50:00,1.0118452394163697,False
2022-06-24 18:00:00,1.1100770960308177,False
2022-06-24 18:10:00,1.1373780396613884,False
2022-06-24 18:20:00,0.8787490776382526,False
2022-06-24 18:30:00,1.1769871719022473,False
2022-06-24 18:40:00,1.04313952307766,False
2022-06-24 18:50:00,0.9138218269399078,False
2022-06-24 19:00:00,,False
2022-06-24 19:10:00,0.9294633852081905,False
2022-06-24 19:20:00,1.0814065769923378,False
2022-06-24 19:30:00,0.9134651677618739,False
2022-06-24 19:40:00,,False
2022-06-24 19:50:00,,False
2022-06-24 20:00:00,,False
2022-06-24 20:10:00,,False
2022-06-24 20:20:00,0.9609735801975949,False
2022-06-24 20:30:00,0.8832500893520576,False
2022-06-24 20:40:00,1.0533256932147088,False
2022-06-24 20:50:00,0.9958164120733703,False
2022-06-24 21:00:00,0.9661292602193358,False
2022-06-24 21:10:00,1.1242230790813585,False
2022-06-24 21:20:00,0.9519611848520738,False
2022-06-24 21:30:00,1.0709373083277713,False
2022-06-24 21:40:00,0.9065370815236122,False
2022-06-24 21:50:00,0.8520878561644287,False
2022-06-24 22:00:00,1.0651117578346467,False
2022-06-24 22:10:00,,False
2022-06-24 22:20:00,1.0793547406913009,False
2022-06-24 22:30:00,1.0603300938568978,False
2022-06-24 22:40:00,0.9731528475642742,False
2022-06-24 22:50:00,0.9710199602736577,False
2022-06-24 23:00:00,1.0551001116198917,False
2022-06-24 23:10:00,1.0927312601510668,False
2022-06-24 23:20:00,1.1451857361010778,False
2022-06-24 23:30:00,1.04518239257263,False
2022-06-24 23:40:00,1.1172590690858784,False
2022-06-24 23:50:00,1.1051401286077274,False
2022-06-25 00:00:00,1.021588570893329,False
2022-06-25 00:10:00,0.991563889637159,False
2022-06-25 00:20:00,0.9154388936037072,False
2022-06-25 00:30:00,0.9246347938635682,False
2022-06-25 00:40:00,1.0493534992654348,False
2022-06-25 00:50:00,0.9765715771890293,False
2022-06-25 01:00:00,1.0012147114390744,False
2022-06-25 01:10:00,1.048048923053801,False
2022-06-25 01:20:00,1.1843943703454136,False
2022-06-25 01:30:00,0.9998217752810672,False
2022-06-25 01:40:00,1.1213644922804837,False
2022-06-25 01:50:00,0.950625310316362,False
2022-06-25 02:00:00,,False
2022-06-25 02:10:00,0.9988548688351592,False
2022-06-25 02:20:00,0.9353334562066032,False
2022-06-25 02:30:00,0.9241499740750412,False
2022-06-25 02:40:00,1.07158508441814,False
2022-06-25 02:50:00,0.9655290134805813,False
2022-06-25 03:00:00,0.8875889212084378,False
2022-06-25 03:10:00,0.8862725763844904,False
2022-06-25 03:20:00,0.9382960004874525,False
2022-06-25 03:30:00,0.9223588324915855,False
2022-06-25 03:40:00,1.0567514639087154,False
2022-06-25 03:50:00,0.8930213018415708,False
2022-06-25 04:00:00,0.7894034772620183,False
2022-06-25 04:10:00,1.1180143992207001,False
2022-06-25 04:20:00,0.9342928869253302,False
2022-06-25 04:30:00,0.9269230268034312,False
2022-06-25 04:40:00,0.896746910946517,False
2022-06-25 04:50:00,0.8769289994214416,False
2022-06-25 05:00:00,1.0074491573942166,False
2022-06-25 05:10:00,0.8182313983110866,False
2022-06-25 05:20:00,1.0231063028409093,False
2022-06-25 05:30:00,1.024818918621089,False
2022-06-25 05:40:00,1.011609512781967,False
2022-06-25 05:50:00,0.9772297519041164,False
2022-06-25 06:00:00,1.0718496212312882,False
2022-06-25 06:10:00,1.0334023381186865,False
2022-06-25 06:20:00,0.907725761833408,False
2022-06-25 06:30:00,,False
2022-06-25 06:40:00,1.0829759802901435,False
2022-06-25 06:50:00,1.1612207761732851,False
2022-06-25 07:00:00,0.8722395119875902,False
2022-06-25 07:10:00,1.0644631722614442,False
2022-06-25 07:20:00,1.0599920967629117,False
2022-06-25 07:30:00,1.054563570640794,False
2022-06-25 07:40:00,1.158174114750944,False
2022-06-25 07:50:00,0.8015724821157053,False
2022-06-25 08:00:00,0.8086512961522925,False
2022-06-25 08:10:00,1.1436815091386094,False
2022-06-25 08:20:00,0.9908989112197243,False
2022-06-25 08:30:00,0.8699701473794312,False
2022-06-25 08:40:00,1.084835789178537,False
2022-06-25 08:50:00,1.0649265642177665,False
2022-06-25 09:00:00,0.8162443921459197,False
2022-06-25 09:10:00,1.0131641802333393,False
2022-06-25 09:20:00,1.005830976230856,False
2022-06-25 09:30:00,1.120206472184374,False
2022-06-25 09:40:00,1.1048092138986427,False
2022-06-25 09:50:00,1.01631051083954,False
2022-06-25 10:00:00,1.0254916221507637,False
2022-06-25 10:10:00,0.9611100061493457,False
2022-06-25 10:20:00,,False
2022-06-25 10:30:00,0.9606699484923744,False
2022-06-25 10:40:00,0.9115757611209206,False
2022-06-25 10:50:00,0.993506463326114,False
2022-06-25 11:00:00,0.9934520046235843,False
2022-06-25 11:10:00,,False
2022-06-25 11:20:00,1.0498265680706602,False
2022-06-25 11:30:00,0.8595629393160027,False
2022-06-25 11:40:00,0.9834822678266646,False
2022-06-25 11:50:00,0.9610267867005251,False
2022-06-25 12:00:00,0.9596414206250101,False
2022-06-25 12:10:00,0.9228808653849281,False
2022-06-25 12:20:00,0.984917832480939,False
2022-06-25 12:30:00,1.1413554880925967,False
2022-06-25 12:40:00,1.177187984210803,False
2022-06-25 12:50:00,,False
2022-06-25 13:00:00,1.085794613378465,False
2022-06-25 13:10:00,1.062678844895352,False
2022-06-25 13:20:00,1.1824542261610573,False
2022-06-25 13:30:00,0.95676379634853,False
2022-06-25 13:40:00,1.0597948177026044,False
2022-06-25 13:50:00,0.862577941140454,False
2022-06-25 14:00:00,1.0526264979316902,False
2022-06-25 14:10:00,1.0509419512507316,False
2022-06-25 14:20:00,0.9447277541282364,False
2022-06-25 14:30:00,1.0888830452271794,False
2022-06-25 14:40:00,0.9222763570467374,False
2022-06-25 14:50:00,0.9776824104701789,False
2022-06-25 15:00:00,0.9938821578627808,False
2022-06-25 15:10:00,0.9406150831214671,False
2022-06-25 15:20:00,0.9791307894423275,False
2022-06-25 15:30:00,0.9821599111972666,False
2022-06-25 15:40:00,0.9143919493227887,False
2022-06-25 15:50:00,1.089259009694814,False
2022-06-25 16:00:00,1.0833282807117408,False
2022-06-25 16:10:00,1.073749834381302,False
2022-06-25 16:20:00,0.8648122594933007,False
2022-06-25 16:30:00,0.7495354595090636,False
2022-06-25 16:40:00,0.864938401946818,False
2022-06-25 16:50:00,0.8732967006493721,False
2022-06-25 17:00:00,1.1277393311181014,False
2022-06-25 17:10:00,0.9710084191577065,False
2022-06-25 17:20:00,1.1073460709102623,False
2022-06-25 17:30:00,1.201194540163219,False
2022-06-25 17:40:00,0.8824180801885562,False
2022-06-25 17:50:00,0.9126531322689868,False
2022-06-25 18:00:00,1.0143593274918092,False
2022-06-25 18:10:00,0.9174828236289201,False
2022-06-25 18:20:00,0.9524556700708726,False
2022-06-25 18:30:00,1.1238653937578647,False
2022-06-25 18:40:00,1.129810687440046,False
2022-06-25 18:50:00,0.9389125586153597,False
2022-06-25 19:00:00,1.0765772371513,False
2022-06-25 19:10:00,0.8719893031071295,False
2022-06-25 19:20:00,1.2710416232017978,False
2022-06-25 19:30:00,0.7562991257291148,False
2022-06-25 19:40:00,1.0904651836739976,False
2022-06-25 19:50:00,0.9916041380826439,False
2022-06-25 20:00:00,1.0521314427281663,False
2022-06-25 20:10:00,1.0027681265357804,False
2022-06-25 20:20:00,0.8458013750333995,False
2022-06-25 20:30:00,0.9684480696022819,False
2022-06-25 20:40:00,1.045659402681712,False
2022-06-25 20:50:00,0.9291637726560305,False
2022-06-25 21:00:00,1.1190491228095332,False
2022-06-25 21:10:00,0.8543350637015493,False
2022-06-25 21:20:00,0.9178099104011164,False
2022-06-25 21:30:00,1.000970900933683,False
2022-06-25 21:40:00,1.0951133839062681,False
2022-06-25 21:50:00,1.1602848120668998,False
2022-06-25 22:00:00,1.0474546313901285,False
2022-06-25 22:10:00,0.946528819378354,False
2022-06-25 22:20:00,1.093232898486005,False
2022-06-25 22:30:00,1.0657121116016797,False
2022-06-25 22:40:00,,False
2022-06-25 22:50:00,1.0142912639517885,False
2022-06-25 23:00:00,1.056060217181195,False
2022-06-25 23:10:00,1.0627900571348845,False
2022-06-25 23:20:00,1.0833452751129902,False
2022-06-25 23:30:00,1.291911355271018,False
2022-06-25 23:40:00,0.9256683953232445,False
2022-06-25 23:50:00,0.9548759292750065,False
2022-06-26 00:00:00,1.0540283635376104,False
2022-06-26 00:10:00,1.0256074849041639,False
2022-06-26 00:20:00,0.8558754350854659,False
2022-06-26 00:30:00,,False
2022-06-26 00:40:00,0.9190950436140176,False
2022-06-26 00:50:00,0.9951803755965526,False
2022-06-26 01:00:00,1.04321825107505,False
2022-06-26 01:10:00,0.9477382527643687,False
2022-06-26 01:20:00,0.9926502759112482,False
2022-06-26 01:30:00,1.0360265407479907,False
2022-06-26 01:40:00,1.167236820707064,False
2022-06-26 01:50:00,0.9126590853280053,False
2022-06-26 02:00:00,0.8390667923346506,False
2022-06-26 02:10:00,0.9336078848223788,False
2022-06-26 02:20:00,0.9056874269060639,False
2022-06-26 02:30:00,0.950440855188005,False
2022-06-26 02:40:00,,False
2022-06-26 02:50:00,0.9170487108147605,False
2022-06-26 03:00:00,1.0230932592218387,False
2022-06-26 03:10:00,,False
2022-06-26 03:20:00,0.9011799887188723,False
2022-06-26 03:30:00,0.8774254259620224,False
2022-06-26 03:40:00,1.12927605206678,False
2022-06-26 03:50:00,1.0490448987808374,False
2022-06-26 04:00:00,0.8348212505279925,False
2022-06-26 04:10:00,0.8508222204310276,False
2022-06-26 04:20:00,0.9240781581977341,False
2022-06-26 04:30:00,,False
2022-06-26 04:40:00,0.9288513883456686,False
2022-06-26 04:50:00,,False
2022-06-26 05:00:00,0.8827149583259752,False
2022-06-26 05:10:00,0.9572745297906546,False
2022-06-26 05:20:00,0.9814113504281277,False
2022-06-26 05:30:00,0.8626541779269542,False
2022-06-26 05:40:00,1.0063353375354158,False
2022-06-26 05:50:00,,False
2022-06-26 06:00:00,1.016312541328019,False
2022-06-26 06:10:00,0.9692056670484432,False
2022-06-26 06:20:00,1.035621710433681,False
2022-06-26 06:30:00,1.0171548052064032,False
2022-06-26 06:40:00,1.0175427685498357,False
2022-06-26 06:50:00,0.9680966175903649,False
2022-06-26 07:00:00,0.8847522059075548,False
2022-06-26 07:10:00,1.0440677896702666,False
2022-06-26 07:20:00,0.9850824100989457,False
2022-06-26 07:30:00,,False
2022-06-26 07:40:00,1.0316837135439323,False
2022-06-26 07:50:00,0.8095587672747091,False
2022-06-26 08:00:00,0.8599597266414392,False
2022-06-26 08:10:00,1.0524132040944734,False
2022-06-26 08:20:00,0.9422387980313557,False
2022-06-26 08:30:00,1.0722182622867973,False
2022-06-26 08:40:00,0.95543146684527,False
2022-06-26 08:50:00,1.2208240289899444,False
2022-06-26 09:00:00,0.9654195592615759,False
2022-06-26 09:10:00,1.085264102421242,False
2022-06-26 09:20:00,1.0558146877788346,False
2022-06-26 09:30:00,0.9333381511433341,False
2022-06-26 09:40:00,0.9897818109638433,False
2022-06-26 09:50:00,0.7826091098829264,False
2022-06-26 10:00:00,0.9139772711812096,False
2022-06-26 10:10:00,0.8753302203795599,False
2022-06-26 10:20:00,0.9380842913300275,False
2022-06-26 10:30:00,0.9220033026239304,False
2022-06-26 10:40:00,1.061366381842393,False
2022-06-26 10:50:00,0.8798532914734777,False
2022-06-26 11:00:00,1.1586906345235415,False
2022-06-26 11:10:00,0.9699031226691176,False
2022-06-26 11:20:00,0.9724774469789127,False
2022-06-26 11:30:00,0.9031764854036821,False
2022-06-26 11:40:00,0.8119846249563455,False
2022-06-26 11:50:00,1.0972506591825104,False
2022-06-26 12:00:00,0.8998655651191659,False
2022-06-26 12:10:00,0.938525902033865,False
2022-06-26 12:20:00,1.0082318389683897,False
2022-06-26 12:30:00,1.144547604481753,False
2022-06-26 12:40:00,1.1108204165163325,False
2022-06-26 12:50:00,0.8759238572250161,False
2022-06-26 13:00:00,1.05887694646713,False
2022-06-26 13:10:00,,False
2022-06-26 13:20:00,0.8536843705664201,False
2022-06-26 13:30:00,0.7884038978667329,False
2022-06-26 13:40:00,0.9140646767524557,False
2022-06-26 13:50:00,0.9467053622147137,False
2022-06-26 14:00:00,1.0385205429099928,False
2022-06-26 14:10:00,0.8052292419817791,False
2022-06-26 14:20:00,1.0799806683945508,False
2022-06-26 14:30:00,,False
2022-06-26 14:40:00,0.9051023392593782,False
2022-06-26 14:50:00,1.1564797961895954,False
2022-06-26 15:00:00,1.0171274257647973,False
2022-06-26 15:10:00,0.8948636005789082,False
2022-06-26 15:20:00,0.8732060767643776,False
2022-06-26 15:30:00,0.9502384364167296,False
2022-06-26 15:40:00,1.2832268111135559,False
2022-06-26 15:50:00,1.0085106847585112,False
2022-06-26 16:00:00,,False
2022-06-26 16:10:00,0.9383685879112874,False
2022-06-26 16:20:00,,False
2022-06-26 16:30:00,0.870615713859889,False
2022-06-26 16:40:00,1.2113648835267643,False
2022-06-26 16:50:00,0.8712419868276304,False
2022-06-26 17:00:00,,False
2022-06-26 17:10:00,0.9334625688644327,False
2022-06-26 17:20:00,1.0141836105231719,False
2022-06-26 17:30:00,1.0206607687324056,False
2022-06-26 17:40:00,1.1368504637991583,False
2022-06-26 17:50:00,0.7590619659363256,False
2022-06-26 18:00:00,1.0101829945219447,False
2022-06-26 18:10:00,0.8917584264300967,False
2022-06-26 18:20:00,1.0317010214792803,False
2022-06-26 18:30:00,0.8117815190005937,False
2022-06-26 18:40:00,0.8648926017798171,False
2022-06-26 18:50:00,0.9902835805479193,False
2022-06-26 19:00:00,0.9572255488992566,False
2022-06-26 19:10:00,1.1436311985258614,False
2022-06-26 19:20:00,1.0914643403358557,False
2022-06-26 19:30:00,1.0381046742562172,False
2022-06-26 19:40:00,1.1733163323813105,False
2022-06-26 19:50:00,0.917204467621772,False
2022-06-26 20:00:00,0.9458104520716052,False
2022-06-26 20:10:00,1.027473245632964,False
2022-06-26 20:20:00,0.9095138499528744,False
2022-06-26 20:30:00,1.1570808819017602,False
2022-06-26 20:40:00,1.0091828561962115,False
2022-06-26 20:50:00,1.0560264570740592,False
2022-06-26 21:00:00,0.7456781847114616,False
2022-06-26 21:10:00,0.9480176546827149,False
2022-06-26 21:20:00,0.9560033663157962,False
2022-06-26 21:30:00,1.157643607076952,False
2022-06-26 21:40:00,1.0895207944085723,False
2022-06-26 21:50:00,1.1229744073792232,False
2022-06-26 22:00:00,1.0652194636366623,False
2022-06-26 22:10:00,1.118433569158399,False
2022-06-26 22:20:00,0.9105324870380946,False
2022-06-26 22:30:00,0.8555128466288224,False
2022-06-26 22:40:00,,False
2022-06-26 22:50:00,0.8193029822066868,False
2022-06-26 23:00:00,,False
2022-06-26 23:10:00,1.0605086552571577,False
2022-06-26 23:20:00,0.987640965344083,False
2022-06-26 23:30:00,1.0695899064640257,False
2022-06-26 23:40:00,0.8642509392452696,False
2022-06-26 23:50:00,,False
2022-06-27 00:00:00,1.090781650692728,False
2022-06-27 00:10:00,0.9684859747772903,False
2022-06-27 00:20:00,1.0510252516331435,False
2022-06-27 00:30:00,1.208749181711795,False
2022-06-27 00:40:00,1.1539511087508707,False
2022-06-27 00:50:00,0.9864693192852897,False
2022-06-27 01:00:00,1.0991236897336547,False
2022-06-27 01:10:00,0.8824891302936233,False
2022-06-27 01:20:00,,False
2022-06-27 01:30:00,1.0255466789848384,False
2022-06-27 01:40:00,1.1773257255436864,False
2022-06-27 01:50:00,0.9756041492796702,False
2022-06-27 02:00:00,1.1276050982678174,False
2022-06-27 02:10:00,1.1125577945110976,False
2022-06-27 02:20:00,1.1154583801193254,False
2022-06-27 02:30:00,1.1048865887743216,False
2022-06-27 02:40:00,1.1238460933258914,False
2022-06-27 02:50:00,1.0190949747940468,False
2022-06-27 03:00:00,0.9414582267819286,False
2022-06-27 03:10:00,1.054623006946637,False
2022-06-27 03:20:00,1.0105229852990276,False
2022-06-27 03:30:00,0.8226016602465325,False
2022-06-27 03:40:00,,False
2022-06-27 03:50:00,0.9383891617611289,False
2022-06-27 04:00:00,1.0624440236011288,False
2022-06-27 04:10:00,0.9152698348219739,False
2022-06-27 04:20:00,1.0986012052474146,False
2022-06-27 04:30:00,1.113057732835613,False
2022-06-27 04:40:00,0.9265677534860458,False
2022-06-27 04:50:00,,False
2022-06-27 05:00:00,1.1576276892058532,False
2022-06-27 05:10:00,1.0713936467543188,False
2022-06-27 05:20:00,0.9006195078478144,False
2022-06-27 05:30:00,1.0328147278818058,False
2022-06-27 05:40:00,0.9764822753607963,False
2022-06-27 05:50:00,0.9651699865915003,False
2022-06-27 06:00:00,1.1522046630772624,False
2022-06-27 06:10:00,0.7621783441590684,False
2022-06-27 06:20:00,1.0547127726224013,False
2022-06-27 06:30:00,1.021507134178102,False
2022-06-27 06:40:00,1.023367038641203,False
2022-06-27 06:50:00,0.705597711398475,False
2022-06-27 07:00:00,1.109887764682139,False
2022-06-27 07:10:00,1.1498924265444643,False
2022-06-27 07:20:00,1.1992899268457489,False
2022-06-27 07:30:00,1.007564841208556,False
2022-06-27 07:40:00,0.9728127337977751,False
2022-06-27 07:50:00,1.1202072757126578,False
2022-06-27 08:00:00,1.0966017571346958,False
2022-06-27 08:10:00,0.9509568136610567,False
2022-06-27 08:20:00,1.009248961453335,False
2022-06-27 08:30:00,0.8631534338536947,False
2022-06-27 08:40:00,1.163376997397195,False
2022-06-27 08:50:00,1.035950646471847,False
2022-06-27 09:00:00,0.936678012852333,False
2022-06-27 09:10:00,1.099104746007967,False
2022-06-27 09:20:00,,False
2022-06-27 09:30:00,1.0991853583844076,False
2022-06-27 09:40:00,1.1039099487725876,False
2022-06-27 09:50:00,0.9549269150082651,False
2022-06-27 10:00:00,1.1021244788465843,False
2022-06-27 10:10:00,1.0918390951369592,False
2022-06-27 10:20:00,0.7933362381551968,False
2022-06-27 10:30:00,1.0319299524583352,False
2022-06-27 10:40:00,0.8770590910567596,False
2022-06-27 10:50:00,0.9546014534881305,False
2022-06-27 11:00:00,0.8841080143630287,False
2022-06-27 11:10:00,0.9512197643044,False
2022-06-27 11:20:00,0.8384478862494984,False
2022-06-27 11:30:00,1.003909755512478,False
2022-06-27 11:40:00,0.8101835378471496,False
2022-06-27 11:50:00,1.06421336415178,False
2022-06-27 12:00:00,1.1965447494150228,False
2022-06-27 12:10:00,0.8318787985566861,False
2022-06-27 12:20:00,1.0376612118188535,False
2022-06-27 12:30:00,1.1250887175143152,False
2022-06-27 12:40:00,1.001563369268593,False
2022-06-27 12:50:00,0.9544429085105608,False
2022-06-27 13:00:00,1.1182055769788077,False
2022-06-27 13:10:00,,False
2022-06-27 13:20:00,1.1305672765653385,False
2022-06-27 13:30:00,1.0691408792416006,False
2022-06-27 13:40:00,1.1216498352001414,False
2022-06-27 13:50:00,1.1241434234459369,False
2022-06-27 14:00:00,,False
2022-06-27 14:10:00,0.9805953767056221,False
2022-06-27 14:20:00,1.1328064035515695,False
2022-06-27 14:30:00,1.0693727211223485,False
2022-06-27 14:40:00,1.1798755985780096,False
2022-06-27 14:50:00,0.8822243480328119,False
2022-06-27 15:00:00,1.1246990707509652,False
2022-06-27 15:10:00,1.0210299177138071,False
2022-06-27 15:20:00,0.9518343389762655,False
2022-06-27 15:30:00,1.2786591094742883,False
2022-06-27 15:40:00,1.121575357746608,False
2022-06-27 15:50:00,1.05583023181194,False
2022-06-27 16:00:00,1.0143806147024772,False
2022-06-27 16:10:00,1.1847738541413473,False
2022-06-27 16:20:00,0.9324570378664891,False
2022-06-27 16:30:00,0.9183362497630246,False
2022-06-27 16:40:00,0.9199770095752524,False
2022-06-27 16:50:00,1.0745050054750687,False
2022-06-27 17:00:00,0.9396634769936764,False
2022-06-27 17:10:00,1.0023827311818265,False
2022-06-27 17:20:00,0.9445280825247537,False
2022-06-27 17:30:00,1.0038955554880133,False
2022-06-27 17:40:00,0.9292626982835932,False
2022-06-27 17:50:00,1.1682506995466306,False
2022-06-27 18:00:00,0.8685837857475999,False
2022-06-27 18:10:00,0.8857733861067447,False
2022-06-27 18:20:00,0.9084964334514204,False
2022-06-27 18:30:00,1.077858035130635,False
2022-06-27 18:40:00,0.9280917073467763,False
2022-06-27 18:50:00,,False
2022-06-27 19:00:00,0.9189877153048012,False
2022-06-27 19:10:00,0.9569369006981266,False
2022-06-27 19:20:00,0.9676113190476135,False
2022-06-27 19:30:00,1.1244261365006085,False
2022-06-27 19:40:00,0.8881620020853095,False
2022-06-27 19:50:00,1.069579564426375,False
2022-06-27 20:00:00,1.106136293874625,False
2022-06-27 20:10:00,1.0474207814503225,False
2022-06-27 20:20:00,1.031904898405359,False
2022-06-27 20:30:00,1.0791351686935768,False
2022-06-27 20:40:00,1.110892470107946,False
2022-06-27 20:50:00,0.9790897068447497,False
2022-06-27 21:00:00,,False
2022-06-27 21:10:00,0.995941313226707,False
2022-06-27 21:20:00,1.0713982120713756,False
2022-06-27 21:30:00,1.1140802055004064,False
2022-06-27 21:40:00,0.8802226655060239,False
2022-06-27 21:50:00,1.051605465174063,False
2022-06-27 22:00:00,1.1119287484663385,False
2022-06-27 22:10:00,0.9353901954482705,False
2022-06-27 22:20:00,1.0105809848913987,False
2022-06-27 22:30:00,1.1647838223766676,False
2022-06-27 22:40:00,0.9010496403372161,False
2022-06-27 22:50:00,0.8912138724390234,False
2022-06-27 23:00:00,0.893723469238236,False
2022-06-27 23:10:00,1.0327404135302614,False
2022-06-27 23:20:00,1.1307844178233157,False
2022-06-27 23:30:00,0.9133565081966899,False
2022-06-27 23:40:00,1.0020903121747857,False
2022-06-27 23:50:00,1.0233391714008921,False
2022-06-28 00:00:00,1.1122433993349108,False
2022-06-28 00:10:00,0.9503450269271057,False
2022-06-28 00:20:00,0.9939296479219953,False
2022-06-28 00:30:00,1.0803456258012019,False
2022-06-28 00:40:00,0.9299448033452605,False
2022-06-28 00:50:00,0.8930976498263478,False
2022-06-28 01:00:00,0.9544453060799046,False
2022-06-28 01:10:00,1.0570039623657623,False
2022-06-28 01:20:00,0.9757224992953125,False
2022-06-28 01:30:00,0.9702694371405614,False
2022-06-28 01:40:00,1.124053279747774,False
2022-06-28 01:50:00,0.9933817329257366,False
2022-06-28 02:00:00,,False
2022-06-28 02:10:00,1.1116819904012538,False
2022-06-28 02:20:00,1.0183127345330543,False
2022-06-28 02:30:00,1.1111003774596109,False
2022-06-28 02:40:00,0.9859319039765062,False
2022-06-28 02:50:00,,False
2022-06-28 03:00:00,1.0020404469535444,False
2022-06-28 03:10:00,1.0283581025366813,False
2022-06-28 03:20:00,0.815690211891967,False
2022-06-28 03:30:00,1.076060485493316,False
2022-06-28 03:40:00,0.8414884056963924,False
2022-06-28 03:50:00,,False
2022-06-28 04:00:00,1.052221707449421,False
2022-06-28 04:10:00,1.0773230918297156,False
2022-06-28 04:20:00,0.9894573672825426,False
2022-06-28 04:30:00,0.8729695215881845,False
2022-06-28 04:40:00,0.9748323462292141,False
2022-06-28 04:50:00,1.1028433160529834,False
2022-06-28 05:00:00,0.8805041466954173,False
2022-06-28 05:10:00,1.0233216523551434,False
2022-06-28 05:20:00,1.0164928679767962,False
2022-06-28 05:30:00,,False
2022-06-28 05:40:00,0.9291812806687149,False
2022-06-28 05:50:00,0.9298885094720123,False
2022-06-28 06:00:00,0.9869719059532778,False
2022-06-28 06:10:00,0.9391324092234736,False
2022-06-28 06:20:00,0.9637702374324274,False
2022-06-28 06:30:00,1.1456954477606063,False
2022-06-28 06:40:00,1.0330458271097676,False
2022-06-28 06:50:00,1.1029690406967498,False
2022-06-28 07:00:00,1.0707944733561614,False
2022-06-28 07:10:00,0.8886606458795362,False
2022-06-28 07:20:00,0.9143144974925448,False
2022-06-28 07:30:00,1.0289539031531216,False
2022-06-28 07:40:00,1.0346104069597113,False
2022-06-28 07:50:00,1.0420707910369869,False
2022-06-28 08:00:00,1.0188445012259841,False
2022-06-28 08:10:00,1.1342718448220355,False
2022-06-28 08:20:00,1.1720094413918805,False
2022-06-28 08:30:00,1.0659283522039742,False
2022-06-28 08:40:00,0.9572839008732872,False
2022-06-28 08:50:00,1.0473169346645326,False
2022-06-28 09:00:00,1.0339582091353692,False
2022-06-28 09:10:00,1.0624506495535146,False
2022-06-28 09:20:00,1.1006239216696607,False
2022-06-28 09:30:00,1.0667516122835827,False
2022-06-28 09:40:00,1.0119971503851781,False
2022-06-28 09:50:00,0.9522578223144675,False
2022-06-28 10:00:00,0.9701813149919628,False
2022-06-28 10:10:00,1.1454676617088828,False
2022-06-28 10:20:00,1.147715495787574,False
2022-06-28 10:30:00,1.0813080231607586,False
2022-06-28 10:40:00,0.9591422638323932,False
2022-06-28 10:50:00,1.0120759757260553,False
2022-06-28 11:00:00,0.989659823705938,False
2022-06-28 11:10:00,1.1325747219286117,False
2022-06-28 11:20:00,0.9763786850181775,False
2022-06-28 11:30:00,0.9754493197393613,False
2022-06-28 11:40:00,0.8400448436030337,False
2022-06-28 11:50:00,1.0039654350092695,False
2022-06-28 12:00:00,1.0208231346276717,False
2022-06-28 12:10:00,0.984429418690278,False
2022-06-28 12:20:00,0.8850330569473974,False
2022-06-28 12:30:00,1.0911947965890614,False
2022-06-28 12:40:00,0.8530447316565606,False
2022-06-28 12:50:00,1.059858546517946,False
2022-06-28 13:00:00,0.8711670498758008,False
2022-06-28 13:10:00,0.9907229580981755,False
2022-06-28 13:20:00,1.0288714215803603,False
2022-06-28 13:30:00,0.9400408122630589,False
2022-06-28 13:40:00,1.011782270709492,False
2022-06-28 13:50:00,1.0529581273737965,False
2022-06-28 14:00:00,0.9903292078511098,False
2022-06-28 14:10:00,1.0883987598166667,False
2022-06-28 14:20:00,0.9372634862385832,False
2022-06-28 14:30:00,0.8461892932981159,False
2022-06-28 14:40:00,0.990852937839321,False
2022-06-28 14:50:00,1.1024624974515653,False
2022-06-28 15:00:00,1.0827027761185835,False
2022-06-28 15:10:00,,False
2022-06-28 15:20:00,1.1006631552969677,False
2022-06-28 15:30:00,0.9044793930452419,False
2022-06-28 15:40:00,1.0544621957353013,False
2022-06-28 15:50:00,1.0349849888672213,False
2022-06-28 16:00:00,0.9790638793716775,False
2022-06-28 16:10:00,0.9788238478239618,False
2022-06-28 16:20:00,0.9603566735360136,False
2022-06-28 16:30:00,0.968115900779597,False
2022-06-28 16:40:00,0.9325235182681937,False
2022-06-28 16:50:00,1.0306371605567453,False
2022-06-28 17:00:00,,False
2022-06-28 17:10:00,0.9886560077697792,False
2022-06-28 17:20:00,0.9389339937174114,False
2022-06-28 17:30:00,0.9448806589460891,False
2022-06-28 17:40:00,1.0020840857344924,False
2022-06-28 17:50:00,1.0526390322008132,False
2022-06-28 18:00:00,0.9144617541653146,False
2022-06-28 18:10:00,0.9306099458811941,False
2022-06-28 18:20:00,1.081587162476973,False
2022-06-28 18:30:00,1.0210952248098035,False
2022-06-28 18:40:00,0.9258004486047413,False
2022-06-28 18:50:00,1.0321342563406197,False
2022-06-28 19:00:00,0.9568575975918603,False
2022-06-28 19:10:00,1.0445518451322693,False
2022-06-28 19:20:00,0.7972893291886844,False
2022-06-28 19:30:00,0.9158264463833851,False
2022-06-28 19:40:00,0.678637435763082,False
2022-06-28 19:50:00,0.997838433428946,False
2022-06-28 20:00:00,1.0323783804696787,False
2022-06-28 20:10:00,1.0759756670427205,False
2022-06-28 20:20:00,1.1595042108184144,False
2022-06-28 20:30:00,0.9158708562964712,False
2022-06-28 20:40:00,1.1510745390222596,False
2022-06-28 20:50:00,0.8455168102978292,False
2022-06-28 21:00:00,0.9181036588389974,False
2022-06-28 21:10:00,1.2199747581973435,False
2022-06-28 21:20:00,0.9672186274532812,False
2022-06-28 21:30:00,1.142193306659714,False
2022-06-28 21:40:00,1.066397680786862,False
2022-06-28 21:50:00,,False
2022-06-28 22:00:00,1.062605499157427,False
2022-06-28 22:10:00,1.1196990350836376,False
2022-06-28 22:20:00,1.0582409832036905,False
2022-06-28 22:30:00,1.0403594046223728,False
2022-06-28 22:40:00,0.883712595058876,False
2022-06-28 22:50:00,1.0095307294635067,False
2022-06-28 23:00:00,0.8999895581527613,False
2022-06-28 23:10:00,1.0672343987948332,False
2022-06-28 23:20:00,1.0390009959184545,False
2022-06-28 23:30:00,0.863150454485873,False
2022-06-28 23:40:00,0.8596929293722249,False
2022-06-28 23:50:00,0.9136378580717319,False
2022-06-29 00:00:00,1.0155463663563724,False
2022-06-29 00:10:00,0.8850375204783711,False
2022-06-29 00:20:00,1.0621202340655767,False
2022-06-29 00:30:00,0.9740860339575843,False
2022-06-29 00:40:00,0.9364313120537159,False
2022-06-29 00:50:00,1.0432576530373745,False
2022-06-29 01:00:00,1.0050409840619356,False
2022-06-29 01:10:00,0.9610606135486501,False
2022-06-29 01:20:00,1.0650981183353763,False
2022-06-29 01:30:00,,False
2022-06-29 01:40:00,0.9436283480814305,False
2022-06-29 01:50:00,1.0004735610994822,False
2022-06-29 02:00:00,0.985376703983824,False
2022-06-29 02:10:00,0.9596934299396312,False
2022-06-29 02:20:00,,False
2022-06-29 02:30:00,0.921594920282969,False
2022-06-29 02:40:00,0.8325931142783026,False
2022-06-29 02:50:00,1.029483366582543,False
2022-06-29 03:00:00,0.951826067093846,False
2022-06-29 03:10:00,0.9836792504177696,False
2022-06-29 03:20:00,1.1440021469297168,False
2022-06-29 03:30:00,1.0491433155891512,False
2022-06-29 03:40:00,1.097295867167555,False
2022-06-29 03:50:00,0.9670186367899535,False
2022-06-29 04:00:00,1.026998476986054,False
2022-06-29 04:10:00,1.0667831139941304,False
2022-06-29 04:20:00,0.9656103249424005,False
2022-06-29 04:30:00,0.9571958338381005,False
2022-06-29 04:40:00,1.1873053171539847,False
2022-06-29 04:50:00,0.8303936895417044,False
2022-06-29 05:00:00,0.9834275020679607,False
2022-06-29 05:10:00,0.9324473114362815,False
2022-06-29 05:20:00,1.043558769355072,False
2022-06-29 05:30:00,0.9473326345769982,False
2022-06-29 05:40:00,0.9549947180748107,False
2022-06-29 05:50:00,0.9300418485617806,False
2022-06-29 06:00:00,0.9740804606634246,False
2022-06-29 06:10:00,1.0015772290849645,False
2022-06-29 06:20:00,1.0134698277098082,False
2022-06-29 06:30:00,1.271955755080872,False
2022-06-29 06:40:00,0.9244306548783923,False
2022-06-29 06:50:00,1.02531416893209,False
2022-06-29 07:00:00,1.2151941156054027,False
2022-06-29 07:10:00,1.0175976695936024,False
2022-06-29 07:20:00,0.9536131681143833,False
2022-06-29 07:30:00,1.0304483949556873,False
2022-06-29 07:40:00,1.0489842039528108,False
2022-06-29 07:50:00,1.0581004204636233,False
2022-06-29 08:00:00,1.05251636129616,False
2022-06-29 08:10:00,1.0908670767143165,False
2022-06-29 08:20:00,0.8884857467969366,False
2022-06-29 08:30:00,0.8821680668242329,False
2022-06-29 08:40:00,1.048999127961438,False
2022-06-29 08:50:00,1.030296817915758,False
2022-06-29 09:00:00,0.9462505192809751,False
2022-06-29 09:10:00,1.0110638330873551,False
2022-06-29 09:20:00,1.105327776172554,False
2022-06-29 09:30:00,0.96491424110982,False
2022-06-29 09:40:00,1.0476769568288076,False
2022-06-29 09:50:00,0.9685149444444412,False
2022-06-29 10:00:00,0.9624780197005346,False
2022-06-29 10:10:00,0.9999720014452887,False
2022-06-29 10:20:00,0.9430233568729463,False
2022-06-29 10:30:00,1.1531317511783523,False
2022-06-29 10:40:00,0.9992005869464643,False
2022-06-29 10:50:00,1.1092996320274604,False
2022-06-29 11:00:00,1.2319286347147338,False
2022-06-29 11:10:00,1.0047455112691108,False
2022-06-29 11:20:00,1.0102462583036782,False
2022-06-29 11:30:00,1.0288267705640861,False
2022-06-29 11:40:00,0.9809557478062346,False
2022-06-29 11:50:00,1.194494612375433,False
2022-06-29 12:00:00,0.9669860818496663,False
2022-06-29 12:10:00,1.1427647204044626,False
2022-06-29 12:20:00,1.1510538032966,False
2022-06-29 12:30:00,0.9002717489648733,False
2022-06-29 12:40:00,0.8727339049985263,False
2022-06-29 12:50:00,1.0102179107861013,False
2022-06-29 13:00:00,1.148376848221694,False
2022-06-29 13:10:00,1.1626133308434536,False
2022-06-29 13:20:00,1.1594039136725884,False
2022-06-29 13:30:00,,False
2022-06-29 13:40:00,0.9621490663108457,False
2022-06-29 13:50:00,0.9585599508304853,False
2022-06-29 14:00:00,1.0521313565430963,False
2022-06-29 14:10:00,0.930838201670905,False
2022-06-29 14:20:00,0.9213159793961132,False
2022-06-29 14:30:00,0.9380844799642877,False
2022-06-29 14:40:00,0.8945342701103889,False
2022-06-29 14:50:00,1.1157214974923872,False
2022-06-29 15:00:00,0.9483317830970686,False
2022-06-29 15:10:00,1.0394085932633865,False
2022-06-29 15:20:00,0.9273973123688656,False
2022-06-29 15:30:00,0.8875446699089145,False
2022-06-29 15:40:00,0.9157245203675197,False
2022-06-29 15:50:00,1.0064927161413575,False
2022-06-29 16:00:00,1.0167384927919207,False
2022-06-29 16:10:00,1.1128036598381692,False
2022-06-29 16:20:00,,False
2022-06-29 16:30:00,0.9281145199991393,False
2022-06-29 16:40:00,1.0278222231599892,False
2022-06-29 16:50:00,0.9266075189919729,False
2022-06-29 17:00:00,0.8626268602953244,False
2022-06-29 17:10:00,1.0310590582439572,False
2022-06-29 17:20:00,0.9728332177071964,False
2022-06-29 17:30:00,0.8109377597874118,False
2022-06-29 17:40:00,1.012230617572782,False
2022-06-29 17:50:00,1.1046882225573826,False
2022-06-29 18:00:00,0.9564984661951119,False
2022-06-29 18:10:00,0.9484477171292861,False
2022-06-29 18:20:00,1.152486192129344,False
2022-06-29 18:30:00,1.1064396412253692,False
2022-06-29 18:40:00,0.8482804135551445,False
2022-06-29 18:50:00,0.8858055169539537,False
2022-06-29 19:00:00,0.9580401985799306,False
2022-06-29 19:10:00,1.0486292265247212,False
2022-06-29 19:20:00,,False
2022-06-29 19:30:00,0.9035873508284549,False
2022-06-29 19:40:00,0.9424343114535001,False
2022-06-29 19:50:00,0.8228651808646875,False
2022-06-29 20:00:00,1.1702673848547356,False
2022-06-29 20:10:00,0.9075670422071538,False
2022-06-29 20:20:00,1.0381402239159039,False
2022-06-29 20:30:00,0.9916065297533625,False
2022-06-29 20:40:00,1.019971763516425,False
2022-06-29 20:50:00,1.0237651962424796,False
2022-06-29 21:00:00,0.7851927566231351,False
2022-06-29 21:10:00,0.9390008774726772,False
2022-06-29 21:20:00,0.8813535636527671,False
2022-06-29 21:30:00,1.0667817285024863,False
2022-06-29 21:40:00,,False
2022-06-29 21:50:00,1.143291164007564,False
2022-06-29 22:00:00,1.1843629875837272,False
2022-06-29 22:10:00,,False
2022-06-29 22:20:00,1.0497543103542128,False
2022-06-29 22:30:00,0.9178990007319168,False
2022-06-29 22:40:00,1.0983371827184718,False
2022-06-29 22:50:00,1.1121035805774135,False
2022-06-29 23:00:00,1.1145343662441767,False
2022-06-29 23:10:00,0.9374389893584818,False
2022-06-29 23:20:00,0.9131835455667121,False
2022-06-29 23:30:00,0.755220041529582,False
2022-06-29 23:40:00,0.9600411739967434,False
2022-06-29 23:50:00,1.0526100454810583,False
2022-06-30 00:00:00,0.9475117732694811,False
2022-06-30 00:10:00,1.1766917727722617,False
2022-06-30 00:20:00,1.0586060620938718,False
2022-06-30 00:30:00,0.9711509803995525,False
2022-06-30 00:40:00,0.7921707672589842,False
2022-06-30 00:50:00,1.0568691054843966,False
2022-06-30 01:00:00,1.1021118761641473,False
2022-06-30 01:10:00,1.0316704149351985,False
2022-06-30 01:20:00,1.0621534960765984,False
2022-06-30 01:30:00,1.143367165757249,False
2022-06-30 01:40:00,1.0025803435332556,False
2022-06-30 01:50:00,1.1353031086799537,False
2022-06-30 02:00:00,1.0463659419938864,False
2022-06-30 02:10:00,0.9434262241686966,False
2022-06-30 02:20:00,0.9653022240402901,False
2022-06-30 02:30:00,1.0355240349147037,False
2022-06-30 02:40:00,1.0690913224398906,False
2022-06-30 02:50:00,0.9916713605746929,False
2022-06-30 03:00:00,1.1366664953013306,False
2022-06-30 03:10:00,,False
2022-06-30 03:20:00,0.9285016656615299,False
2022-06-30 03:30:00,0.9953043981910342,False
2022-06-30 03:40:00,1.015906249777107,False
2022-06-30 03:50:00,1.0666715393448394,False
2022-06-30 04:00:00,1.0703911606207555,False
2022-06-30 04:10:00,0.9837727841552791,False
2022-06-30 04:20:00,0.9911173572732844,False
2022-06-30 04:30:00,1.0841656877804668,False
2022-06-30 04:40:00,1.0339392812980377,False
2022-06-30 04:50:00,1.041398584375724,False
2022-06-30 05:00:00,0.8327817501088566,False
2022-06-30 05:10:00,0.9553791540793629,False
2022-06-30 05:20:00,1.0103381133881313,False
2022-06-30 05:30:00,0.9680246637365769,False
2022-06-30 05:40:00,,False
2022-06-30 05:50:00,0.9677548999124381,False
2022-06-30 06:00:00,1.0327217587361799,False
2022-06-30 06:10:00,1.064673137908005,False
2022-06-30 06:20:00,0.7855373442478992,False
2022-06-30 06:30:00,1.013989063314261,False
2022-06-30 06:40:00,0.8333860369776216,False
2022-06-30 06:50:00,1.0513964837484124,False
2022-06-30 07:00:00,0.9168186922899217,False
2022-06-30 07:10:00,1.1888742720441652,False
2022-06-30 07:20:00,0.8973320465723773,False
2022-06-30 07:30:00,0.9615340561357688,False
2022-06-30 07:40:00,0.9037135243203099,False
2022-06-30 07:50:00,0.872231884463128,False
2022-06-30 08:00:00,1.0771506683618237,False
2022-06-30 08:10:00,0.9063092720017067,False
2022-06-30 08:20:00,1.0743662497326463,False
2022-06-30 08:30:00,0.9450499208798713,False
2022-06-30 08:40:00,1.0373856950643263,False
2022-06-30 08:50:00,1.0361834969800023,False
2022-06-30 09:00:00,1.0705237804458771,False
2022-06-30 09:10:00,1.0585832660594163,False
2022-06-30 09:20:00,,False
2022-06-30 09:30:00,1.137717681441558,False
2022-06-30 09:40:00,1.2064465114394036,False
2022-06-30 09:50:00,1.1381782704381995,False
2022-06-30 10:00:00,1.0186222795713844,False
2022-06-30 10:10:00,1.0934440559410148,False
2022-06-30 10:20:00,1.0076873264952606,False
2022-06-30 10:30:00,0.9152679746007149,False
2022-06-30 10:40:00,0.9367516443603988,False
2022-06-30 10:50:00,0.8323872079929773,False
2022-06-30 11:00:00,0.8973919727190467,False
2022-06-30 11:10:00,0.967013874346308,False
2022-06-30 11:20:00,0.7567500443823122,False
2022-06-30 11:30:00,1.0199927522908925,False
2022-06-30 11:40:00,1.0073201754328693,False
2022-06-30 11:50:00,1.1259528741849303,False
2022-06-30 12:00:00,0.8123861004443972,False
2022-06-30 12:10:00,1.0677332692570778,False
2022-06-30 12:20:00,1.0829986165452856,False
2022-06-30 12:30:00,0.9372467090096863,False
2022-06-30 12:40:00,1.158025261495938,False
2022-06-30 12:50:00,0.9777216529417915,False
2022-06-30 13:00:00,0.9921580241597384,False
2022-06-30 13:10:00,0.7824120032591465,False
2022-06-30 13:20:00,0.908772605787757,False
2022-06-30 13:30:00,1.0413731241580593,False
2022-06-30 13:40:00,1.1502555871983533,False
2022-06-30 13:50:00,1.0110951752065274,False
2022-06-30 14:00:00,0.8789605845238129,False
2022-06-30 14:10:00,0.9633163156693255,False
2022-06-30 14:20:00,1.0738023775795749,False
2022-06-30 14:30:00,1.1303956615738457,False
2022-06-30 14:40:00,0.8123730922864355,False
2022-06-30 14:50:00,1.0346256244776388,False
2022-06-30 15:00:00,,False
2022-06-30 15:10:00,,False
2022-06-30 15:20:00,,False
2022-06-30 15:30:00,0.9454037240602686,False
2022-06-30 15:40:00,1.0432698678671928,False
2022-06-30 15:50:00,0.9196715180174936,False
2022-06-30 16:00:00,0.8912555982744059,False
2022-06-30 16:10:00,1.090335713922417,False
2022-06-30 16:20:00,1.290977549592361,False
2022-06-30 16:30:00,1.0545730831523792,False
2022-06-30 16:40:00,0.7894577949335934,False
2022-06-30 16:50:00,1.1769556009122215,False
2022-06-30 17:00:00,1.0092469637309835,False
2022-06-30 17:10:00,1.0162833296609939,False
2022-06-30 17:20:00,0.9738027182690688,False
2022-06-30 17:30:00,0.8989540051068277,False
2022-06-30 17:40:00,0.9648036884604569,False
2022-06-30 17:50:00,0.9446863600398301,False
2022-06-30 18:00:00,1.0390829365375158,False
2022-06-30 18:10:00,1.0539592465914982,False
2022-06-30 18:20:00,1.2172616498704072,False
2022-06-30 18:30:00,0.9606633190684405,False
2022-06-30 18:40:00,1.001806526790415,False
2022-06-30 18:50:00,1.0059138491759663,False
2022-06-30 19:00:00,0.9607671136436988,False
2022-06-30 19:10:00,0.9815729835884534,False
2022-06-30 19:20:00,0.8201591059207707,False
2022-06-30 19:30:00,0.9646486883302782,False
2022-06-30 19:40:00,,False
2022-06-30 19:50:00,0.9372782127737942,False
2022-06-30 20:00:00,0.7749534697992145,False
2022-06-30 20:10:00,,False
2022-06-30 20:20:00,0.947485018417683,False
2022-06-30 20:30:00,0.9908937248102628,False
2022-06-30 20:40:00,0.9806341389794384,False
2022-06-30 20:50:00,1.1331682787018116,False
2022-06-30 21:00:00,0.8962023808482601,False
2022-06-30 21:10:00,1.0812770217847247,False
2022-06-30 21:20:00,1.040858831683823,False
2022-06-30 21:30:00,1.1393225875917987,False
2022-06-30 21:40:00,1.0809510715381578,False
2022-06-30 21:50:00,0.8697219493294666,False
2022-06-30 22:00:00,0.9315363756806828,False
2022-06-30 22:10:00,0.8910179594235055,False
2022-06-30 22:20:00,1.1271678804238672,False
2022-06-30 22:30:00,1.1459169198631158,False
2022-06-30 22:40:00,1.0338240878976133,False
2022-06-30 22:50:00,0.5613760640256356,False
2022-06-30 23:00:00,0.8954210458705029,False
2022-06-30 23:10:00,0.8808523983001754,False
2022-06-30 23:20:00,0.8980167753470609,False
2022-06-30 23:30:00,0.9037913445200166,False
2022-06-30 23:40:00,0.9250841730566485,False
2022-06-30 23:50:00,0.9330236737443877,False
2022-07-01 00:00:00,1.3016014534410263e-16,False
